     0.00011,  -0.0309045
 0.000110004,  -0.0306533
 0.000110008,   -0.030402
 0.000110012,   -0.030402
 0.000110016,   -0.030402
  0.00011002,  -0.0301508
 0.000110024,  -0.0296482
 0.000110028,  -0.0296482
 0.000110032,  -0.0298995
 0.000110036,   -0.029397
  0.00011004,  -0.0291457
 0.000110044,  -0.0291457
 0.000110048,  -0.0288945
 0.000110052,  -0.0286432
 0.000110056,   -0.028392
  0.00011006,  -0.0286432
 0.000110064,   -0.028392
 0.000110068,  -0.0278894
 0.000110072,  -0.0278894
 0.000110076,  -0.0278894
  0.00011008,  -0.0276382
 0.000110084,  -0.0273869
 0.000110088,  -0.0268844
 0.000110092,  -0.0271357
 0.000110096,  -0.0268844
   0.0001101,  -0.0263819
 0.000110104,  -0.0263819
 0.000110108,  -0.0261307
 0.000110112,  -0.0261307
 0.000110116,  -0.0256281
  0.00011012,  -0.0256281
 0.000110124,  -0.0258794
 0.000110128,  -0.0253769
 0.000110132,  -0.0251256
 0.000110136,  -0.0248744
  0.00011014,  -0.0251256
 0.000110144,  -0.0246231
 0.000110148,  -0.0243719
 0.000110152,  -0.0243719
 0.000110156,  -0.0243719
  0.00011016,  -0.0241206
 0.000110164,  -0.0238693
 0.000110168,  -0.0236181
 0.000110172,  -0.0233668
 0.000110176,  -0.0233668
  0.00011018,  -0.0231156
 0.000110184,  -0.0228643
 0.000110188,  -0.0226131
 0.000110192,  -0.0226131
 0.000110196,  -0.0221106
   0.0001102,  -0.0221106
 0.000110204,  -0.0221106
 0.000110208,   -0.021608
 0.000110212,   -0.021608
 0.000110216,  -0.0213568
  0.00011022,  -0.0213568
 0.000110224,  -0.0208543
 0.000110228,  -0.0208543
 0.000110232,   -0.020603
 0.000110236,   -0.020603
  0.00011024,  -0.0201005
 0.000110244,  -0.0201005
 0.000110248,  -0.0198492
 0.000110252,   -0.019598
 0.000110256,  -0.0193467
  0.00011026,  -0.0193467
 0.000110264,  -0.0190955
 0.000110268,  -0.0188442
 0.000110272,   -0.018593
 0.000110276,  -0.0183417
  0.00011028,  -0.0183417
 0.000110284,  -0.0180905
 0.000110288,  -0.0178392
 0.000110292,  -0.0175879
 0.000110296,  -0.0175879
   0.0001103,  -0.0173367
 0.000110304,  -0.0170854
 0.000110308,  -0.0168342
 0.000110312,  -0.0165829
 0.000110316,  -0.0163317
  0.00011032,  -0.0160804
 0.000110324,  -0.0160804
 0.000110328,  -0.0160804
 0.000110332,  -0.0155779
 0.000110336,  -0.0153266
  0.00011034,  -0.0150754
 0.000110344,  -0.0150754
 0.000110348,  -0.0148241
 0.000110352,  -0.0145729
 0.000110356,  -0.0145729
  0.00011036,  -0.0140704
 0.000110364,  -0.0138191
 0.000110368,  -0.0135678
 0.000110372,  -0.0135678
 0.000110376,  -0.0135678
  0.00011038,  -0.0130653
 0.000110384,  -0.0128141
 0.000110388,  -0.0128141
 0.000110392,  -0.0125628
 0.000110396,  -0.0123116
   0.0001104,  -0.0123116
 0.000110404,  -0.0120603
 0.000110408,   -0.011809
 0.000110412,  -0.0113065
 0.000110416,  -0.0115578
  0.00011042,  -0.0113065
 0.000110424,   -0.010804
 0.000110428,  -0.0105528
 0.000110432,  -0.0105528
 0.000110436,  -0.0105528
  0.00011044,  -0.0100503
 0.000110444,   -0.009799
 0.000110448,   -0.009799
 0.000110452, -0.00929648
 0.000110456, -0.00929648
  0.00011046, -0.00904523
 0.000110464, -0.00904523
 0.000110468, -0.00879397
 0.000110472, -0.00829146
 0.000110476, -0.00829146
  0.00011048, -0.00778894
 0.000110484, -0.00778894
 0.000110488, -0.00753769
 0.000110492, -0.00728643
 0.000110496, -0.00703518
   0.0001105, -0.00678392
 0.000110504, -0.00678392
 0.000110508, -0.00628141
 0.000110512, -0.00628141
 0.000110516, -0.00603015
  0.00011052, -0.00577889
 0.000110524, -0.00552764
 0.000110528, -0.00552764
 0.000110532, -0.00527638
 0.000110536, -0.00502513
  0.00011054, -0.00477387
 0.000110544, -0.00452261
 0.000110548, -0.00427136
 0.000110552,  -0.0040201
 0.000110556,  -0.0040201
  0.00011056, -0.00376884
 0.000110564, -0.00351759
 0.000110568, -0.00326633
 0.000110572, -0.00301508
 0.000110576, -0.00301508
  0.00011058, -0.00276382
 0.000110584, -0.00251256
 0.000110588, -0.00226131
 0.000110592, -0.00201005
 0.000110596, -0.00201005
   0.0001106, -0.00150754
 0.000110604, -0.00150754
 0.000110608, -0.00125628
 0.000110612, -0.00100503
 0.000110616,-0.000753769
  0.00011062,-0.000753769
 0.000110624,-0.000502513
 0.000110628,           0
 0.000110632,           0
 0.000110636, 0.000251256
  0.00011064, 0.000753769
 0.000110644, 0.000753769
 0.000110648, 0.000753769
 0.000110652,  0.00100503
 0.000110656,  0.00150754
  0.00011066,  0.00175879
 0.000110664,  0.00150754
 0.000110668,  0.00175879
 0.000110672,  0.00201005
 0.000110676,  0.00251256
  0.00011068,  0.00251256
 0.000110684,  0.00251256
 0.000110688,  0.00301508
 0.000110692,  0.00301508
 0.000110696,  0.00326633
   0.0001107,  0.00351759
 0.000110704,   0.0040201
 0.000110708,   0.0040201
 0.000110712,   0.0040201
 0.000110716,  0.00427136
  0.00011072,  0.00477387
 0.000110724,  0.00502513
 0.000110728,  0.00502513
 0.000110732,  0.00527638
 0.000110736,  0.00552764
  0.00011074,  0.00577889
 0.000110744,  0.00603015
 0.000110748,  0.00603015
 0.000110752,  0.00628141
 0.000110756,  0.00653266
  0.00011076,  0.00678392
 0.000110764,  0.00703518
 0.000110768,  0.00728643
 0.000110772,  0.00753769
 0.000110776,  0.00753769
  0.00011078,  0.00778894
 0.000110784,  0.00829146
 0.000110788,   0.0080402
 0.000110792,  0.00829146
 0.000110796,  0.00854271
   0.0001108,  0.00879397
 0.000110804,  0.00904523
 0.000110808,  0.00904523
 0.000110812,  0.00954774
 0.000110816,  0.00954774
  0.00011082,  0.00954774
 0.000110824,   0.0100503
 0.000110828,   0.0103015
 0.000110832,   0.0103015
 0.000110836,   0.0103015
  0.00011084,    0.010804
 0.000110844,   0.0110553
 0.000110848,   0.0110553
 0.000110852,   0.0113065
 0.000110856,   0.0115578
  0.00011086,   0.0115578
 0.000110864,   0.0120603
 0.000110868,   0.0123116
 0.000110872,   0.0123116
 0.000110876,   0.0128141
  0.00011088,   0.0128141
 0.000110884,   0.0130653
 0.000110888,   0.0133166
 0.000110892,   0.0138191
 0.000110896,   0.0138191
   0.0001109,   0.0135678
 0.000110904,   0.0140704
 0.000110908,   0.0145729
 0.000110912,   0.0145729
 0.000110916,   0.0145729
  0.00011092,   0.0148241
 0.000110924,   0.0150754
 0.000110928,   0.0150754
 0.000110932,   0.0153266
 0.000110936,   0.0158291
  0.00011094,   0.0155779
 0.000110944,   0.0158291
 0.000110948,   0.0163317
 0.000110952,   0.0165829
 0.000110956,   0.0165829
  0.00011096,   0.0165829
 0.000110964,   0.0168342
 0.000110968,   0.0170854
 0.000110972,   0.0173367
 0.000110976,   0.0175879
  0.00011098,   0.0178392
 0.000110984,   0.0178392
 0.000110988,   0.0178392
 0.000110992,    0.018593
 0.000110996,    0.018593
    0.000111,    0.018593
 0.000111004,   0.0188442
 0.000111008,   0.0190955
 0.000111012,   0.0193467
 0.000111016,    0.019598
  0.00011102,    0.019598
 0.000111024,    0.019598
 0.000111028,   0.0198492
 0.000111032,   0.0201005
 0.000111036,   0.0203518
  0.00011104,    0.020603
 0.000111044,    0.020603
 0.000111048,   0.0208543
 0.000111052,   0.0211055
 0.000111056,   0.0213568
  0.00011106,    0.021608
 0.000111064,    0.021608
 0.000111068,    0.021608
 0.000111072,   0.0218593
 0.000111076,   0.0221106
  0.00011108,   0.0223618
 0.000111084,   0.0223618
 0.000111088,   0.0228643
 0.000111092,   0.0228643
 0.000111096,   0.0231156
   0.0001111,   0.0231156
 0.000111104,   0.0233668
 0.000111108,   0.0238693
 0.000111112,   0.0238693
 0.000111116,   0.0238693
  0.00011112,   0.0241206
 0.000111124,   0.0243719
 0.000111128,   0.0243719
 0.000111132,   0.0246231
 0.000111136,   0.0248744
  0.00011114,   0.0251256
 0.000111144,   0.0251256
 0.000111148,   0.0253769
 0.000111152,   0.0256281
 0.000111156,   0.0256281
  0.00011116,   0.0258794
 0.000111164,   0.0261307
 0.000111168,   0.0263819
 0.000111172,   0.0261307
 0.000111176,   0.0263819
  0.00011118,   0.0268844
 0.000111184,   0.0266332
 0.000111188,   0.0268844
 0.000111192,   0.0271357
 0.000111196,   0.0273869
   0.0001112,   0.0273869
 0.000111204,   0.0273869
 0.000111208,   0.0278894
 0.000111212,   0.0278894
 0.000111216,   0.0278894
  0.00011122,    0.028392
 0.000111224,    0.028392
 0.000111228,   0.0286432
 0.000111232,   0.0286432
 0.000111236,   0.0288945
  0.00011124,   0.0291457
 0.000111244,    0.029397
 0.000111248,    0.029397
 0.000111252,    0.029397
 0.000111256,   0.0298995
  0.00011126,   0.0298995
 0.000111264,   0.0301508
 0.000111268,   0.0301508
 0.000111272,   0.0301508
 0.000111276,   0.0306533
  0.00011128,   0.0306533
 0.000111284,   0.0309045
 0.000111288,   0.0311558
 0.000111292,   0.0309045
 0.000111296,   0.0311558
   0.0001113,    0.031407
 0.000111304,   0.0316583
 0.000111308,   0.0319095
 0.000111312,   0.0316583
 0.000111316,   0.0319095
  0.00011132,   0.0321608
 0.000111324,   0.0324121
 0.000111328,   0.0324121
 0.000111332,   0.0326633
 0.000111336,   0.0329146
  0.00011134,   0.0329146
 0.000111344,   0.0329146
 0.000111348,   0.0331658
 0.000111352,   0.0334171
 0.000111356,   0.0336683
  0.00011136,   0.0334171
 0.000111364,   0.0334171
 0.000111368,   0.0339196
 0.000111372,   0.0341709
 0.000111376,   0.0341709
  0.00011138,   0.0344221
 0.000111384,   0.0344221
 0.000111388,   0.0346734
 0.000111392,   0.0346734
 0.000111396,   0.0349246
   0.0001114,   0.0351759
 0.000111404,   0.0349246
 0.000111408,   0.0349246
 0.000111412,   0.0354271
 0.000111416,   0.0356784
  0.00011142,   0.0354271
 0.000111424,   0.0354271
 0.000111428,   0.0356784
 0.000111432,   0.0359296
 0.000111436,   0.0359296
  0.00011144,   0.0361809
 0.000111444,   0.0364322
 0.000111448,   0.0364322
 0.000111452,   0.0364322
 0.000111456,   0.0366834
  0.00011146,   0.0369347
 0.000111464,   0.0369347
 0.000111468,   0.0369347
 0.000111472,   0.0371859
 0.000111476,   0.0371859
  0.00011148,   0.0374372
 0.000111484,   0.0374372
 0.000111488,   0.0376884
 0.000111492,   0.0379397
 0.000111496,   0.0379397
   0.0001115,    0.038191
 0.000111504,    0.038191
 0.000111508,    0.038191
 0.000111512,    0.038191
 0.000111516,   0.0384422
  0.00011152,   0.0384422
 0.000111524,   0.0386935
 0.000111528,   0.0386935
 0.000111532,   0.0389447
 0.000111536,   0.0389447
  0.00011154,    0.039196
 0.000111544,    0.039196
 0.000111548,   0.0394472
 0.000111552,   0.0394472
 0.000111556,   0.0394472
  0.00011156,   0.0396985
 0.000111564,   0.0396985
 0.000111568,   0.0399497
 0.000111572,   0.0399497
 0.000111576,   0.0399497
  0.00011158,    0.040201
 0.000111584,    0.040201
 0.000111588,   0.0404523
 0.000111592,   0.0404523
 0.000111596,   0.0404523
   0.0001116,   0.0407035
 0.000111604,   0.0407035
 0.000111608,   0.0409548
 0.000111612,   0.0409548
 0.000111616,    0.041206
  0.00011162,    0.041206
 0.000111624,    0.041206
 0.000111628,    0.041206
 0.000111632,   0.0414573
 0.000111636,   0.0414573
  0.00011164,   0.0417085
 0.000111644,   0.0417085
 0.000111648,   0.0419598
 0.000111652,   0.0419598
 0.000111656,   0.0417085
  0.00011166,   0.0422111
 0.000111664,   0.0422111
 0.000111668,   0.0422111
 0.000111672,   0.0422111
 0.000111676,   0.0424623
  0.00011168,   0.0427136
 0.000111684,   0.0427136
 0.000111688,   0.0429648
 0.000111692,   0.0429648
 0.000111696,   0.0432161
   0.0001117,   0.0429648
 0.000111704,   0.0429648
 0.000111708,   0.0432161
 0.000111712,   0.0434673
 0.000111716,   0.0432161
  0.00011172,   0.0432161
 0.000111724,   0.0434673
 0.000111728,   0.0437186
 0.000111732,   0.0434673
 0.000111736,   0.0437186
  0.00011174,   0.0437186
 0.000111744,   0.0439698
 0.000111748,   0.0437186
 0.000111752,   0.0439698
 0.000111756,   0.0442211
  0.00011176,   0.0442211
 0.000111764,   0.0442211
 0.000111768,   0.0444724
 0.000111772,   0.0447236
 0.000111776,   0.0444724
  0.00011178,   0.0444724
 0.000111784,   0.0447236
 0.000111788,   0.0447236
 0.000111792,   0.0447236
 0.000111796,   0.0447236
   0.0001118,   0.0447236
 0.000111804,   0.0449749
 0.000111808,   0.0449749
 0.000111812,   0.0449749
 0.000111816,   0.0452261
  0.00011182,   0.0452261
 0.000111824,   0.0449749
 0.000111828,   0.0449749
 0.000111832,   0.0452261
 0.000111836,   0.0452261
  0.00011184,   0.0452261
 0.000111844,   0.0454774
 0.000111848,   0.0457286
 0.000111852,   0.0454774
 0.000111856,   0.0454774
  0.00011186,   0.0454774
 0.000111864,   0.0459799
 0.000111868,   0.0457286
 0.000111872,   0.0457286
 0.000111876,   0.0462312
  0.00011188,   0.0459799
 0.000111884,   0.0459799
 0.000111888,   0.0459799
 0.000111892,   0.0462312
 0.000111896,   0.0462312
   0.0001119,   0.0462312
 0.000111904,   0.0462312
 0.000111908,   0.0462312
 0.000111912,   0.0464824
 0.000111916,   0.0464824
  0.00011192,   0.0464824
 0.000111924,   0.0464824
 0.000111928,   0.0464824
 0.000111932,   0.0467337
 0.000111936,   0.0467337
  0.00011194,   0.0467337
 0.000111944,   0.0467337
 0.000111948,   0.0467337
 0.000111952,   0.0467337
 0.000111956,   0.0469849
  0.00011196,   0.0469849
 0.000111964,   0.0469849
 0.000111968,   0.0469849
 0.000111972,   0.0469849
 0.000111976,   0.0469849
  0.00011198,   0.0472362
 0.000111984,   0.0472362
 0.000111988,   0.0469849
 0.000111992,   0.0472362
 0.000111996,   0.0472362
    0.000112,   0.0472362
 0.000112004,   0.0474874
 0.000112008,   0.0474874
 0.000112012,   0.0474874
 0.000112016,   0.0472362
  0.00011202,   0.0474874
 0.000112024,   0.0477387
 0.000112028,   0.0474874
 0.000112032,   0.0474874
 0.000112036,   0.0477387
  0.00011204,   0.0474874
 0.000112044,   0.0474874
 0.000112048,   0.0477387
 0.000112052,   0.0479899
 0.000112056,   0.0477387
  0.00011206,   0.0474874
 0.000112064,   0.0477387
 0.000112068,   0.0479899
 0.000112072,   0.0479899
 0.000112076,   0.0477387
  0.00011208,   0.0479899
 0.000112084,   0.0479899
 0.000112088,   0.0479899
 0.000112092,   0.0479899
 0.000112096,   0.0482412
   0.0001121,   0.0479899
 0.000112104,   0.0479899
 0.000112108,   0.0479899
 0.000112112,   0.0482412
 0.000112116,   0.0482412
  0.00011212,   0.0479899
 0.000112124,   0.0479899
 0.000112128,   0.0482412
 0.000112132,   0.0482412
 0.000112136,   0.0482412
  0.00011214,   0.0479899
 0.000112144,   0.0479899
 0.000112148,   0.0482412
 0.000112152,   0.0482412
 0.000112156,   0.0484925
  0.00011216,   0.0482412
 0.000112164,   0.0482412
 0.000112168,   0.0482412
 0.000112172,   0.0482412
 0.000112176,   0.0484925
  0.00011218,   0.0482412
 0.000112184,   0.0484925
 0.000112188,   0.0484925
 0.000112192,   0.0482412
 0.000112196,   0.0482412
   0.0001122,   0.0484925
 0.000112204,   0.0484925
 0.000112208,   0.0482412
 0.000112212,   0.0484925
 0.000112216,   0.0482412
  0.00011222,   0.0484925
 0.000112224,   0.0484925
 0.000112228,   0.0484925
 0.000112232,   0.0482412
 0.000112236,   0.0482412
  0.00011224,   0.0487437
 0.000112244,   0.0484925
 0.000112248,   0.0482412
 0.000112252,   0.0482412
 0.000112256,   0.0484925
  0.00011226,   0.0484925
 0.000112264,   0.0482412
 0.000112268,   0.0484925
 0.000112272,   0.0482412
 0.000112276,   0.0482412
  0.00011228,   0.0482412
 0.000112284,   0.0484925
 0.000112288,   0.0484925
 0.000112292,   0.0479899
 0.000112296,   0.0482412
   0.0001123,   0.0484925
 0.000112304,   0.0484925
 0.000112308,   0.0482412
 0.000112312,   0.0482412
 0.000112316,   0.0482412
  0.00011232,   0.0482412
 0.000112324,   0.0479899
 0.000112328,   0.0482412
 0.000112332,   0.0482412
 0.000112336,   0.0482412
  0.00011234,   0.0482412
 0.000112344,   0.0482412
 0.000112348,   0.0482412
 0.000112352,   0.0482412
 0.000112356,   0.0482412
  0.00011236,   0.0482412
 0.000112364,   0.0482412
 0.000112368,   0.0482412
 0.000112372,   0.0482412
 0.000112376,   0.0482412
  0.00011238,   0.0482412
 0.000112384,   0.0482412
 0.000112388,   0.0482412
 0.000112392,   0.0482412
 0.000112396,   0.0482412
   0.0001124,   0.0479899
 0.000112404,   0.0479899
 0.000112408,   0.0482412
 0.000112412,   0.0479899
 0.000112416,   0.0477387
  0.00011242,   0.0479899
 0.000112424,   0.0479899
 0.000112428,   0.0479899
 0.000112432,   0.0477387
 0.000112436,   0.0479899
  0.00011244,   0.0477387
 0.000112444,   0.0477387
 0.000112448,   0.0479899
 0.000112452,   0.0479899
 0.000112456,   0.0477387
  0.00011246,   0.0474874
 0.000112464,   0.0477387
 0.000112468,   0.0479899
 0.000112472,   0.0477387
 0.000112476,   0.0477387
  0.00011248,   0.0477387
 0.000112484,   0.0477387
 0.000112488,   0.0477387
 0.000112492,   0.0474874
 0.000112496,   0.0477387
   0.0001125,   0.0477387
 0.000112504,   0.0474874
 0.000112508,   0.0472362
 0.000112512,   0.0474874
 0.000112516,   0.0474874
  0.00011252,   0.0474874
 0.000112524,   0.0472362
 0.000112528,   0.0474874
 0.000112532,   0.0474874
 0.000112536,   0.0472362
  0.00011254,   0.0472362
 0.000112544,   0.0472362
 0.000112548,   0.0472362
 0.000112552,   0.0469849
 0.000112556,   0.0472362
  0.00011256,   0.0472362
 0.000112564,   0.0469849
 0.000112568,   0.0469849
 0.000112572,   0.0472362
 0.000112576,   0.0469849
  0.00011258,   0.0469849
 0.000112584,   0.0469849
 0.000112588,   0.0469849
 0.000112592,   0.0467337
 0.000112596,   0.0467337
   0.0001126,   0.0469849
 0.000112604,   0.0467337
 0.000112608,   0.0467337
 0.000112612,   0.0467337
 0.000112616,   0.0467337
  0.00011262,   0.0464824
 0.000112624,   0.0464824
 0.000112628,   0.0464824
 0.000112632,   0.0464824
 0.000112636,   0.0464824
  0.00011264,   0.0464824
 0.000112644,   0.0462312
 0.000112648,   0.0464824
 0.000112652,   0.0462312
 0.000112656,   0.0462312
  0.00011266,   0.0462312
 0.000112664,   0.0459799
 0.000112668,   0.0459799
 0.000112672,   0.0459799
 0.000112676,   0.0457286
  0.00011268,   0.0459799
 0.000112684,   0.0457286
 0.000112688,   0.0457286
 0.000112692,   0.0457286
 0.000112696,   0.0457286
   0.0001127,   0.0454774
 0.000112704,   0.0454774
 0.000112708,   0.0454774
 0.000112712,   0.0454774
 0.000112716,   0.0452261
  0.00011272,   0.0452261
 0.000112724,   0.0454774
 0.000112728,   0.0452261
 0.000112732,   0.0452261
 0.000112736,   0.0449749
  0.00011274,   0.0449749
 0.000112744,   0.0449749
 0.000112748,   0.0449749
 0.000112752,   0.0449749
 0.000112756,   0.0447236
  0.00011276,   0.0447236
 0.000112764,   0.0447236
 0.000112768,   0.0447236
 0.000112772,   0.0444724
 0.000112776,   0.0444724
  0.00011278,   0.0444724
 0.000112784,   0.0444724
 0.000112788,   0.0444724
 0.000112792,   0.0444724
 0.000112796,   0.0439698
   0.0001128,   0.0439698
 0.000112804,   0.0442211
 0.000112808,   0.0442211
 0.000112812,   0.0439698
 0.000112816,   0.0437186
  0.00011282,   0.0439698
 0.000112824,   0.0439698
 0.000112828,   0.0437186
 0.000112832,   0.0437186
 0.000112836,   0.0439698
  0.00011284,   0.0437186
 0.000112844,   0.0434673
 0.000112848,   0.0434673
 0.000112852,   0.0434673
 0.000112856,   0.0432161
  0.00011286,   0.0429648
 0.000112864,   0.0432161
 0.000112868,   0.0432161
 0.000112872,   0.0429648
 0.000112876,   0.0427136
  0.00011288,   0.0429648
 0.000112884,   0.0429648
 0.000112888,   0.0427136
 0.000112892,   0.0424623
 0.000112896,   0.0427136
   0.0001129,   0.0427136
 0.000112904,   0.0422111
 0.000112908,   0.0422111
 0.000112912,   0.0424623
 0.000112916,   0.0422111
  0.00011292,   0.0419598
 0.000112924,   0.0419598
 0.000112928,   0.0419598
 0.000112932,   0.0419598
 0.000112936,   0.0417085
  0.00011294,   0.0417085
 0.000112944,   0.0417085
 0.000112948,   0.0414573
 0.000112952,   0.0414573
 0.000112956,   0.0414573
  0.00011296,   0.0414573
 0.000112964,   0.0414573
 0.000112968,    0.041206
 0.000112972,    0.041206
 0.000112976,    0.041206
  0.00011298,   0.0409548
 0.000112984,   0.0407035
 0.000112988,   0.0407035
 0.000112992,   0.0407035
 0.000112996,   0.0409548
    0.000113,   0.0404523
 0.000113004,   0.0404523
 0.000113008,   0.0404523
 0.000113012,    0.040201
 0.000113016,   0.0399497
  0.00011302,   0.0399497
 0.000113024,    0.040201
 0.000113028,   0.0399497
 0.000113032,   0.0396985
 0.000113036,   0.0396985
  0.00011304,   0.0399497
 0.000113044,   0.0396985
 0.000113048,   0.0394472
 0.000113052,   0.0394472
 0.000113056,   0.0394472
  0.00011306,    0.039196
 0.000113064,    0.039196
 0.000113068,   0.0389447
 0.000113072,   0.0389447
 0.000113076,   0.0386935
  0.00011308,   0.0386935
 0.000113084,   0.0386935
 0.000113088,   0.0386935
 0.000113092,   0.0384422
 0.000113096,    0.038191
   0.0001131,   0.0384422
 0.000113104,   0.0384422
 0.000113108,   0.0379397
 0.000113112,   0.0379397
 0.000113116,    0.038191
  0.00011312,   0.0379397
 0.000113124,   0.0376884
 0.000113128,   0.0376884
 0.000113132,   0.0376884
 0.000113136,   0.0374372
  0.00011314,   0.0371859
 0.000113144,   0.0374372
 0.000113148,   0.0374372
 0.000113152,   0.0371859
 0.000113156,   0.0366834
  0.00011316,   0.0369347
 0.000113164,   0.0369347
 0.000113168,   0.0366834
 0.000113172,   0.0364322
 0.000113176,   0.0364322
  0.00011318,   0.0364322
 0.000113184,   0.0359296
 0.000113188,   0.0361809
 0.000113192,   0.0361809
 0.000113196,   0.0359296
   0.0001132,   0.0356784
 0.000113204,   0.0356784
 0.000113208,   0.0356784
 0.000113212,   0.0356784
 0.000113216,   0.0354271
  0.00011322,   0.0351759
 0.000113224,   0.0354271
 0.000113228,   0.0351759
 0.000113232,   0.0349246
 0.000113236,   0.0349246
  0.00011324,   0.0349246
 0.000113244,   0.0346734
 0.000113248,   0.0344221
 0.000113252,   0.0344221
 0.000113256,   0.0344221
  0.00011326,   0.0341709
 0.000113264,   0.0339196
 0.000113268,   0.0341709
 0.000113272,   0.0339196
 0.000113276,   0.0336683
  0.00011328,   0.0334171
 0.000113284,   0.0334171
 0.000113288,   0.0334171
 0.000113292,   0.0331658
 0.000113296,   0.0331658
   0.0001133,   0.0331658
 0.000113304,   0.0329146
 0.000113308,   0.0329146
 0.000113312,   0.0326633
 0.000113316,   0.0326633
  0.00011332,   0.0324121
 0.000113324,   0.0324121
 0.000113328,   0.0324121
 0.000113332,   0.0321608
 0.000113336,   0.0321608
  0.00011334,   0.0319095
 0.000113344,   0.0319095
 0.000113348,   0.0319095
 0.000113352,   0.0316583
 0.000113356,    0.031407
  0.00011336,   0.0311558
 0.000113364,   0.0311558
 0.000113368,   0.0311558
 0.000113372,   0.0309045
 0.000113376,   0.0309045
  0.00011338,   0.0306533
 0.000113384,    0.030402
 0.000113388,    0.030402
 0.000113392,    0.030402
 0.000113396,    0.030402
   0.0001134,   0.0301508
 0.000113404,   0.0301508
 0.000113408,   0.0298995
 0.000113412,   0.0298995
 0.000113416,   0.0298995
  0.00011342,   0.0296482
 0.000113424,    0.029397
 0.000113428,    0.029397
 0.000113432,   0.0291457
 0.000113436,   0.0291457
  0.00011344,   0.0291457
 0.000113444,   0.0291457
 0.000113448,   0.0286432
 0.000113452,    0.028392
 0.000113456,    0.028392
  0.00011346,   0.0286432
 0.000113464,   0.0281407
 0.000113468,   0.0278894
 0.000113472,   0.0278894
 0.000113476,   0.0278894
  0.00011348,   0.0276382
 0.000113484,   0.0276382
 0.000113488,   0.0276382
 0.000113492,   0.0273869
 0.000113496,   0.0268844
   0.0001135,   0.0271357
 0.000113504,   0.0271357
 0.000113508,   0.0268844
 0.000113512,   0.0266332
 0.000113516,   0.0266332
  0.00011352,   0.0266332
 0.000113524,   0.0263819
 0.000113528,   0.0261307
 0.000113532,   0.0261307
 0.000113536,   0.0261307
  0.00011354,   0.0258794
 0.000113544,   0.0256281
 0.000113548,   0.0258794
 0.000113552,   0.0256281
 0.000113556,   0.0251256
  0.00011356,   0.0251256
 0.000113564,   0.0251256
 0.000113568,   0.0248744
 0.000113572,   0.0246231
 0.000113576,   0.0246231
  0.00011358,   0.0246231
 0.000113584,   0.0243719
 0.000113588,   0.0241206
 0.000113592,   0.0241206
 0.000113596,   0.0241206
   0.0001136,   0.0238693
 0.000113604,   0.0238693
 0.000113608,   0.0238693
 0.000113612,   0.0236181
 0.000113616,   0.0233668
  0.00011362,   0.0233668
 0.000113624,   0.0233668
 0.000113628,   0.0231156
 0.000113632,   0.0231156
 0.000113636,   0.0228643
  0.00011364,   0.0228643
 0.000113644,   0.0223618
 0.000113648,   0.0223618
 0.000113652,   0.0223618
 0.000113656,   0.0221106
  0.00011366,   0.0221106
 0.000113664,   0.0218593
 0.000113668,    0.021608
 0.000113672,    0.021608
 0.000113676,    0.021608
  0.00011368,   0.0213568
 0.000113684,   0.0211055
 0.000113688,   0.0211055
 0.000113692,   0.0211055
 0.000113696,   0.0208543
   0.0001137,    0.020603
 0.000113704,    0.020603
 0.000113708,    0.020603
 0.000113712,   0.0203518
 0.000113716,   0.0203518
  0.00011372,   0.0201005
 0.000113724,   0.0201005
 0.000113728,   0.0198492
 0.000113732,    0.019598
 0.000113736,    0.019598
  0.00011374,    0.019598
 0.000113744,   0.0193467
 0.000113748,   0.0190955
 0.000113752,   0.0190955
 0.000113756,   0.0188442
  0.00011376,   0.0188442
 0.000113764,    0.018593
 0.000113768,    0.018593
 0.000113772,   0.0183417
 0.000113776,   0.0183417
  0.00011378,   0.0180905
 0.000113784,   0.0178392
 0.000113788,   0.0178392
 0.000113792,   0.0175879
 0.000113796,   0.0175879
   0.0001138,   0.0175879
 0.000113804,   0.0173367
 0.000113808,   0.0170854
 0.000113812,   0.0170854
 0.000113816,   0.0168342
  0.00011382,   0.0170854
 0.000113824,   0.0165829
 0.000113828,   0.0165829
 0.000113832,   0.0165829
 0.000113836,   0.0163317
  0.00011384,   0.0163317
 0.000113844,   0.0160804
 0.000113848,   0.0160804
 0.000113852,   0.0158291
 0.000113856,   0.0155779
  0.00011386,   0.0155779
 0.000113864,   0.0155779
 0.000113868,   0.0153266
 0.000113872,   0.0150754
 0.000113876,   0.0150754
  0.00011388,   0.0148241
 0.000113884,   0.0148241
 0.000113888,   0.0145729
 0.000113892,   0.0145729
 0.000113896,   0.0143216
   0.0001139,   0.0140704
 0.000113904,   0.0143216
 0.000113908,   0.0140704
 0.000113912,   0.0138191
 0.000113916,   0.0135678
  0.00011392,   0.0133166
 0.000113924,   0.0133166
 0.000113928,   0.0130653
 0.000113932,   0.0130653
 0.000113936,   0.0130653
  0.00011394,   0.0128141
 0.000113944,   0.0125628
 0.000113948,   0.0125628
 0.000113952,   0.0125628
 0.000113956,   0.0123116
  0.00011396,   0.0120603
 0.000113964,   0.0120603
 0.000113968,   0.0120603
 0.000113972,   0.0120603
 0.000113976,    0.011809
  0.00011398,   0.0115578
 0.000113984,   0.0113065
 0.000113988,   0.0113065
 0.000113992,   0.0110553
 0.000113996,   0.0110553
    0.000114,    0.010804
 0.000114004,    0.010804
 0.000114008,    0.010804
 0.000114012,   0.0105528
 0.000114016,   0.0103015
  0.00011402,   0.0100503
 0.000114024,   0.0103015
 0.000114028,   0.0100503
 0.000114032,    0.009799
 0.000114036,    0.009799
  0.00011404,    0.009799
 0.000114044,  0.00954774
 0.000114048,  0.00929648
 0.000114052,  0.00929648
 0.000114056,  0.00929648
  0.00011406,  0.00904523
 0.000114064,  0.00904523
 0.000114068,  0.00879397
 0.000114072,  0.00879397
 0.000114076,  0.00829146
  0.00011408,  0.00829146
 0.000114084,  0.00854271
 0.000114088,  0.00829146
 0.000114092,   0.0080402
 0.000114096,  0.00778894
   0.0001141,   0.0080402
 0.000114104,  0.00778894
 0.000114108,  0.00753769
 0.000114112,  0.00753769
 0.000114116,  0.00728643
  0.00011412,  0.00703518
 0.000114124,  0.00703518
 0.000114128,  0.00703518
 0.000114132,  0.00703518
 0.000114136,  0.00653266
  0.00011414,  0.00653266
 0.000114144,  0.00628141
 0.000114148,  0.00628141
 0.000114152,  0.00603015
 0.000114156,  0.00603015
  0.00011416,  0.00603015
 0.000114164,  0.00577889
 0.000114168,  0.00552764
 0.000114172,  0.00552764
 0.000114176,  0.00552764
  0.00011418,  0.00527638
 0.000114184,  0.00527638
 0.000114188,  0.00502513
 0.000114192,  0.00477387
 0.000114196,  0.00477387
   0.0001142,  0.00477387
 0.000114204,  0.00452261
 0.000114208,  0.00427136
 0.000114212,  0.00427136
 0.000114216,  0.00427136
  0.00011422,   0.0040201
 0.000114224,   0.0040201
 0.000114228,   0.0040201
 0.000114232,  0.00376884
 0.000114236,  0.00351759
  0.00011424,  0.00351759
 0.000114244,  0.00351759
 0.000114248,  0.00326633
 0.000114252,  0.00301508
 0.000114256,  0.00301508
  0.00011426,  0.00276382
 0.000114264,  0.00276382
 0.000114268,  0.00251256
 0.000114272,  0.00251256
 0.000114276,  0.00251256
  0.00011428,  0.00226131
 0.000114284,  0.00201005
 0.000114288,  0.00201005
 0.000114292,  0.00201005
 0.000114296,  0.00175879
   0.0001143,  0.00150754
 0.000114304,  0.00150754
 0.000114308,  0.00150754
 0.000114312,  0.00125628
 0.000114316,  0.00100503
  0.00011432,  0.00125628
 0.000114324,  0.00100503
 0.000114328, 0.000753769
 0.000114332, 0.000753769
 0.000114336, 0.000753769
  0.00011434, 0.000502513
 0.000114344, 0.000251256
 0.000114348, 0.000502513
 0.000114352, 0.000502513
 0.000114356, 0.000251256
  0.00011436,           0
 0.000114364,           0
 0.000114368,           0
 0.000114372,-0.000251256
 0.000114376,-0.000502513
  0.00011438,-0.000502513
 0.000114384,-0.000502513
 0.000114388,-0.000753769
 0.000114392, -0.00100503
 0.000114396, -0.00100503
   0.0001144, -0.00125628
 0.000114404, -0.00150754
 0.000114408, -0.00150754
 0.000114412, -0.00150754
 0.000114416, -0.00150754
  0.00011442, -0.00201005
 0.000114424, -0.00201005
 0.000114428, -0.00201005
 0.000114432, -0.00201005
 0.000114436, -0.00226131
  0.00011444, -0.00251256
 0.000114444, -0.00251256
 0.000114448, -0.00276382
 0.000114452, -0.00276382
 0.000114456, -0.00276382
  0.00011446, -0.00276382
 0.000114464, -0.00301508
 0.000114468, -0.00326633
 0.000114472, -0.00326633
 0.000114476, -0.00326633
  0.00011448, -0.00326633
 0.000114484, -0.00351759
 0.000114488, -0.00376884
 0.000114492, -0.00376884
 0.000114496, -0.00376884
   0.0001145,  -0.0040201
 0.000114504,  -0.0040201
 0.000114508,  -0.0040201
 0.000114512, -0.00427136
 0.000114516, -0.00452261
  0.00011452, -0.00452261
 0.000114524, -0.00452261
 0.000114528, -0.00477387
 0.000114532, -0.00502513
 0.000114536, -0.00477387
  0.00011454, -0.00502513
 0.000114544, -0.00527638
 0.000114548, -0.00552764
 0.000114552, -0.00527638
 0.000114556, -0.00527638
  0.00011456, -0.00552764
 0.000114564, -0.00577889
 0.000114568, -0.00552764
 0.000114572, -0.00577889
 0.000114576, -0.00603015
  0.00011458, -0.00603015
 0.000114584, -0.00603015
 0.000114588, -0.00628141
 0.000114592, -0.00653266
 0.000114596, -0.00653266
   0.0001146, -0.00653266
 0.000114604, -0.00653266
 0.000114608, -0.00678392
 0.000114612, -0.00703518
 0.000114616, -0.00678392
  0.00011462, -0.00703518
 0.000114624, -0.00703518
 0.000114628, -0.00728643
 0.000114632, -0.00728643
 0.000114636, -0.00753769
  0.00011464, -0.00753769
 0.000114644, -0.00753769
 0.000114648, -0.00753769
 0.000114652, -0.00778894
 0.000114656,  -0.0080402
  0.00011466, -0.00778894
 0.000114664,  -0.0080402
 0.000114668, -0.00829146
 0.000114672, -0.00854271
 0.000114676, -0.00829146
  0.00011468, -0.00829146
 0.000114684, -0.00854271
 0.000114688, -0.00854271
 0.000114692, -0.00879397
 0.000114696, -0.00879397
   0.0001147, -0.00879397
 0.000114704, -0.00904523
 0.000114708, -0.00904523
 0.000114712, -0.00929648
 0.000114716, -0.00929648
  0.00011472, -0.00929648
 0.000114724, -0.00929648
 0.000114728, -0.00954774
 0.000114732,   -0.009799
 0.000114736,   -0.009799
  0.00011474, -0.00954774
 0.000114744,   -0.009799
 0.000114748,  -0.0100503
 0.000114752,  -0.0100503
 0.000114756,  -0.0100503
  0.00011476,  -0.0100503
 0.000114764,  -0.0103015
 0.000114768,  -0.0103015
 0.000114772,  -0.0103015
 0.000114776,  -0.0105528
  0.00011478,  -0.0105528
 0.000114784,  -0.0105528
 0.000114788,   -0.010804
 0.000114792,   -0.010804
 0.000114796,  -0.0110553
   0.0001148,  -0.0110553
 0.000114804,  -0.0110553
 0.000114808,  -0.0110553
 0.000114812,  -0.0113065
 0.000114816,  -0.0115578
  0.00011482,  -0.0115578
 0.000114824,  -0.0115578
 0.000114828,  -0.0115578
 0.000114832,  -0.0115578
 0.000114836,   -0.011809
  0.00011484,  -0.0120603
 0.000114844,  -0.0120603
 0.000114848,   -0.011809
 0.000114852,   -0.011809
 0.000114856,  -0.0123116
  0.00011486,  -0.0123116
 0.000114864,  -0.0123116
 0.000114868,  -0.0123116
 0.000114872,  -0.0125628
 0.000114876,  -0.0123116
  0.00011488,  -0.0123116
 0.000114884,  -0.0128141
 0.000114888,  -0.0128141
 0.000114892,  -0.0125628
 0.000114896,  -0.0125628
   0.0001149,  -0.0130653
 0.000114904,  -0.0130653
 0.000114908,  -0.0128141
 0.000114912,  -0.0130653
 0.000114916,  -0.0133166
  0.00011492,  -0.0133166
 0.000114924,  -0.0130653
 0.000114928,  -0.0133166
 0.000114932,  -0.0135678
 0.000114936,  -0.0135678
  0.00011494,  -0.0133166
 0.000114944,  -0.0135678
 0.000114948,  -0.0138191
 0.000114952,  -0.0135678
 0.000114956,  -0.0138191
  0.00011496,  -0.0138191
 0.000114964,  -0.0140704
 0.000114968,  -0.0138191
 0.000114972,  -0.0140704
 0.000114976,  -0.0140704
  0.00011498,  -0.0143216
 0.000114984,  -0.0143216
 0.000114988,  -0.0140704
 0.000114992,  -0.0145729
 0.000114996,  -0.0145729
    0.000115,  -0.0145729
 0.000115004,  -0.0145729
 0.000115008,  -0.0148241
 0.000115012,  -0.0148241
 0.000115016,  -0.0145729
  0.00011502,  -0.0145729
 0.000115024,  -0.0148241
 0.000115028,  -0.0150754
 0.000115032,  -0.0148241
 0.000115036,  -0.0150754
  0.00011504,  -0.0150754
 0.000115044,  -0.0150754
 0.000115048,  -0.0150754
 0.000115052,  -0.0153266
 0.000115056,  -0.0153266
  0.00011506,  -0.0153266
 0.000115064,  -0.0153266
 0.000115068,  -0.0153266
 0.000115072,  -0.0155779
 0.000115076,  -0.0155779
  0.00011508,  -0.0155779
 0.000115084,  -0.0155779
 0.000115088,  -0.0155779
 0.000115092,  -0.0158291
 0.000115096,  -0.0158291
   0.0001151,  -0.0158291
 0.000115104,  -0.0160804
 0.000115108,  -0.0160804
 0.000115112,  -0.0158291
 0.000115116,  -0.0160804
  0.00011512,  -0.0160804
 0.000115124,  -0.0160804
 0.000115128,  -0.0160804
 0.000115132,  -0.0160804
 0.000115136,  -0.0163317
  0.00011514,  -0.0163317
 0.000115144,  -0.0163317
 0.000115148,  -0.0163317
 0.000115152,  -0.0165829
 0.000115156,  -0.0165829
  0.00011516,  -0.0163317
 0.000115164,  -0.0165829
 0.000115168,  -0.0165829
 0.000115172,  -0.0165829
 0.000115176,  -0.0165829
  0.00011518,  -0.0168342
 0.000115184,  -0.0168342
 0.000115188,  -0.0168342
 0.000115192,  -0.0165829
 0.000115196,  -0.0168342
   0.0001152,  -0.0170854
 0.000115204,  -0.0168342
 0.000115208,  -0.0168342
 0.000115212,  -0.0168342
 0.000115216,  -0.0170854
  0.00011522,  -0.0170854
 0.000115224,  -0.0168342
 0.000115228,  -0.0173367
 0.000115232,  -0.0170854
 0.000115236,  -0.0170854
  0.00011524,  -0.0170854
 0.000115244,  -0.0173367
 0.000115248,  -0.0173367
 0.000115252,  -0.0170854
 0.000115256,  -0.0173367
  0.00011526,  -0.0173367
 0.000115264,  -0.0173367
 0.000115268,  -0.0173367
 0.000115272,  -0.0175879
 0.000115276,  -0.0175879
  0.00011528,  -0.0175879
 0.000115284,  -0.0175879
 0.000115288,  -0.0175879
 0.000115292,  -0.0178392
 0.000115296,  -0.0178392
   0.0001153,  -0.0175879
 0.000115304,  -0.0178392
 0.000115308,  -0.0178392
 0.000115312,  -0.0178392
 0.000115316,  -0.0178392
  0.00011532,  -0.0178392
 0.000115324,  -0.0178392
 0.000115328,  -0.0178392
 0.000115332,  -0.0178392
 0.000115336,  -0.0180905
  0.00011534,  -0.0178392
 0.000115344,  -0.0178392
 0.000115348,  -0.0178392
 0.000115352,  -0.0178392
 0.000115356,  -0.0178392
  0.00011536,  -0.0178392
 0.000115364,  -0.0178392
 0.000115368,  -0.0178392
 0.000115372,  -0.0178392
 0.000115376,  -0.0178392
  0.00011538,  -0.0178392
 0.000115384,  -0.0178392
 0.000115388,  -0.0180905
 0.000115392,  -0.0180905
 0.000115396,  -0.0178392
   0.0001154,  -0.0178392
 0.000115404,  -0.0180905
 0.000115408,  -0.0180905
 0.000115412,  -0.0180905
 0.000115416,  -0.0180905
  0.00011542,  -0.0183417
 0.000115424,  -0.0180905
 0.000115428,  -0.0180905
 0.000115432,  -0.0183417
 0.000115436,  -0.0183417
  0.00011544,  -0.0180905
 0.000115444,  -0.0180905
 0.000115448,   -0.018593
 0.000115452,  -0.0183417
 0.000115456,  -0.0180905
  0.00011546,  -0.0180905
 0.000115464,  -0.0183417
 0.000115468,  -0.0183417
 0.000115472,  -0.0183417
 0.000115476,  -0.0180905
  0.00011548,  -0.0180905
 0.000115484,  -0.0183417
 0.000115488,  -0.0183417
 0.000115492,  -0.0183417
 0.000115496,  -0.0183417
   0.0001155,  -0.0183417
 0.000115504,  -0.0183417
 0.000115508,  -0.0183417
 0.000115512,   -0.018593
 0.000115516,  -0.0183417
  0.00011552,  -0.0183417
 0.000115524,   -0.018593
 0.000115528,   -0.018593
 0.000115532,  -0.0183417
 0.000115536,   -0.018593
  0.00011554,   -0.018593
 0.000115544,   -0.018593
 0.000115548,  -0.0183417
 0.000115552,  -0.0183417
 0.000115556,   -0.018593
  0.00011556,   -0.018593
 0.000115564,   -0.018593
 0.000115568,  -0.0183417
 0.000115572,  -0.0183417
 0.000115576,  -0.0183417
  0.00011558,  -0.0183417
 0.000115584,   -0.018593
 0.000115588,  -0.0183417
 0.000115592,  -0.0180905
 0.000115596,  -0.0183417
   0.0001156,  -0.0183417
 0.000115604,  -0.0183417
 0.000115608,  -0.0180905
 0.000115612,  -0.0183417
 0.000115616,  -0.0183417
  0.00011562,  -0.0183417
 0.000115624,  -0.0183417
 0.000115628,  -0.0183417
 0.000115632,  -0.0180905
 0.000115636,  -0.0180905
  0.00011564,  -0.0180905
 0.000115644,  -0.0183417
 0.000115648,  -0.0180905
 0.000115652,  -0.0180905
 0.000115656,  -0.0180905
  0.00011566,  -0.0180905
 0.000115664,  -0.0180905
 0.000115668,  -0.0180905
 0.000115672,  -0.0180905
 0.000115676,  -0.0180905
  0.00011568,  -0.0180905
 0.000115684,  -0.0180905
 0.000115688,  -0.0180905
 0.000115692,  -0.0180905
 0.000115696,  -0.0180905
   0.0001157,  -0.0180905
 0.000115704,  -0.0180905
 0.000115708,  -0.0180905
 0.000115712,  -0.0180905
 0.000115716,  -0.0180905
  0.00011572,  -0.0180905
 0.000115724,  -0.0180905
 0.000115728,  -0.0180905
 0.000115732,  -0.0180905
 0.000115736,  -0.0180905
  0.00011574,  -0.0178392
 0.000115744,  -0.0178392
 0.000115748,  -0.0180905
 0.000115752,  -0.0178392
 0.000115756,  -0.0178392
  0.00011576,  -0.0175879
 0.000115764,  -0.0175879
 0.000115768,  -0.0178392
 0.000115772,  -0.0175879
 0.000115776,  -0.0175879
  0.00011578,  -0.0175879
 0.000115784,  -0.0173367
 0.000115788,  -0.0175879
 0.000115792,  -0.0175879
 0.000115796,  -0.0175879
   0.0001158,  -0.0175879
 0.000115804,  -0.0175879
 0.000115808,  -0.0173367
 0.000115812,  -0.0175879
 0.000115816,  -0.0175879
  0.00011582,  -0.0173367
 0.000115824,  -0.0173367
 0.000115828,  -0.0173367
 0.000115832,  -0.0175879
 0.000115836,  -0.0173367
  0.00011584,  -0.0173367
 0.000115844,  -0.0173367
 0.000115848,  -0.0170854
 0.000115852,  -0.0173367
 0.000115856,  -0.0173367
  0.00011586,  -0.0173367
 0.000115864,  -0.0170854
 0.000115868,  -0.0170854
 0.000115872,  -0.0173367
 0.000115876,  -0.0173367
  0.00011588,  -0.0170854
 0.000115884,  -0.0170854
 0.000115888,  -0.0170854
 0.000115892,  -0.0170854
 0.000115896,  -0.0170854
   0.0001159,  -0.0170854
 0.000115904,  -0.0170854
 0.000115908,  -0.0168342
 0.000115912,  -0.0168342
 0.000115916,  -0.0168342
  0.00011592,  -0.0168342
 0.000115924,  -0.0168342
 0.000115928,  -0.0165829
 0.000115932,  -0.0165829
 0.000115936,  -0.0168342
  0.00011594,  -0.0168342
 0.000115944,  -0.0165829
 0.000115948,  -0.0165829
 0.000115952,  -0.0165829
 0.000115956,  -0.0165829
  0.00011596,  -0.0165829
 0.000115964,  -0.0165829
 0.000115968,  -0.0165829
 0.000115972,  -0.0163317
 0.000115976,  -0.0163317
  0.00011598,  -0.0163317
 0.000115984,  -0.0163317
 0.000115988,  -0.0163317
 0.000115992,  -0.0160804
 0.000115996,  -0.0163317
    0.000116,  -0.0163317
 0.000116004,  -0.0160804
 0.000116008,  -0.0160804
 0.000116012,  -0.0160804
 0.000116016,  -0.0160804
  0.00011602,  -0.0160804
 0.000116024,  -0.0158291
 0.000116028,  -0.0158291
 0.000116032,  -0.0160804
 0.000116036,  -0.0158291
  0.00011604,  -0.0158291
 0.000116044,  -0.0158291
 0.000116048,  -0.0160804
 0.000116052,  -0.0158291
 0.000116056,  -0.0155779
  0.00011606,  -0.0158291
 0.000116064,  -0.0158291
 0.000116068,  -0.0155779
 0.000116072,  -0.0155779
 0.000116076,  -0.0155779
  0.00011608,  -0.0155779
 0.000116084,  -0.0153266
 0.000116088,  -0.0153266
 0.000116092,  -0.0153266
 0.000116096,  -0.0153266
   0.0001161,  -0.0150754
 0.000116104,  -0.0150754
 0.000116108,  -0.0153266
 0.000116112,  -0.0150754
 0.000116116,  -0.0150754
  0.00011612,  -0.0150754
 0.000116124,  -0.0153266
 0.000116128,  -0.0153266
 0.000116132,  -0.0148241
 0.000116136,  -0.0150754
  0.00011614,  -0.0150754
 0.000116144,  -0.0150754
 0.000116148,  -0.0148241
 0.000116152,  -0.0148241
 0.000116156,  -0.0148241
  0.00011616,  -0.0148241
 0.000116164,  -0.0148241
 0.000116168,  -0.0148241
 0.000116172,  -0.0148241
 0.000116176,  -0.0145729
  0.00011618,  -0.0145729
 0.000116184,  -0.0148241
 0.000116188,  -0.0148241
 0.000116192,  -0.0145729
 0.000116196,  -0.0145729
   0.0001162,  -0.0145729
 0.000116204,  -0.0143216
 0.000116208,  -0.0143216
 0.000116212,  -0.0143216
 0.000116216,  -0.0143216
  0.00011622,  -0.0143216
 0.000116224,  -0.0143216
 0.000116228,  -0.0143216
 0.000116232,  -0.0143216
 0.000116236,  -0.0140704
  0.00011624,  -0.0138191
 0.000116244,  -0.0140704
 0.000116248,  -0.0140704
 0.000116252,  -0.0140704
 0.000116256,  -0.0138191
  0.00011626,  -0.0138191
 0.000116264,  -0.0138191
 0.000116268,  -0.0135678
 0.000116272,  -0.0135678
 0.000116276,  -0.0138191
  0.00011628,  -0.0138191
 0.000116284,  -0.0138191
 0.000116288,  -0.0138191
 0.000116292,  -0.0138191
 0.000116296,  -0.0138191
   0.0001163,  -0.0135678
 0.000116304,  -0.0135678
 0.000116308,  -0.0135678
 0.000116312,  -0.0135678
 0.000116316,  -0.0135678
  0.00011632,  -0.0138191
 0.000116324,  -0.0138191
 0.000116328,  -0.0138191
 0.000116332,  -0.0133166
 0.000116336,  -0.0133166
  0.00011634,  -0.0135678
 0.000116344,  -0.0135678
 0.000116348,  -0.0133166
 0.000116352,  -0.0130653
 0.000116356,  -0.0133166
  0.00011636,  -0.0133166
 0.000116364,  -0.0133166
 0.000116368,  -0.0133166
 0.000116372,  -0.0133166
 0.000116376,  -0.0130653
  0.00011638,  -0.0130653
 0.000116384,  -0.0130653
 0.000116388,  -0.0130653
 0.000116392,  -0.0130653
 0.000116396,  -0.0128141
   0.0001164,  -0.0130653
 0.000116404,  -0.0128141
 0.000116408,  -0.0128141
 0.000116412,  -0.0128141
 0.000116416,  -0.0128141
  0.00011642,  -0.0128141
 0.000116424,  -0.0128141
 0.000116428,  -0.0128141
 0.000116432,  -0.0128141
 0.000116436,  -0.0125628
  0.00011644,  -0.0125628
 0.000116444,  -0.0128141
 0.000116448,  -0.0125628
 0.000116452,  -0.0125628
 0.000116456,  -0.0125628
  0.00011646,  -0.0125628
 0.000116464,  -0.0125628
 0.000116468,  -0.0125628
 0.000116472,  -0.0125628
 0.000116476,  -0.0125628
  0.00011648,  -0.0123116
 0.000116484,  -0.0125628
 0.000116488,  -0.0123116
 0.000116492,  -0.0123116
 0.000116496,  -0.0125628
   0.0001165,  -0.0123116
 0.000116504,  -0.0120603
 0.000116508,  -0.0123116
 0.000116512,  -0.0123116
 0.000116516,  -0.0120603
  0.00011652,  -0.0120603
 0.000116524,  -0.0120603
 0.000116528,  -0.0120603
 0.000116532,  -0.0120603
 0.000116536,  -0.0120603
  0.00011654,  -0.0120603
 0.000116544,   -0.011809
 0.000116548,   -0.011809
 0.000116552,   -0.011809
 0.000116556,   -0.011809
  0.00011656,   -0.011809
 0.000116564,   -0.011809
 0.000116568,   -0.011809
 0.000116572,  -0.0120603
 0.000116576,   -0.011809
  0.00011658,   -0.011809
 0.000116584,  -0.0115578
 0.000116588,   -0.011809
 0.000116592,   -0.011809
 0.000116596,  -0.0115578
   0.0001166,   -0.011809
 0.000116604,  -0.0115578
 0.000116608,  -0.0115578
 0.000116612,  -0.0115578
 0.000116616,  -0.0115578
  0.00011662,  -0.0115578
 0.000116624,  -0.0113065
 0.000116628,  -0.0113065
 0.000116632,  -0.0115578
 0.000116636,  -0.0115578
  0.00011664,  -0.0113065
 0.000116644,  -0.0113065
 0.000116648,  -0.0113065
 0.000116652,  -0.0115578
 0.000116656,  -0.0113065
  0.00011666,  -0.0113065
 0.000116664,  -0.0113065
 0.000116668,  -0.0113065
 0.000116672,  -0.0113065
 0.000116676,  -0.0113065
  0.00011668,  -0.0113065
 0.000116684,  -0.0113065
 0.000116688,  -0.0110553
 0.000116692,  -0.0110553
 0.000116696,  -0.0113065
   0.0001167,  -0.0113065
 0.000116704,  -0.0110553
 0.000116708,  -0.0110553
 0.000116712,  -0.0110553
 0.000116716,  -0.0110553
  0.00011672,  -0.0110553
 0.000116724,   -0.010804
 0.000116728,  -0.0110553
 0.000116732,  -0.0110553
 0.000116736,   -0.010804
  0.00011674,  -0.0110553
 0.000116744,  -0.0110553
 0.000116748,   -0.010804
 0.000116752,   -0.010804
 0.000116756,   -0.010804
  0.00011676,  -0.0110553
 0.000116764,   -0.010804
 0.000116768,   -0.010804
 0.000116772,   -0.010804
 0.000116776,  -0.0110553
  0.00011678,   -0.010804
 0.000116784,  -0.0105528
 0.000116788,   -0.010804
 0.000116792,   -0.010804
 0.000116796,   -0.010804
   0.0001168,  -0.0105528
 0.000116804,  -0.0105528
 0.000116808,  -0.0105528
 0.000116812,  -0.0105528
 0.000116816,  -0.0105528
  0.00011682,  -0.0105528
 0.000116824,   -0.010804
 0.000116828,  -0.0103015
 0.000116832,  -0.0105528
 0.000116836,   -0.010804
  0.00011684,   -0.010804
 0.000116844,  -0.0105528
 0.000116848,  -0.0103015
 0.000116852,  -0.0105528
 0.000116856,  -0.0105528
  0.00011686,  -0.0105528
 0.000116864,  -0.0105528
 0.000116868,  -0.0103015
 0.000116872,  -0.0103015
 0.000116876,  -0.0103015
  0.00011688,  -0.0103015
 0.000116884,  -0.0105528
 0.000116888,  -0.0103015
 0.000116892,  -0.0103015
 0.000116896,  -0.0103015
   0.0001169,  -0.0103015
 0.000116904,  -0.0105528
 0.000116908,  -0.0100503
 0.000116912,  -0.0103015
 0.000116916,  -0.0103015
  0.00011692,  -0.0103015
 0.000116924,  -0.0100503
 0.000116928,  -0.0103015
 0.000116932,  -0.0103015
 0.000116936,  -0.0100503
  0.00011694,  -0.0100503
 0.000116944,  -0.0100503
 0.000116948,  -0.0100503
 0.000116952,   -0.009799
 0.000116956,  -0.0100503
  0.00011696,  -0.0100503
 0.000116964,  -0.0100503
 0.000116968,   -0.009799
 0.000116972,   -0.009799
 0.000116976,  -0.0100503
  0.00011698,  -0.0100503
 0.000116984,   -0.009799
 0.000116988,   -0.009799
 0.000116992,  -0.0100503
 0.000116996,   -0.009799
    0.000117,   -0.009799
 0.000117004,  -0.0100503
 0.000117008,  -0.0100503
 0.000117012, -0.00954774
 0.000117016, -0.00954774
  0.00011702,   -0.009799
 0.000117024,   -0.009799
 0.000117028, -0.00954774
 0.000117032, -0.00954774
 0.000117036,   -0.009799
  0.00011704, -0.00954774
 0.000117044, -0.00954774
 0.000117048, -0.00954774
 0.000117052, -0.00954774
 0.000117056, -0.00929648
  0.00011706, -0.00929648
 0.000117064, -0.00954774
 0.000117068, -0.00954774
 0.000117072, -0.00929648
 0.000117076, -0.00929648
  0.00011708, -0.00954774
 0.000117084, -0.00929648
 0.000117088, -0.00929648
 0.000117092, -0.00929648
 0.000117096, -0.00929648
   0.0001171, -0.00929648
 0.000117104, -0.00904523
 0.000117108, -0.00904523
 0.000117112, -0.00904523
 0.000117116, -0.00904523
  0.00011712, -0.00929648
 0.000117124, -0.00929648
 0.000117128, -0.00904523
 0.000117132, -0.00904523
 0.000117136, -0.00904523
  0.00011714, -0.00904523
 0.000117144, -0.00904523
 0.000117148, -0.00879397
 0.000117152, -0.00879397
 0.000117156, -0.00879397
  0.00011716, -0.00879397
 0.000117164, -0.00904523
 0.000117168, -0.00904523
 0.000117172, -0.00879397
 0.000117176, -0.00879397
  0.00011718, -0.00879397
 0.000117184, -0.00904523
 0.000117188, -0.00879397
 0.000117192, -0.00879397
 0.000117196, -0.00879397
   0.0001172, -0.00854271
 0.000117204, -0.00879397
 0.000117208, -0.00879397
 0.000117212, -0.00879397
 0.000117216, -0.00854271
  0.00011722, -0.00854271
 0.000117224, -0.00879397
 0.000117228, -0.00854271
 0.000117232, -0.00854271
 0.000117236, -0.00879397
  0.00011724, -0.00854271
 0.000117244, -0.00829146
 0.000117248, -0.00854271
 0.000117252, -0.00854271
 0.000117256, -0.00854271
  0.00011726,  -0.0080402
 0.000117264, -0.00829146
 0.000117268, -0.00854271
 0.000117272, -0.00829146
 0.000117276, -0.00829146
  0.00011728, -0.00829146
 0.000117284, -0.00854271
 0.000117288, -0.00854271
 0.000117292,  -0.0080402
 0.000117296, -0.00829146
   0.0001173, -0.00829146
 0.000117304,  -0.0080402
 0.000117308,  -0.0080402
 0.000117312, -0.00829146
 0.000117316, -0.00829146
  0.00011732,  -0.0080402
 0.000117324, -0.00778894
 0.000117328, -0.00829146
 0.000117332, -0.00829146
 0.000117336,  -0.0080402
  0.00011734, -0.00778894
 0.000117344,  -0.0080402
 0.000117348,  -0.0080402
 0.000117352, -0.00778894
 0.000117356, -0.00778894
  0.00011736,  -0.0080402
 0.000117364, -0.00778894
 0.000117368, -0.00778894
 0.000117372, -0.00778894
 0.000117376, -0.00778894
  0.00011738, -0.00778894
 0.000117384, -0.00753769
 0.000117388, -0.00753769
 0.000117392, -0.00778894
 0.000117396, -0.00778894
   0.0001174, -0.00753769
 0.000117404, -0.00753769
 0.000117408, -0.00778894
 0.000117412, -0.00753769
 0.000117416, -0.00753769
  0.00011742, -0.00753769
 0.000117424, -0.00778894
 0.000117428, -0.00753769
 0.000117432, -0.00753769
 0.000117436, -0.00753769
  0.00011744, -0.00753769
 0.000117444, -0.00728643
 0.000117448, -0.00728643
 0.000117452, -0.00728643
 0.000117456, -0.00753769
  0.00011746, -0.00728643
 0.000117464, -0.00728643
 0.000117468, -0.00728643
 0.000117472, -0.00728643
 0.000117476, -0.00728643
  0.00011748, -0.00728643
 0.000117484, -0.00728643
 0.000117488, -0.00728643
 0.000117492, -0.00703518
 0.000117496, -0.00703518
   0.0001175, -0.00728643
 0.000117504, -0.00703518
 0.000117508, -0.00678392
 0.000117512, -0.00703518
 0.000117516, -0.00703518
  0.00011752, -0.00703518
 0.000117524, -0.00678392
 0.000117528, -0.00678392
 0.000117532, -0.00703518
 0.000117536, -0.00703518
  0.00011754, -0.00678392
 0.000117544, -0.00703518
 0.000117548, -0.00703518
 0.000117552, -0.00703518
 0.000117556, -0.00678392
  0.00011756, -0.00703518
 0.000117564, -0.00703518
 0.000117568, -0.00678392
 0.000117572, -0.00678392
 0.000117576, -0.00703518
  0.00011758, -0.00703518
 0.000117584, -0.00678392
 0.000117588, -0.00653266
 0.000117592, -0.00678392
 0.000117596, -0.00678392
   0.0001176, -0.00678392
 0.000117604, -0.00653266
 0.000117608, -0.00678392
 0.000117612, -0.00653266
 0.000117616, -0.00653266
  0.00011762, -0.00653266
 0.000117624, -0.00678392
 0.000117628, -0.00678392
 0.000117632, -0.00628141
 0.000117636, -0.00653266
  0.00011764, -0.00653266
 0.000117644, -0.00653266
 0.000117648, -0.00628141
 0.000117652, -0.00628141
 0.000117656, -0.00653266
  0.00011766, -0.00653266
 0.000117664, -0.00628141
 0.000117668, -0.00653266
 0.000117672, -0.00653266
 0.000117676, -0.00653266
  0.00011768, -0.00628141
 0.000117684, -0.00628141
 0.000117688, -0.00678392
 0.000117692, -0.00628141
 0.000117696, -0.00603015
   0.0001177, -0.00653266
 0.000117704, -0.00653266
 0.000117708, -0.00628141
 0.000117712, -0.00628141
 0.000117716, -0.00628141
  0.00011772, -0.00653266
 0.000117724, -0.00603015
 0.000117728, -0.00603015
 0.000117732, -0.00628141
 0.000117736, -0.00603015
  0.00011774, -0.00603015
 0.000117744, -0.00603015
 0.000117748, -0.00628141
 0.000117752, -0.00603015
 0.000117756, -0.00577889
  0.00011776, -0.00603015
 0.000117764, -0.00603015
 0.000117768, -0.00603015
 0.000117772, -0.00577889
 0.000117776, -0.00603015
  0.00011778, -0.00603015
 0.000117784, -0.00577889
 0.000117788, -0.00603015
 0.000117792, -0.00603015
 0.000117796, -0.00603015
   0.0001178, -0.00577889
 0.000117804, -0.00577889
 0.000117808, -0.00603015
 0.000117812, -0.00577889
 0.000117816, -0.00577889
  0.00011782, -0.00577889
 0.000117824, -0.00577889
 0.000117828, -0.00577889
 0.000117832, -0.00577889
 0.000117836, -0.00603015
  0.00011784, -0.00603015
 0.000117844, -0.00603015
 0.000117848, -0.00577889
 0.000117852, -0.00577889
 0.000117856, -0.00603015
  0.00011786, -0.00603015
 0.000117864, -0.00577889
 0.000117868, -0.00577889
 0.000117872, -0.00603015
 0.000117876, -0.00603015
  0.00011788, -0.00603015
 0.000117884, -0.00603015
 0.000117888, -0.00603015
 0.000117892, -0.00603015
 0.000117896, -0.00577889
   0.0001179, -0.00603015
 0.000117904, -0.00603015
 0.000117908, -0.00577889
 0.000117912, -0.00577889
 0.000117916, -0.00577889
  0.00011792, -0.00603015
 0.000117924, -0.00577889
 0.000117928, -0.00577889
 0.000117932, -0.00603015
 0.000117936, -0.00577889
  0.00011794, -0.00577889
 0.000117944, -0.00577889
 0.000117948, -0.00603015
 0.000117952, -0.00603015
 0.000117956, -0.00577889
  0.00011796, -0.00577889
 0.000117964, -0.00603015
 0.000117968, -0.00577889
 0.000117972, -0.00577889
 0.000117976, -0.00577889
  0.00011798, -0.00603015
 0.000117984, -0.00603015
 0.000117988, -0.00577889
 0.000117992, -0.00577889
 0.000117996, -0.00603015
    0.000118, -0.00577889
 0.000118004, -0.00577889
 0.000118008, -0.00577889
 0.000118012, -0.00603015
 0.000118016, -0.00577889
  0.00011802, -0.00552764
 0.000118024, -0.00577889
 0.000118028, -0.00603015
 0.000118032, -0.00577889
 0.000118036, -0.00577889
  0.00011804, -0.00603015
 0.000118044, -0.00603015
 0.000118048, -0.00577889
 0.000118052, -0.00577889
 0.000118056, -0.00628141
  0.00011806, -0.00603015
 0.000118064, -0.00577889
 0.000118068, -0.00603015
 0.000118072, -0.00628141
 0.000118076, -0.00603015
  0.00011808, -0.00603015
 0.000118084, -0.00603015
 0.000118088, -0.00628141
 0.000118092, -0.00628141
 0.000118096, -0.00603015
   0.0001181, -0.00628141
 0.000118104, -0.00628141
 0.000118108, -0.00628141
 0.000118112, -0.00603015
 0.000118116, -0.00628141
  0.00011812, -0.00628141
 0.000118124, -0.00628141
 0.000118128, -0.00628141
 0.000118132, -0.00628141
 0.000118136, -0.00628141
  0.00011814, -0.00628141
 0.000118144, -0.00628141
 0.000118148, -0.00603015
 0.000118152, -0.00628141
 0.000118156, -0.00628141
  0.00011816, -0.00603015
 0.000118164, -0.00628141
 0.000118168, -0.00628141
 0.000118172, -0.00628141
 0.000118176, -0.00628141
  0.00011818, -0.00628141
 0.000118184, -0.00653266
 0.000118188, -0.00628141
 0.000118192, -0.00628141
 0.000118196, -0.00653266
   0.0001182, -0.00653266
 0.000118204, -0.00653266
 0.000118208, -0.00653266
 0.000118212, -0.00678392
 0.000118216, -0.00678392
  0.00011822, -0.00653266
 0.000118224, -0.00653266
 0.000118228, -0.00678392
 0.000118232, -0.00703518
 0.000118236, -0.00678392
  0.00011824, -0.00653266
 0.000118244, -0.00678392
 0.000118248, -0.00703518
 0.000118252, -0.00678392
 0.000118256, -0.00678392
  0.00011826, -0.00703518
 0.000118264, -0.00678392
 0.000118268, -0.00678392
 0.000118272, -0.00678392
 0.000118276, -0.00703518
  0.00011828, -0.00703518
 0.000118284, -0.00678392
 0.000118288, -0.00703518
 0.000118292, -0.00728643
 0.000118296, -0.00703518
   0.0001183, -0.00703518
 0.000118304, -0.00728643
 0.000118308, -0.00728643
 0.000118312, -0.00728643
 0.000118316, -0.00728643
  0.00011832, -0.00728643
 0.000118324, -0.00728643
 0.000118328, -0.00728643
 0.000118332, -0.00728643
 0.000118336, -0.00728643
  0.00011834, -0.00728643
 0.000118344, -0.00753769
 0.000118348, -0.00753769
 0.000118352, -0.00778894
 0.000118356, -0.00778894
  0.00011836, -0.00753769
 0.000118364, -0.00778894
 0.000118368,  -0.0080402
 0.000118372, -0.00778894
 0.000118376, -0.00778894
  0.00011838, -0.00778894
 0.000118384,  -0.0080402
 0.000118388,  -0.0080402
 0.000118392, -0.00778894
 0.000118396,  -0.0080402
   0.0001184,  -0.0080402
 0.000118404,  -0.0080402
 0.000118408,  -0.0080402
 0.000118412,  -0.0080402
 0.000118416, -0.00829146
  0.00011842,  -0.0080402
 0.000118424, -0.00829146
 0.000118428, -0.00854271
 0.000118432, -0.00854271
 0.000118436, -0.00829146
  0.00011844, -0.00829146
 0.000118444, -0.00879397
 0.000118448, -0.00879397
 0.000118452, -0.00854271
 0.000118456, -0.00879397
  0.00011846, -0.00879397
 0.000118464, -0.00879397
 0.000118468, -0.00879397
 0.000118472, -0.00904523
 0.000118476, -0.00904523
  0.00011848, -0.00904523
 0.000118484, -0.00904523
 0.000118488, -0.00904523
 0.000118492, -0.00904523
 0.000118496, -0.00904523
   0.0001185, -0.00929648
 0.000118504, -0.00929648
 0.000118508, -0.00904523
 0.000118512, -0.00929648
 0.000118516, -0.00954774
  0.00011852, -0.00954774
 0.000118524, -0.00929648
 0.000118528, -0.00929648
 0.000118532, -0.00954774
 0.000118536, -0.00954774
  0.00011854, -0.00954774
 0.000118544, -0.00954774
 0.000118548,   -0.009799
 0.000118552,   -0.009799
 0.000118556,   -0.009799
  0.00011856,  -0.0100503
 0.000118564,  -0.0100503
 0.000118568,  -0.0100503
 0.000118572,  -0.0100503
 0.000118576,  -0.0103015
  0.00011858,  -0.0103015
 0.000118584,  -0.0103015
 0.000118588,  -0.0103015
 0.000118592,  -0.0103015
 0.000118596,  -0.0105528
   0.0001186,  -0.0105528
 0.000118604,  -0.0105528
 0.000118608,  -0.0105528
 0.000118612,  -0.0105528
 0.000118616,   -0.010804
  0.00011862,   -0.010804
 0.000118624,   -0.010804
 0.000118628,  -0.0110553
 0.000118632,  -0.0110553
 0.000118636,  -0.0110553
  0.00011864,  -0.0113065
 0.000118644,  -0.0110553
 0.000118648,  -0.0113065
 0.000118652,  -0.0113065
 0.000118656,  -0.0113065
  0.00011866,  -0.0115578
 0.000118664,  -0.0115578
 0.000118668,  -0.0113065
 0.000118672,  -0.0115578
 0.000118676,  -0.0115578
  0.00011868,   -0.011809
 0.000118684,  -0.0115578
 0.000118688,   -0.011809
 0.000118692,   -0.011809
 0.000118696,   -0.011809
   0.0001187,  -0.0120603
 0.000118704,  -0.0120603
 0.000118708,  -0.0120603
 0.000118712,  -0.0120603
 0.000118716,  -0.0120603
  0.00011872,  -0.0125628
 0.000118724,  -0.0125628
 0.000118728,  -0.0125628
 0.000118732,  -0.0123116
 0.000118736,  -0.0128141
  0.00011874,  -0.0125628
 0.000118744,  -0.0125628
 0.000118748,  -0.0128141
 0.000118752,  -0.0128141
 0.000118756,  -0.0128141
  0.00011876,  -0.0128141
 0.000118764,  -0.0130653
 0.000118768,  -0.0133166
 0.000118772,  -0.0130653
 0.000118776,  -0.0130653
  0.00011878,  -0.0133166
 0.000118784,  -0.0133166
 0.000118788,  -0.0135678
 0.000118792,  -0.0133166
 0.000118796,  -0.0135678
   0.0001188,  -0.0138191
 0.000118804,  -0.0135678
 0.000118808,  -0.0138191
 0.000118812,  -0.0138191
 0.000118816,  -0.0140704
  0.00011882,  -0.0140704
 0.000118824,  -0.0138191
 0.000118828,  -0.0143216
 0.000118832,  -0.0143216
 0.000118836,  -0.0143216
  0.00011884,  -0.0143216
 0.000118844,  -0.0145729
 0.000118848,  -0.0148241
 0.000118852,  -0.0145729
 0.000118856,  -0.0145729
  0.00011886,  -0.0150754
 0.000118864,  -0.0148241
 0.000118868,  -0.0148241
 0.000118872,  -0.0150754
 0.000118876,  -0.0153266
  0.00011888,  -0.0153266
 0.000118884,  -0.0153266
 0.000118888,  -0.0153266
 0.000118892,  -0.0155779
 0.000118896,  -0.0155779
   0.0001189,  -0.0153266
 0.000118904,  -0.0155779
 0.000118908,  -0.0155779
 0.000118912,  -0.0158291
 0.000118916,  -0.0158291
  0.00011892,  -0.0158291
 0.000118924,  -0.0160804
 0.000118928,  -0.0160804
 0.000118932,  -0.0160804
 0.000118936,  -0.0163317
  0.00011894,  -0.0163317
 0.000118944,  -0.0160804
 0.000118948,  -0.0163317
 0.000118952,  -0.0165829
 0.000118956,  -0.0165829
  0.00011896,  -0.0163317
 0.000118964,  -0.0168342
 0.000118968,  -0.0168342
 0.000118972,  -0.0168342
 0.000118976,  -0.0170854
  0.00011898,  -0.0170854
 0.000118984,  -0.0170854
 0.000118988,  -0.0173367
 0.000118992,  -0.0170854
 0.000118996,  -0.0173367
    0.000119,  -0.0175879
 0.000119004,  -0.0175879
 0.000119008,  -0.0175879
 0.000119012,  -0.0175879
 0.000119016,  -0.0178392
  0.00011902,  -0.0178392
 0.000119024,  -0.0178392
 0.000119028,  -0.0180905
 0.000119032,  -0.0183417
 0.000119036,  -0.0180905
  0.00011904,  -0.0180905
 0.000119044,   -0.018593
 0.000119048,  -0.0183417
 0.000119052,   -0.018593
 0.000119056,   -0.018593
  0.00011906,   -0.018593
 0.000119064,  -0.0188442
 0.000119068,  -0.0188442
 0.000119072,  -0.0190955
 0.000119076,  -0.0190955
  0.00011908,  -0.0193467
 0.000119084,  -0.0193467
 0.000119088,  -0.0190955
 0.000119092,   -0.019598
 0.000119096,   -0.019598
   0.0001191,   -0.019598
 0.000119104,  -0.0198492
 0.000119108,  -0.0198492
 0.000119112,  -0.0198492
 0.000119116,  -0.0198492
  0.00011912,  -0.0201005
 0.000119124,  -0.0203518
 0.000119128,  -0.0201005
 0.000119132,  -0.0203518
 0.000119136,   -0.020603
  0.00011914,   -0.020603
 0.000119144,  -0.0208543
 0.000119148,   -0.020603
 0.000119152,  -0.0208543
 0.000119156,  -0.0211055
  0.00011916,  -0.0211055
 0.000119164,  -0.0211055
 0.000119168,  -0.0211055
 0.000119172,  -0.0213568
 0.000119176,  -0.0213568
  0.00011918,  -0.0213568
 0.000119184,   -0.021608
 0.000119188,  -0.0218593
 0.000119192,   -0.021608
 0.000119196,   -0.021608
   0.0001192,  -0.0218593
 0.000119204,  -0.0221106
 0.000119208,  -0.0221106
 0.000119212,  -0.0223618
 0.000119216,  -0.0223618
  0.00011922,  -0.0223618
 0.000119224,  -0.0223618
 0.000119228,  -0.0226131
 0.000119232,  -0.0228643
 0.000119236,  -0.0226131
  0.00011924,  -0.0226131
 0.000119244,  -0.0231156
 0.000119248,  -0.0231156
 0.000119252,  -0.0233668
 0.000119256,  -0.0231156
  0.00011926,  -0.0233668
 0.000119264,  -0.0236181
 0.000119268,  -0.0233668
 0.000119272,  -0.0236181
 0.000119276,  -0.0238693
  0.00011928,  -0.0238693
 0.000119284,  -0.0238693
 0.000119288,  -0.0238693
 0.000119292,  -0.0241206
 0.000119296,  -0.0243719
   0.0001193,  -0.0241206
 0.000119304,  -0.0243719
 0.000119308,  -0.0246231
 0.000119312,  -0.0246231
 0.000119316,  -0.0246231
  0.00011932,  -0.0248744
 0.000119324,  -0.0251256
 0.000119328,  -0.0251256
 0.000119332,  -0.0248744
 0.000119336,  -0.0253769
  0.00011934,  -0.0256281
 0.000119344,  -0.0253769
 0.000119348,  -0.0253769
 0.000119352,  -0.0256281
 0.000119356,  -0.0261307
  0.00011936,  -0.0258794
 0.000119364,  -0.0258794
 0.000119368,  -0.0263819
 0.000119372,  -0.0263819
 0.000119376,  -0.0263819
  0.00011938,  -0.0263819
 0.000119384,  -0.0266332
 0.000119388,  -0.0266332
 0.000119392,  -0.0266332
 0.000119396,  -0.0268844
   0.0001194,  -0.0271357
 0.000119404,  -0.0271357
 0.000119408,  -0.0271357
 0.000119412,  -0.0271357
 0.000119416,  -0.0273869
  0.00011942,  -0.0276382
 0.000119424,  -0.0273869
 0.000119428,  -0.0276382
 0.000119432,  -0.0278894
 0.000119436,  -0.0278894
  0.00011944,  -0.0278894
 0.000119444,  -0.0281407
 0.000119448,   -0.028392
 0.000119452,  -0.0281407
 0.000119456,   -0.028392
  0.00011946,  -0.0286432
 0.000119464,  -0.0288945
 0.000119468,  -0.0286432
 0.000119472,  -0.0286432
 0.000119476,  -0.0288945
  0.00011948,  -0.0291457
 0.000119484,  -0.0291457
 0.000119488,  -0.0291457
 0.000119492,   -0.029397
 0.000119496,  -0.0296482
   0.0001195,   -0.029397
 0.000119504,  -0.0296482
 0.000119508,  -0.0298995
 0.000119512,  -0.0301508
 0.000119516,  -0.0301508
  0.00011952,  -0.0301508
 0.000119524,  -0.0306533
 0.000119528,  -0.0306533
 0.000119532,   -0.030402
 0.000119536,  -0.0306533
  0.00011954,  -0.0309045
 0.000119544,  -0.0309045
 0.000119548,  -0.0309045
 0.000119552,  -0.0309045
 0.000119556,   -0.031407
  0.00011956,   -0.031407
 0.000119564,   -0.031407
 0.000119568,  -0.0316583
 0.000119572,  -0.0316583
 0.000119576,  -0.0316583
  0.00011958,  -0.0316583
 0.000119584,  -0.0319095
 0.000119588,  -0.0324121
 0.000119592,  -0.0324121
 0.000119596,  -0.0321608
   0.0001196,  -0.0324121
 0.000119604,  -0.0326633
 0.000119608,  -0.0329146
 0.000119612,  -0.0326633
 0.000119616,  -0.0326633
  0.00011962,  -0.0331658
 0.000119624,  -0.0331658
 0.000119628,  -0.0331658
 0.000119632,  -0.0334171
 0.000119636,  -0.0336683
  0.00011964,  -0.0334171
 0.000119644,  -0.0336683
 0.000119648,  -0.0339196
 0.000119652,  -0.0339196
 0.000119656,  -0.0339196
  0.00011966,  -0.0341709
 0.000119664,  -0.0341709
 0.000119668,  -0.0344221
 0.000119672,  -0.0344221
 0.000119676,  -0.0346734
  0.00011968,  -0.0346734
 0.000119684,  -0.0349246
 0.000119688,  -0.0351759
 0.000119692,  -0.0349246
 0.000119696,  -0.0351759
   0.0001197,  -0.0354271
 0.000119704,  -0.0354271
 0.000119708,  -0.0356784
 0.000119712,  -0.0356784
 0.000119716,  -0.0359296
  0.00011972,  -0.0359296
 0.000119724,  -0.0361809
 0.000119728,  -0.0364322
 0.000119732,  -0.0361809
 0.000119736,  -0.0364322
  0.00011974,  -0.0366834
 0.000119744,  -0.0366834
 0.000119748,  -0.0366834
 0.000119752,  -0.0366834
 0.000119756,  -0.0371859
  0.00011976,  -0.0374372
 0.000119764,  -0.0371859
 0.000119768,  -0.0374372
 0.000119772,  -0.0376884
 0.000119776,  -0.0376884
  0.00011978,  -0.0379397
 0.000119784,  -0.0379397
 0.000119788,   -0.038191
 0.000119792,  -0.0384422
 0.000119796,   -0.038191
   0.0001198,  -0.0386935
 0.000119804,  -0.0386935
 0.000119808,  -0.0389447
 0.000119812,  -0.0386935
 0.000119816,  -0.0389447
  0.00011982,   -0.039196
 0.000119824,   -0.039196
 0.000119828,  -0.0394472
 0.000119832,  -0.0394472
 0.000119836,  -0.0396985
  0.00011984,  -0.0396985
 0.000119844,  -0.0399497
 0.000119848,  -0.0399497
 0.000119852,   -0.040201
 0.000119856,  -0.0404523
  0.00011986,  -0.0404523
 0.000119864,  -0.0407035
 0.000119868,  -0.0407035
 0.000119872,  -0.0409548
 0.000119876,   -0.041206
  0.00011988,   -0.041206
 0.000119884,   -0.041206
 0.000119888,   -0.041206
 0.000119892,  -0.0414573
 0.000119896,  -0.0417085
   0.0001199,  -0.0417085
 0.000119904,  -0.0419598
 0.000119908,  -0.0422111
 0.000119912,  -0.0422111
 0.000119916,  -0.0424623
  0.00011992,  -0.0424623
 0.000119924,  -0.0427136
 0.000119928,  -0.0429648
 0.000119932,  -0.0429648
 0.000119936,  -0.0429648
  0.00011994,  -0.0432161
 0.000119944,  -0.0432161
 0.000119948,  -0.0432161
 0.000119952,  -0.0434673
 0.000119956,  -0.0437186
  0.00011996,  -0.0439698
 0.000119964,  -0.0439698
 0.000119968,  -0.0442211
 0.000119972,  -0.0442211
 0.000119976,  -0.0444724
  0.00011998,  -0.0444724
 0.000119984,  -0.0447236
 0.000119988,  -0.0447236
 0.000119992,  -0.0449749
 0.000119996,  -0.0449749
