     6.8E-05,    0.080402
  6.8004E-05,   0.0819095
  6.8008E-05,   0.0834171
  6.8012E-05,   0.0844221
  6.8016E-05,   0.0849246
   6.802E-05,   0.0849246
  6.8024E-05,   0.0849246
  6.8028E-05,   0.0849246
  6.8032E-05,   0.0839196
  6.8036E-05,   0.0839196
   6.804E-05,   0.0834171
  6.8044E-05,   0.0834171
  6.8048E-05,   0.0834171
  6.8052E-05,   0.0844221
  6.8056E-05,   0.0854271
   6.806E-05,   0.0864322
  6.8064E-05,   0.0879397
  6.8068E-05,   0.0889447
  6.8072E-05,   0.0899497
  6.8076E-05,   0.0904523
   6.808E-05,   0.0909548
  6.8084E-05,   0.0909548
  6.8088E-05,   0.0909548
  6.8092E-05,   0.0904523
  6.8096E-05,   0.0899497
    6.81E-05,   0.0894472
  6.8104E-05,   0.0894472
  6.8108E-05,   0.0894472
  6.8112E-05,   0.0894472
  6.8116E-05,   0.0899497
   6.812E-05,   0.0909548
  6.8124E-05,   0.0919598
  6.8128E-05,   0.0929648
  6.8132E-05,   0.0934673
  6.8136E-05,   0.0939699
   6.814E-05,   0.0949749
  6.8144E-05,   0.0949749
  6.8148E-05,   0.0949749
  6.8152E-05,   0.0944724
  6.8156E-05,   0.0944724
   6.816E-05,   0.0939699
  6.8164E-05,   0.0939699
  6.8168E-05,   0.0939699
  6.8172E-05,   0.0939699
  6.8176E-05,   0.0939699
   6.818E-05,   0.0949749
  6.8184E-05,   0.0959799
  6.8188E-05,   0.0964824
  6.8192E-05,   0.0974874
  6.8196E-05,   0.0979899
    6.82E-05,   0.0984925
  6.8204E-05,    0.098995
  6.8208E-05,    0.098995
  6.8212E-05,    0.098995
  6.8216E-05,    0.098995
   6.822E-05,   0.0984925
  6.8224E-05,   0.0984925
  6.8228E-05,   0.0984925
  6.8232E-05,   0.0984925
  6.8236E-05,    0.098995
   6.824E-05,    0.098995
  6.8244E-05,   0.0994975
  6.8248E-05,         0.1
  6.8252E-05,    0.100503
  6.8256E-05,    0.101005
   6.826E-05,    0.101508
  6.8264E-05,     0.10201
  6.8268E-05,    0.102513
  6.8272E-05,     0.10201
  6.8276E-05,    0.102513
   6.828E-05,    0.102513
  6.8284E-05,     0.10201
  6.8288E-05,     0.10201
  6.8292E-05,     0.10201
  6.8296E-05,     0.10201
    6.83E-05,    0.102513
  6.8304E-05,    0.102513
  6.8308E-05,    0.103015
  6.8312E-05,    0.103518
  6.8316E-05,    0.103518
   6.832E-05,     0.10402
  6.8324E-05,    0.104523
  6.8328E-05,    0.104523
  6.8332E-05,    0.104523
  6.8336E-05,    0.104523
   6.834E-05,    0.105025
  6.8344E-05,    0.104523
  6.8348E-05,    0.104523
  6.8352E-05,    0.104523
  6.8356E-05,    0.104523
   6.836E-05,    0.105025
  6.8364E-05,    0.105025
  6.8368E-05,    0.105528
  6.8372E-05,     0.10603
  6.8376E-05,    0.106533
   6.838E-05,    0.107035
  6.8384E-05,    0.107035
  6.8388E-05,    0.107035
  6.8392E-05,    0.107538
  6.8396E-05,    0.107538
    6.84E-05,    0.107538
  6.8404E-05,     0.10804
  6.8408E-05,    0.107538
  6.8412E-05,    0.107538
  6.8416E-05,    0.107538
   6.842E-05,    0.107538
  6.8424E-05,     0.10804
  6.8428E-05,     0.10804
  6.8432E-05,    0.108543
  6.8436E-05,    0.109045
   6.844E-05,    0.109548
  6.8444E-05,     0.11005
  6.8448E-05,     0.11005
  6.8452E-05,     0.11005
  6.8456E-05,     0.11005
   6.846E-05,     0.11005
  6.8464E-05,     0.11005
  6.8468E-05,    0.109548
  6.8472E-05,    0.109548
  6.8476E-05,    0.109548
   6.848E-05,    0.109548
  6.8484E-05,    0.109548
  6.8488E-05,    0.109548
  6.8492E-05,    0.109548
  6.8496E-05,     0.11005
    6.85E-05,    0.110553
  6.8504E-05,    0.110553
  6.8508E-05,    0.111055
  6.8512E-05,    0.111055
  6.8516E-05,    0.111055
   6.852E-05,    0.111055
  6.8524E-05,    0.110553
  6.8528E-05,    0.110553
  6.8532E-05,     0.11005
  6.8536E-05,     0.11005
   6.854E-05,     0.11005
  6.8544E-05,     0.11005
  6.8548E-05,     0.11005
  6.8552E-05,     0.11005
  6.8556E-05,     0.11005
   6.856E-05,    0.110553
  6.8564E-05,    0.110553
  6.8568E-05,    0.110553
  6.8572E-05,    0.110553
  6.8576E-05,    0.111055
   6.858E-05,    0.110553
  6.8584E-05,    0.110553
  6.8588E-05,     0.11005
  6.8592E-05,     0.11005
  6.8596E-05,     0.11005
    6.86E-05,    0.109548
  6.8604E-05,    0.109548
  6.8608E-05,    0.109548
  6.8612E-05,    0.109548
  6.8616E-05,    0.109548
   6.862E-05,    0.109548
  6.8624E-05,    0.109548
  6.8628E-05,    0.109548
  6.8632E-05,    0.109548
  6.8636E-05,     0.11005
   6.864E-05,    0.109548
  6.8644E-05,    0.109548
  6.8648E-05,    0.109045
  6.8652E-05,    0.109045
  6.8656E-05,    0.108543
   6.866E-05,    0.108543
  6.8664E-05,     0.10804
  6.8668E-05,     0.10804
  6.8672E-05,     0.10804
  6.8676E-05,     0.10804
   6.868E-05,    0.107538
  6.8684E-05,    0.107538
  6.8688E-05,     0.10804
  6.8692E-05,    0.107538
  6.8696E-05,    0.107538
    6.87E-05,     0.10804
  6.8704E-05,    0.107538
  6.8708E-05,    0.107538
  6.8712E-05,    0.107035
  6.8716E-05,    0.107035
   6.872E-05,    0.106533
  6.8724E-05,    0.106533
  6.8728E-05,    0.106533
  6.8732E-05,     0.10603
  6.8736E-05,     0.10603
   6.874E-05,     0.10603
  6.8744E-05,     0.10603
  6.8748E-05,     0.10603
  6.8752E-05,     0.10603
  6.8756E-05,     0.10603
   6.876E-05,    0.105528
  6.8764E-05,     0.10603
  6.8768E-05,     0.10603
  6.8772E-05,     0.10603
  6.8776E-05,    0.105528
   6.878E-05,    0.105025
  6.8784E-05,    0.105025
  6.8788E-05,    0.105025
  6.8792E-05,    0.104523
  6.8796E-05,    0.104523
    6.88E-05,     0.10402
  6.8804E-05,    0.104523
  6.8808E-05,     0.10402
  6.8812E-05,     0.10402
  6.8816E-05,     0.10402
   6.882E-05,    0.103518
  6.8824E-05,    0.103518
  6.8828E-05,    0.103518
  6.8832E-05,    0.103015
  6.8836E-05,    0.103015
   6.884E-05,    0.102513
  6.8844E-05,    0.102513
  6.8848E-05,    0.102513
  6.8852E-05,     0.10201
  6.8856E-05,    0.101508
   6.886E-05,    0.101508
  6.8864E-05,    0.101508
  6.8868E-05,    0.101508
  6.8872E-05,    0.101005
  6.8876E-05,    0.101005
   6.888E-05,    0.100503
  6.8884E-05,    0.100503
  6.8888E-05,         0.1
  6.8892E-05,         0.1
  6.8896E-05,   0.0994975
    6.89E-05,   0.0994975
  6.8904E-05,    0.098995
  6.8908E-05,    0.098995
  6.8912E-05,   0.0984925
  6.8916E-05,   0.0984925
   6.892E-05,   0.0984925
  6.8924E-05,   0.0984925
  6.8928E-05,   0.0979899
  6.8932E-05,   0.0979899
  6.8936E-05,   0.0979899
   6.894E-05,   0.0974874
  6.8944E-05,   0.0974874
  6.8948E-05,   0.0969849
  6.8952E-05,   0.0969849
  6.8956E-05,   0.0964824
   6.896E-05,   0.0959799
  6.8964E-05,   0.0959799
  6.8968E-05,   0.0954774
  6.8972E-05,   0.0954774
  6.8976E-05,   0.0959799
   6.898E-05,   0.0954774
  6.8984E-05,   0.0949749
  6.8988E-05,   0.0949749
  6.8992E-05,   0.0949749
  6.8996E-05,   0.0949749
     6.9E-05,   0.0944724
  6.9004E-05,   0.0944724
  6.9008E-05,   0.0939699
  6.9012E-05,   0.0939699
  6.9016E-05,   0.0929648
   6.902E-05,   0.0929648
  6.9024E-05,   0.0929648
  6.9028E-05,   0.0924623
  6.9032E-05,   0.0919598
  6.9036E-05,   0.0924623
   6.904E-05,   0.0924623
  6.9044E-05,   0.0919598
  6.9048E-05,   0.0919598
  6.9052E-05,   0.0914573
  6.9056E-05,   0.0914573
   6.906E-05,   0.0909548
  6.9064E-05,   0.0909548
  6.9068E-05,   0.0904523
  6.9072E-05,   0.0899497
  6.9076E-05,   0.0899497
   6.908E-05,   0.0899497
  6.9084E-05,   0.0894472
  6.9088E-05,   0.0889447
  6.9092E-05,   0.0889447
  6.9096E-05,   0.0889447
    6.91E-05,   0.0884422
  6.9104E-05,   0.0884422
  6.9108E-05,   0.0884422
  6.9112E-05,   0.0879397
  6.9116E-05,   0.0879397
   6.912E-05,   0.0874372
  6.9124E-05,   0.0874372
  6.9128E-05,   0.0869347
  6.9132E-05,   0.0869347
  6.9136E-05,   0.0864322
   6.914E-05,   0.0864322
  6.9144E-05,   0.0859296
  6.9148E-05,   0.0854271
  6.9152E-05,   0.0854271
  6.9156E-05,   0.0854271
   6.916E-05,   0.0849246
  6.9164E-05,   0.0849246
  6.9168E-05,   0.0849246
  6.9172E-05,   0.0849246
  6.9176E-05,   0.0844221
   6.918E-05,   0.0844221
  6.9184E-05,   0.0844221
  6.9188E-05,   0.0839196
  6.9192E-05,   0.0834171
  6.9196E-05,   0.0834171
    6.92E-05,   0.0829146
  6.9204E-05,   0.0829146
  6.9208E-05,   0.0829146
  6.9212E-05,   0.0824121
  6.9216E-05,   0.0824121
   6.922E-05,   0.0824121
  6.9224E-05,   0.0819095
  6.9228E-05,   0.0819095
  6.9232E-05,    0.081407
  6.9236E-05,   0.0819095
   6.924E-05,    0.081407
  6.9244E-05,   0.0809045
  6.9248E-05,   0.0809045
  6.9252E-05,   0.0809045
  6.9256E-05,    0.080402
   6.926E-05,   0.0798995
  6.9264E-05,   0.0798995
  6.9268E-05,   0.0798995
  6.9272E-05,    0.079397
  6.9276E-05,   0.0788945
   6.928E-05,   0.0788945
  6.9284E-05,   0.0788945
  6.9288E-05,    0.078392
  6.9292E-05,    0.078392
  6.9296E-05,    0.078392
    6.93E-05,   0.0778894
  6.9304E-05,   0.0778894
  6.9308E-05,   0.0778894
  6.9312E-05,   0.0778894
  6.9316E-05,   0.0773869
   6.932E-05,   0.0768844
  6.9324E-05,   0.0768844
  6.9328E-05,   0.0763819
  6.9332E-05,   0.0763819
  6.9336E-05,   0.0763819
   6.934E-05,   0.0763819
  6.9344E-05,   0.0758794
  6.9348E-05,   0.0753769
  6.9352E-05,   0.0758794
  6.9356E-05,   0.0758794
   6.936E-05,   0.0753769
  6.9364E-05,   0.0753769
  6.9368E-05,   0.0753769
  6.9372E-05,   0.0753769
  6.9376E-05,   0.0748744
   6.938E-05,   0.0748744
  6.9384E-05,   0.0743719
  6.9388E-05,   0.0743719
  6.9392E-05,   0.0738693
  6.9396E-05,   0.0738693
    6.94E-05,   0.0738693
  6.9404E-05,   0.0738693
  6.9408E-05,   0.0738693
  6.9412E-05,   0.0733668
  6.9416E-05,   0.0733668
   6.942E-05,   0.0733668
  6.9424E-05,   0.0733668
  6.9428E-05,   0.0733668
  6.9432E-05,   0.0733668
  6.9436E-05,   0.0728643
   6.944E-05,   0.0728643
  6.9444E-05,   0.0728643
  6.9448E-05,   0.0728643
  6.9452E-05,   0.0728643
  6.9456E-05,   0.0723618
   6.946E-05,   0.0723618
  6.9464E-05,   0.0723618
  6.9468E-05,   0.0723618
  6.9472E-05,   0.0718593
  6.9476E-05,   0.0718593
   6.948E-05,   0.0718593
  6.9484E-05,   0.0718593
  6.9488E-05,   0.0718593
  6.9492E-05,   0.0713568
  6.9496E-05,   0.0713568
    6.95E-05,   0.0718593
  6.9504E-05,   0.0713568
  6.9508E-05,   0.0713568
  6.9512E-05,   0.0713568
  6.9516E-05,   0.0713568
   6.952E-05,   0.0708543
  6.9524E-05,   0.0708543
  6.9528E-05,   0.0708543
  6.9532E-05,   0.0708543
  6.9536E-05,   0.0708543
   6.954E-05,   0.0708543
  6.9544E-05,   0.0708543
  6.9548E-05,   0.0708543
  6.9552E-05,   0.0703518
  6.9556E-05,   0.0703518
   6.956E-05,   0.0703518
  6.9564E-05,   0.0703518
  6.9568E-05,   0.0703518
  6.9572E-05,   0.0698492
  6.9576E-05,   0.0703518
   6.958E-05,   0.0698492
  6.9584E-05,   0.0698492
  6.9588E-05,   0.0698492
  6.9592E-05,   0.0698492
  6.9596E-05,   0.0698492
    6.96E-05,   0.0693467
  6.9604E-05,   0.0693467
  6.9608E-05,   0.0698492
  6.9612E-05,   0.0698492
  6.9616E-05,   0.0693467
   6.962E-05,   0.0693467
  6.9624E-05,   0.0693467
  6.9628E-05,   0.0693467
  6.9632E-05,   0.0693467
  6.9636E-05,   0.0698492
   6.964E-05,   0.0693467
  6.9644E-05,   0.0693467
  6.9648E-05,   0.0693467
  6.9652E-05,   0.0693467
  6.9656E-05,   0.0688442
   6.966E-05,   0.0688442
  6.9664E-05,   0.0688442
  6.9668E-05,   0.0688442
  6.9672E-05,   0.0688442
  6.9676E-05,   0.0688442
   6.968E-05,   0.0688442
  6.9684E-05,   0.0683417
  6.9688E-05,   0.0683417
  6.9692E-05,   0.0688442
  6.9696E-05,   0.0683417
    6.97E-05,   0.0688442
  6.9704E-05,   0.0688442
  6.9708E-05,   0.0683417
  6.9712E-05,   0.0683417
  6.9716E-05,   0.0683417
   6.972E-05,   0.0683417
  6.9724E-05,   0.0683417
  6.9728E-05,   0.0678392
  6.9732E-05,   0.0678392
  6.9736E-05,   0.0678392
   6.974E-05,   0.0678392
  6.9744E-05,   0.0683417
  6.9748E-05,   0.0678392
  6.9752E-05,   0.0673367
  6.9756E-05,   0.0678392
   6.976E-05,   0.0678392
  6.9764E-05,   0.0678392
  6.9768E-05,   0.0678392
  6.9772E-05,   0.0678392
  6.9776E-05,   0.0678392
   6.978E-05,   0.0673367
  6.9784E-05,   0.0673367
  6.9788E-05,   0.0673367
  6.9792E-05,   0.0673367
  6.9796E-05,   0.0673367
    6.98E-05,   0.0673367
  6.9804E-05,   0.0673367
  6.9808E-05,   0.0673367
  6.9812E-05,   0.0673367
  6.9816E-05,   0.0668342
   6.982E-05,   0.0668342
  6.9824E-05,   0.0668342
  6.9828E-05,   0.0668342
  6.9832E-05,   0.0668342
  6.9836E-05,   0.0668342
   6.984E-05,   0.0668342
  6.9844E-05,   0.0663317
  6.9848E-05,   0.0663317
  6.9852E-05,   0.0663317
  6.9856E-05,   0.0658291
   6.986E-05,   0.0663317
  6.9864E-05,   0.0658291
  6.9868E-05,   0.0658291
  6.9872E-05,   0.0658291
  6.9876E-05,   0.0658291
   6.988E-05,   0.0658291
  6.9884E-05,   0.0658291
  6.9888E-05,   0.0658291
  6.9892E-05,   0.0658291
  6.9896E-05,   0.0658291
    6.99E-05,   0.0653266
  6.9904E-05,   0.0653266
  6.9908E-05,   0.0653266
  6.9912E-05,   0.0653266
  6.9916E-05,   0.0653266
   6.992E-05,   0.0648241
  6.9924E-05,   0.0653266
  6.9928E-05,   0.0648241
  6.9932E-05,   0.0648241
  6.9936E-05,   0.0648241
   6.994E-05,   0.0648241
  6.9944E-05,   0.0648241
  6.9948E-05,   0.0648241
  6.9952E-05,   0.0643216
  6.9956E-05,   0.0643216
   6.996E-05,   0.0638191
  6.9964E-05,   0.0643216
  6.9968E-05,   0.0643216
  6.9972E-05,   0.0638191
  6.9976E-05,   0.0638191
   6.998E-05,   0.0638191
  6.9984E-05,   0.0638191
  6.9988E-05,   0.0638191
  6.9992E-05,   0.0638191
  6.9996E-05,   0.0638191
       7E-05,   0.0633166
  7.0004E-05,   0.0633166
  7.0008E-05,   0.0638191
  7.0012E-05,   0.0638191
  7.0016E-05,   0.0633166
   7.002E-05,   0.0633166
  7.0024E-05,   0.0633166
  7.0028E-05,   0.0633166
  7.0032E-05,   0.0633166
  7.0036E-05,   0.0633166
   7.004E-05,   0.0633166
  7.0044E-05,   0.0628141
  7.0048E-05,   0.0628141
  7.0052E-05,   0.0628141
  7.0056E-05,   0.0628141
   7.006E-05,   0.0628141
  7.0064E-05,   0.0628141
  7.0068E-05,   0.0628141
  7.0072E-05,   0.0628141
  7.0076E-05,   0.0628141
   7.008E-05,   0.0623116
  7.0084E-05,   0.0628141
  7.0088E-05,   0.0623116
  7.0092E-05,   0.0623116
  7.0096E-05,   0.0623116
    7.01E-05,   0.0623116
  7.0104E-05,   0.0628141
  7.0108E-05,   0.0628141
  7.0112E-05,   0.0628141
  7.0116E-05,   0.0628141
   7.012E-05,   0.0623116
  7.0124E-05,   0.0628141
  7.0128E-05,   0.0623116
  7.0132E-05,   0.0628141
  7.0136E-05,   0.0623116
   7.014E-05,   0.0628141
  7.0144E-05,   0.0628141
  7.0148E-05,   0.0628141
  7.0152E-05,   0.0628141
  7.0156E-05,   0.0623116
   7.016E-05,   0.0623116
  7.0164E-05,   0.0628141
  7.0168E-05,   0.0628141
  7.0172E-05,   0.0623116
  7.0176E-05,   0.0623116
   7.018E-05,   0.0628141
  7.0184E-05,   0.0623116
  7.0188E-05,   0.0628141
  7.0192E-05,   0.0623116
  7.0196E-05,   0.0628141
    7.02E-05,   0.0628141
  7.0204E-05,   0.0628141
  7.0208E-05,   0.0628141
  7.0212E-05,   0.0628141
  7.0216E-05,   0.0628141
   7.022E-05,   0.0628141
  7.0224E-05,   0.0628141
  7.0228E-05,   0.0628141
  7.0232E-05,   0.0628141
  7.0236E-05,   0.0633166
   7.024E-05,   0.0633166
  7.0244E-05,   0.0633166
  7.0248E-05,   0.0633166
  7.0252E-05,   0.0633166
  7.0256E-05,   0.0633166
   7.026E-05,   0.0633166
  7.0264E-05,   0.0633166
  7.0268E-05,   0.0633166
  7.0272E-05,   0.0633166
  7.0276E-05,   0.0638191
   7.028E-05,   0.0633166
  7.0284E-05,   0.0638191
  7.0288E-05,   0.0633166
  7.0292E-05,   0.0638191
  7.0296E-05,   0.0638191
    7.03E-05,   0.0638191
  7.0304E-05,   0.0643216
  7.0308E-05,   0.0643216
  7.0312E-05,   0.0643216
  7.0316E-05,   0.0643216
   7.032E-05,   0.0643216
  7.0324E-05,   0.0648241
  7.0328E-05,   0.0648241
  7.0332E-05,   0.0648241
  7.0336E-05,   0.0648241
   7.034E-05,   0.0648241
  7.0344E-05,   0.0648241
  7.0348E-05,   0.0648241
  7.0352E-05,   0.0648241
  7.0356E-05,   0.0653266
   7.036E-05,   0.0653266
  7.0364E-05,   0.0653266
  7.0368E-05,   0.0658291
  7.0372E-05,   0.0658291
  7.0376E-05,   0.0658291
   7.038E-05,   0.0658291
  7.0384E-05,   0.0658291
  7.0388E-05,   0.0663317
  7.0392E-05,   0.0658291
  7.0396E-05,   0.0663317
    7.04E-05,   0.0663317
  7.0404E-05,   0.0663317
  7.0408E-05,   0.0663317
  7.0412E-05,   0.0668342
  7.0416E-05,   0.0668342
   7.042E-05,   0.0668342
  7.0424E-05,   0.0668342
  7.0428E-05,   0.0668342
  7.0432E-05,   0.0668342
  7.0436E-05,   0.0673367
   7.044E-05,   0.0673367
  7.0444E-05,   0.0673367
  7.0448E-05,   0.0673367
  7.0452E-05,   0.0673367
  7.0456E-05,   0.0673367
   7.046E-05,   0.0678392
  7.0464E-05,   0.0678392
  7.0468E-05,   0.0678392
  7.0472E-05,   0.0678392
  7.0476E-05,   0.0678392
   7.048E-05,   0.0678392
  7.0484E-05,   0.0678392
  7.0488E-05,   0.0678392
  7.0492E-05,   0.0683417
  7.0496E-05,   0.0683417
    7.05E-05,   0.0683417
  7.0504E-05,   0.0683417
  7.0508E-05,   0.0683417
  7.0512E-05,   0.0683417
  7.0516E-05,   0.0688442
   7.052E-05,   0.0683417
  7.0524E-05,   0.0683417
  7.0528E-05,   0.0683417
  7.0532E-05,   0.0688442
  7.0536E-05,   0.0688442
   7.054E-05,   0.0688442
  7.0544E-05,   0.0688442
  7.0548E-05,   0.0688442
  7.0552E-05,   0.0688442
  7.0556E-05,   0.0688442
   7.056E-05,   0.0688442
  7.0564E-05,   0.0688442
  7.0568E-05,   0.0688442
  7.0572E-05,   0.0688442
  7.0576E-05,   0.0683417
   7.058E-05,   0.0688442
  7.0584E-05,   0.0683417
  7.0588E-05,   0.0683417
  7.0592E-05,   0.0683417
  7.0596E-05,   0.0683417
    7.06E-05,   0.0683417
  7.0604E-05,   0.0683417
  7.0608E-05,   0.0683417
  7.0612E-05,   0.0688442
  7.0616E-05,   0.0683417
   7.062E-05,   0.0683417
  7.0624E-05,   0.0683417
  7.0628E-05,   0.0683417
  7.0632E-05,   0.0683417
  7.0636E-05,   0.0683417
   7.064E-05,   0.0678392
  7.0644E-05,   0.0683417
  7.0648E-05,   0.0678392
  7.0652E-05,   0.0678392
  7.0656E-05,   0.0678392
   7.066E-05,   0.0678392
  7.0664E-05,   0.0678392
  7.0668E-05,   0.0678392
  7.0672E-05,   0.0678392
  7.0676E-05,   0.0678392
   7.068E-05,   0.0673367
  7.0684E-05,   0.0673367
  7.0688E-05,   0.0673367
  7.0692E-05,   0.0668342
  7.0696E-05,   0.0668342
    7.07E-05,   0.0668342
  7.0704E-05,   0.0668342
  7.0708E-05,   0.0668342
  7.0712E-05,   0.0663317
  7.0716E-05,   0.0663317
   7.072E-05,   0.0663317
  7.0724E-05,   0.0663317
  7.0728E-05,   0.0658291
  7.0732E-05,   0.0658291
  7.0736E-05,   0.0658291
   7.074E-05,   0.0658291
  7.0744E-05,   0.0653266
  7.0748E-05,   0.0653266
  7.0752E-05,   0.0653266
  7.0756E-05,   0.0653266
   7.076E-05,   0.0648241
  7.0764E-05,   0.0648241
  7.0768E-05,   0.0648241
  7.0772E-05,   0.0648241
  7.0776E-05,   0.0643216
   7.078E-05,   0.0648241
  7.0784E-05,   0.0643216
  7.0788E-05,   0.0643216
  7.0792E-05,   0.0638191
  7.0796E-05,   0.0638191
    7.08E-05,   0.0638191
  7.0804E-05,   0.0638191
  7.0808E-05,   0.0633166
  7.0812E-05,   0.0633166
  7.0816E-05,   0.0628141
   7.082E-05,   0.0628141
  7.0824E-05,   0.0628141
  7.0828E-05,   0.0628141
  7.0832E-05,   0.0628141
  7.0836E-05,   0.0623116
   7.084E-05,   0.0623116
  7.0844E-05,   0.0623116
  7.0848E-05,    0.061809
  7.0852E-05,    0.061809
  7.0856E-05,   0.0613065
   7.086E-05,   0.0613065
  7.0864E-05,   0.0613065
  7.0868E-05,   0.0613065
  7.0872E-05,    0.060804
  7.0876E-05,    0.060804
   7.088E-05,   0.0603015
  7.0884E-05,   0.0603015
  7.0888E-05,    0.059799
  7.0892E-05,   0.0603015
  7.0896E-05,    0.059799
    7.09E-05,    0.059799
  7.0904E-05,    0.059799
  7.0908E-05,   0.0592965
  7.0912E-05,   0.0592965
  7.0916E-05,   0.0592965
   7.092E-05,    0.058794
  7.0924E-05,    0.058794
  7.0928E-05,   0.0582915
  7.0932E-05,   0.0582915
  7.0936E-05,   0.0582915
   7.094E-05,   0.0577889
  7.0944E-05,   0.0577889
  7.0948E-05,   0.0577889
  7.0952E-05,   0.0572864
  7.0956E-05,   0.0572864
   7.096E-05,   0.0567839
  7.0964E-05,   0.0567839
  7.0968E-05,   0.0567839
  7.0972E-05,   0.0567839
  7.0976E-05,   0.0562814
   7.098E-05,   0.0562814
  7.0984E-05,   0.0557789
  7.0988E-05,   0.0552764
  7.0992E-05,   0.0557789
  7.0996E-05,   0.0557789
     7.1E-05,   0.0552764
  7.1004E-05,   0.0552764
  7.1008E-05,   0.0547739
  7.1012E-05,   0.0552764
  7.1016E-05,   0.0542714
   7.102E-05,   0.0542714
  7.1024E-05,   0.0542714
  7.1028E-05,   0.0542714
  7.1032E-05,   0.0537688
  7.1036E-05,   0.0537688
   7.104E-05,   0.0537688
  7.1044E-05,   0.0537688
  7.1048E-05,   0.0532663
  7.1052E-05,   0.0532663
  7.1056E-05,   0.0527638
   7.106E-05,   0.0527638
  7.1064E-05,   0.0522613
  7.1068E-05,   0.0527638
  7.1072E-05,   0.0522613
  7.1076E-05,   0.0522613
   7.108E-05,   0.0517588
  7.1084E-05,   0.0517588
  7.1088E-05,   0.0517588
  7.1092E-05,   0.0512563
  7.1096E-05,   0.0517588
    7.11E-05,   0.0512563
  7.1104E-05,   0.0512563
  7.1108E-05,   0.0507538
  7.1112E-05,   0.0507538
  7.1116E-05,   0.0507538
   7.112E-05,   0.0502513
  7.1124E-05,   0.0502513
  7.1128E-05,   0.0502513
  7.1132E-05,   0.0502513
  7.1136E-05,   0.0497487
   7.114E-05,   0.0497487
  7.1144E-05,   0.0497487
  7.1148E-05,   0.0492462
  7.1152E-05,   0.0492462
  7.1156E-05,   0.0492462
   7.116E-05,   0.0487437
  7.1164E-05,   0.0487437
  7.1168E-05,   0.0487437
  7.1172E-05,   0.0487437
  7.1176E-05,   0.0482412
   7.118E-05,   0.0482412
  7.1184E-05,   0.0482412
  7.1188E-05,   0.0477387
  7.1192E-05,   0.0477387
  7.1196E-05,   0.0472362
    7.12E-05,   0.0472362
  7.1204E-05,   0.0472362
  7.1208E-05,   0.0467337
  7.1212E-05,   0.0467337
  7.1216E-05,   0.0467337
   7.122E-05,   0.0462312
  7.1224E-05,   0.0462312
  7.1228E-05,   0.0462312
  7.1232E-05,   0.0457286
  7.1236E-05,   0.0457286
   7.124E-05,   0.0457286
  7.1244E-05,   0.0457286
  7.1248E-05,   0.0452261
  7.1252E-05,   0.0452261
  7.1256E-05,   0.0447236
   7.126E-05,   0.0447236
  7.1264E-05,   0.0442211
  7.1268E-05,   0.0442211
  7.1272E-05,   0.0437186
  7.1276E-05,   0.0437186
   7.128E-05,   0.0437186
  7.1284E-05,   0.0432161
  7.1288E-05,   0.0432161
  7.1292E-05,   0.0427136
  7.1296E-05,   0.0427136
    7.13E-05,   0.0422111
  7.1304E-05,   0.0422111
  7.1308E-05,   0.0422111
  7.1312E-05,   0.0422111
  7.1316E-05,   0.0417085
   7.132E-05,   0.0417085
  7.1324E-05,    0.041206
  7.1328E-05,    0.041206
  7.1332E-05,   0.0407035
  7.1336E-05,   0.0407035
   7.134E-05,   0.0407035
  7.1344E-05,    0.040201
  7.1348E-05,    0.040201
  7.1352E-05,   0.0396985
  7.1356E-05,    0.039196
   7.136E-05,    0.039196
  7.1364E-05,    0.039196
  7.1368E-05,   0.0386935
  7.1372E-05,   0.0386935
  7.1376E-05,    0.038191
   7.138E-05,    0.038191
  7.1384E-05,   0.0376884
  7.1388E-05,   0.0376884
  7.1392E-05,   0.0371859
  7.1396E-05,   0.0371859
    7.14E-05,   0.0366834
  7.1404E-05,   0.0366834
  7.1408E-05,   0.0361809
  7.1412E-05,   0.0361809
  7.1416E-05,   0.0356784
   7.142E-05,   0.0356784
  7.1424E-05,   0.0351759
  7.1428E-05,   0.0351759
  7.1432E-05,   0.0346734
  7.1436E-05,   0.0346734
   7.144E-05,   0.0341709
  7.1444E-05,   0.0341709
  7.1448E-05,   0.0336683
  7.1452E-05,   0.0331658
  7.1456E-05,   0.0331658
   7.146E-05,   0.0326633
  7.1464E-05,   0.0321608
  7.1468E-05,   0.0321608
  7.1472E-05,   0.0316583
  7.1476E-05,   0.0316583
   7.148E-05,   0.0311558
  7.1484E-05,   0.0306533
  7.1488E-05,   0.0306533
  7.1492E-05,   0.0301508
  7.1496E-05,   0.0301508
    7.15E-05,   0.0296482
  7.1504E-05,   0.0291457
  7.1508E-05,   0.0291457
  7.1512E-05,   0.0286432
  7.1516E-05,   0.0281407
   7.152E-05,   0.0281407
  7.1524E-05,   0.0276382
  7.1528E-05,   0.0276382
  7.1532E-05,   0.0271357
  7.1536E-05,   0.0271357
   7.154E-05,   0.0266332
  7.1544E-05,   0.0261307
  7.1548E-05,   0.0261307
  7.1552E-05,   0.0256281
  7.1556E-05,   0.0251256
   7.156E-05,   0.0246231
  7.1564E-05,   0.0246231
  7.1568E-05,   0.0241206
  7.1572E-05,   0.0236181
  7.1576E-05,   0.0236181
   7.158E-05,   0.0236181
  7.1584E-05,   0.0226131
  7.1588E-05,   0.0221106
  7.1592E-05,   0.0221106
  7.1596E-05,    0.021608
    7.16E-05,    0.021608
  7.1604E-05,   0.0211055
  7.1608E-05,    0.020603
  7.1612E-05,   0.0201005
  7.1616E-05,   0.0201005
   7.162E-05,    0.019598
  7.1624E-05,   0.0190955
  7.1628E-05,   0.0190955
  7.1632E-05,    0.018593
  7.1636E-05,    0.018593
   7.164E-05,   0.0180905
  7.1644E-05,   0.0175879
  7.1648E-05,   0.0170854
  7.1652E-05,   0.0170854
  7.1656E-05,   0.0165829
   7.166E-05,   0.0160804
  7.1664E-05,   0.0160804
  7.1668E-05,   0.0155779
  7.1672E-05,   0.0150754
  7.1676E-05,   0.0150754
   7.168E-05,   0.0145729
  7.1684E-05,   0.0140704
  7.1688E-05,   0.0135678
  7.1692E-05,   0.0135678
  7.1696E-05,   0.0130653
    7.17E-05,   0.0125628
  7.1704E-05,   0.0120603
  7.1708E-05,   0.0120603
  7.1712E-05,   0.0115578
  7.1716E-05,   0.0110553
   7.172E-05,   0.0105528
  7.1724E-05,   0.0100503
  7.1728E-05,  0.00954774
  7.1732E-05,  0.00954774
  7.1736E-05,  0.00954774
   7.174E-05,  0.00904523
  7.1744E-05,  0.00854271
  7.1748E-05,   0.0080402
  7.1752E-05,   0.0080402
  7.1756E-05,  0.00753769
   7.176E-05,  0.00703518
  7.1764E-05,  0.00653266
  7.1768E-05,  0.00653266
  7.1772E-05,  0.00603015
  7.1776E-05,  0.00552764
   7.178E-05,  0.00552764
  7.1784E-05,  0.00502513
  7.1788E-05,  0.00452261
  7.1792E-05,   0.0040201
  7.1796E-05,   0.0040201
    7.18E-05,  0.00351759
  7.1804E-05,  0.00301508
  7.1808E-05,  0.00301508
  7.1812E-05,  0.00251256
  7.1816E-05,  0.00201005
   7.182E-05,  0.00150754
  7.1824E-05,  0.00150754
  7.1828E-05,  0.00100503
  7.1832E-05, 0.000502513
  7.1836E-05, 0.000502513
   7.184E-05,           0
  7.1844E-05,-0.000502513
  7.1848E-05, -0.00100503
  7.1852E-05, -0.00100503
  7.1856E-05, -0.00150754
   7.186E-05, -0.00201005
  7.1864E-05, -0.00251256
  7.1868E-05, -0.00301508
  7.1872E-05, -0.00301508
  7.1876E-05, -0.00351759
   7.188E-05, -0.00351759
  7.1884E-05,  -0.0040201
  7.1888E-05, -0.00452261
  7.1892E-05, -0.00502513
  7.1896E-05, -0.00552764
    7.19E-05, -0.00552764
  7.1904E-05, -0.00603015
  7.1908E-05, -0.00653266
  7.1912E-05, -0.00653266
  7.1916E-05, -0.00703518
   7.192E-05, -0.00753769
  7.1924E-05, -0.00753769
  7.1928E-05,  -0.0080402
  7.1932E-05, -0.00854271
  7.1936E-05, -0.00904523
   7.194E-05, -0.00904523
  7.1944E-05, -0.00954774
  7.1948E-05,  -0.0100503
  7.1952E-05,  -0.0105528
  7.1956E-05,  -0.0105528
   7.196E-05,  -0.0110553
  7.1964E-05,  -0.0115578
  7.1968E-05,  -0.0115578
  7.1972E-05,  -0.0120603
  7.1976E-05,  -0.0120603
   7.198E-05,  -0.0130653
  7.1984E-05,  -0.0130653
  7.1988E-05,  -0.0135678
  7.1992E-05,  -0.0135678
  7.1996E-05,  -0.0140704
     7.2E-05,  -0.0145729
  7.2004E-05,  -0.0145729
  7.2008E-05,  -0.0150754
  7.2012E-05,  -0.0155779
  7.2016E-05,  -0.0155779
   7.202E-05,  -0.0160804
  7.2024E-05,  -0.0165829
  7.2028E-05,  -0.0170854
  7.2032E-05,  -0.0170854
  7.2036E-05,  -0.0175879
   7.204E-05,  -0.0180905
  7.2044E-05,  -0.0180905
  7.2048E-05,   -0.018593
  7.2052E-05,   -0.018593
  7.2056E-05,  -0.0190955
   7.206E-05,   -0.019598
  7.2064E-05,  -0.0201005
  7.2068E-05,  -0.0201005
  7.2072E-05,   -0.020603
  7.2076E-05,  -0.0211055
   7.208E-05,  -0.0211055
  7.2084E-05,   -0.021608
  7.2088E-05,   -0.021608
  7.2092E-05,  -0.0221106
  7.2096E-05,  -0.0226131
    7.21E-05,  -0.0226131
  7.2104E-05,  -0.0231156
  7.2108E-05,  -0.0236181
  7.2112E-05,  -0.0241206
  7.2116E-05,  -0.0241206
   7.212E-05,  -0.0246231
  7.2124E-05,  -0.0251256
  7.2128E-05,  -0.0251256
  7.2132E-05,  -0.0251256
  7.2136E-05,  -0.0256281
   7.214E-05,  -0.0261307
  7.2144E-05,  -0.0266332
  7.2148E-05,  -0.0271357
  7.2152E-05,  -0.0271357
  7.2156E-05,  -0.0276382
   7.216E-05,  -0.0281407
  7.2164E-05,  -0.0281407
  7.2168E-05,  -0.0286432
  7.2172E-05,  -0.0286432
  7.2176E-05,  -0.0291457
   7.218E-05,  -0.0296482
  7.2184E-05,  -0.0296482
  7.2188E-05,  -0.0301508
  7.2192E-05,  -0.0301508
  7.2196E-05,  -0.0306533
    7.22E-05,  -0.0311558
  7.2204E-05,  -0.0311558
  7.2208E-05,  -0.0316583
  7.2212E-05,  -0.0321608
  7.2216E-05,  -0.0321608
   7.222E-05,  -0.0326633
  7.2224E-05,  -0.0331658
  7.2228E-05,  -0.0336683
  7.2232E-05,  -0.0336683
  7.2236E-05,  -0.0341709
   7.224E-05,  -0.0346734
  7.2244E-05,  -0.0346734
  7.2248E-05,  -0.0351759
  7.2252E-05,  -0.0356784
  7.2256E-05,  -0.0356784
   7.226E-05,  -0.0361809
  7.2264E-05,  -0.0361809
  7.2268E-05,  -0.0366834
  7.2272E-05,  -0.0371859
  7.2276E-05,  -0.0371859
   7.228E-05,  -0.0376884
  7.2284E-05,   -0.038191
  7.2288E-05,   -0.038191
  7.2292E-05,  -0.0386935
  7.2296E-05,   -0.039196
    7.23E-05,   -0.039196
  7.2304E-05,  -0.0396985
  7.2308E-05,   -0.040201
  7.2312E-05,   -0.040201
  7.2316E-05,  -0.0407035
   7.232E-05,   -0.041206
  7.2324E-05,   -0.041206
  7.2328E-05,  -0.0417085
  7.2332E-05,  -0.0417085
  7.2336E-05,  -0.0422111
   7.234E-05,  -0.0427136
  7.2344E-05,  -0.0427136
  7.2348E-05,  -0.0437186
  7.2352E-05,  -0.0432161
  7.2356E-05,  -0.0437186
   7.236E-05,  -0.0442211
  7.2364E-05,  -0.0447236
  7.2368E-05,  -0.0447236
  7.2372E-05,  -0.0447236
  7.2376E-05,  -0.0452261
   7.238E-05,  -0.0457286
  7.2384E-05,  -0.0462312
  7.2388E-05,  -0.0467337
  7.2392E-05,  -0.0467337
  7.2396E-05,  -0.0467337
    7.24E-05,  -0.0472362
  7.2404E-05,  -0.0477387
  7.2408E-05,  -0.0482412
  7.2412E-05,  -0.0482412
  7.2416E-05,  -0.0487437
   7.242E-05,  -0.0492462
  7.2424E-05,  -0.0497487
  7.2428E-05,  -0.0497487
  7.2432E-05,  -0.0502513
  7.2436E-05,  -0.0502513
   7.244E-05,  -0.0507538
  7.2444E-05,  -0.0507538
  7.2448E-05,  -0.0512563
  7.2452E-05,  -0.0517588
  7.2456E-05,  -0.0522613
   7.246E-05,  -0.0522613
  7.2464E-05,  -0.0522613
  7.2468E-05,  -0.0527638
  7.2472E-05,  -0.0532663
  7.2476E-05,  -0.0537688
   7.248E-05,  -0.0537688
  7.2484E-05,  -0.0542714
  7.2488E-05,  -0.0547739
  7.2492E-05,  -0.0547739
  7.2496E-05,  -0.0552764
    7.25E-05,  -0.0552764
  7.2504E-05,  -0.0557789
  7.2508E-05,  -0.0562814
  7.2512E-05,  -0.0562814
  7.2516E-05,  -0.0572864
   7.252E-05,  -0.0572864
  7.2524E-05,  -0.0572864
  7.2528E-05,  -0.0577889
  7.2532E-05,  -0.0582915
  7.2536E-05,  -0.0582915
   7.254E-05,  -0.0582915
  7.2544E-05,   -0.058794
  7.2548E-05,  -0.0592965
  7.2552E-05,   -0.059799
  7.2556E-05,   -0.059799
   7.256E-05,  -0.0603015
  7.2564E-05,  -0.0603015
  7.2568E-05,   -0.060804
  7.2572E-05,  -0.0613065
  7.2576E-05,  -0.0613065
   7.258E-05,  -0.0613065
  7.2584E-05,   -0.061809
  7.2588E-05,  -0.0623116
  7.2592E-05,  -0.0628141
  7.2596E-05,  -0.0628141
    7.26E-05,  -0.0633166
  7.2604E-05,  -0.0633166
  7.2608E-05,  -0.0638191
  7.2612E-05,  -0.0643216
  7.2616E-05,  -0.0643216
   7.262E-05,  -0.0648241
  7.2624E-05,  -0.0653266
  7.2628E-05,  -0.0653266
  7.2632E-05,  -0.0658291
  7.2636E-05,  -0.0658291
   7.264E-05,  -0.0663317
  7.2644E-05,  -0.0663317
  7.2648E-05,  -0.0668342
  7.2652E-05,  -0.0673367
  7.2656E-05,  -0.0678392
   7.266E-05,  -0.0678392
  7.2664E-05,  -0.0683417
  7.2668E-05,  -0.0683417
  7.2672E-05,  -0.0683417
  7.2676E-05,  -0.0693467
   7.268E-05,  -0.0693467
  7.2684E-05,  -0.0693467
  7.2688E-05,  -0.0698492
  7.2692E-05,  -0.0703518
  7.2696E-05,  -0.0708543
    7.27E-05,  -0.0703518
  7.2704E-05,  -0.0713568
  7.2708E-05,  -0.0713568
  7.2712E-05,  -0.0718593
  7.2716E-05,  -0.0718593
   7.272E-05,  -0.0723618
  7.2724E-05,  -0.0728643
  7.2728E-05,  -0.0728643
  7.2732E-05,  -0.0728643
  7.2736E-05,  -0.0733668
   7.274E-05,  -0.0733668
  7.2744E-05,  -0.0738693
  7.2748E-05,  -0.0743719
  7.2752E-05,  -0.0743719
  7.2756E-05,  -0.0748744
   7.276E-05,  -0.0753769
  7.2764E-05,  -0.0753769
  7.2768E-05,  -0.0753769
  7.2772E-05,  -0.0758794
  7.2776E-05,  -0.0763819
   7.278E-05,  -0.0763819
  7.2784E-05,  -0.0768844
  7.2788E-05,  -0.0773869
  7.2792E-05,  -0.0773869
  7.2796E-05,  -0.0773869
    7.28E-05,  -0.0778894
  7.2804E-05,   -0.078392
  7.2808E-05,   -0.078392
  7.2812E-05,  -0.0788945
  7.2816E-05,   -0.079397
   7.282E-05,   -0.079397
  7.2824E-05,  -0.0798995
  7.2828E-05,  -0.0798995
  7.2832E-05,   -0.080402
  7.2836E-05,   -0.080402
   7.284E-05,  -0.0809045
  7.2844E-05,  -0.0809045
  7.2848E-05,  -0.0809045
  7.2852E-05,   -0.081407
  7.2856E-05,  -0.0819095
   7.286E-05,  -0.0824121
  7.2864E-05,  -0.0824121
  7.2868E-05,  -0.0824121
  7.2872E-05,  -0.0829146
  7.2876E-05,  -0.0834171
   7.288E-05,  -0.0834171
  7.2884E-05,  -0.0839196
  7.2888E-05,  -0.0844221
  7.2892E-05,  -0.0844221
  7.2896E-05,  -0.0844221
    7.29E-05,  -0.0849246
  7.2904E-05,  -0.0854271
  7.2908E-05,  -0.0854271
  7.2912E-05,  -0.0854271
  7.2916E-05,  -0.0859296
   7.292E-05,  -0.0859296
  7.2924E-05,  -0.0864322
  7.2928E-05,  -0.0869347
  7.2932E-05,  -0.0869347
  7.2936E-05,  -0.0869347
   7.294E-05,  -0.0874372
  7.2944E-05,  -0.0874372
  7.2948E-05,  -0.0874372
  7.2952E-05,  -0.0879397
  7.2956E-05,  -0.0884422
   7.296E-05,  -0.0889447
  7.2964E-05,  -0.0889447
  7.2968E-05,  -0.0889447
  7.2972E-05,  -0.0894472
  7.2976E-05,  -0.0894472
   7.298E-05,  -0.0899497
  7.2984E-05,  -0.0899497
  7.2988E-05,  -0.0904523
  7.2992E-05,  -0.0904523
  7.2996E-05,  -0.0909548
     7.3E-05,  -0.0909548
  7.3004E-05,  -0.0909548
  7.3008E-05,  -0.0914573
  7.3012E-05,  -0.0914573
  7.3016E-05,  -0.0919598
   7.302E-05,  -0.0924623
  7.3024E-05,  -0.0924623
  7.3028E-05,  -0.0924623
  7.3032E-05,  -0.0924623
  7.3036E-05,  -0.0934673
   7.304E-05,  -0.0934673
  7.3044E-05,  -0.0934673
  7.3048E-05,  -0.0934673
  7.3052E-05,  -0.0939699
  7.3056E-05,  -0.0944724
   7.306E-05,  -0.0944724
  7.3064E-05,  -0.0944724
  7.3068E-05,  -0.0944724
  7.3072E-05,  -0.0949749
  7.3076E-05,  -0.0949749
   7.308E-05,  -0.0949749
  7.3084E-05,  -0.0954774
  7.3088E-05,  -0.0959799
  7.3092E-05,  -0.0959799
  7.3096E-05,  -0.0959799
    7.31E-05,  -0.0964824
  7.3104E-05,  -0.0964824
  7.3108E-05,  -0.0964824
  7.3112E-05,  -0.0969849
  7.3116E-05,  -0.0969849
   7.312E-05,  -0.0974874
  7.3124E-05,  -0.0974874
  7.3128E-05,  -0.0974874
  7.3132E-05,  -0.0979899
  7.3136E-05,  -0.0979899
   7.314E-05,  -0.0979899
  7.3144E-05,  -0.0984925
  7.3148E-05,  -0.0984925
  7.3152E-05,   -0.098995
  7.3156E-05,   -0.098995
   7.316E-05,  -0.0994975
  7.3164E-05,  -0.0994975
  7.3168E-05,  -0.0994975
  7.3172E-05,        -0.1
  7.3176E-05,        -0.1
   7.318E-05,        -0.1
  7.3184E-05,   -0.100503
  7.3188E-05,   -0.101005
  7.3192E-05,   -0.100503
  7.3196E-05,   -0.100503
    7.32E-05,   -0.101005
  7.3204E-05,   -0.101005
  7.3208E-05,   -0.101005
  7.3212E-05,   -0.101005
  7.3216E-05,   -0.101508
   7.322E-05,   -0.101508
  7.3224E-05,   -0.101508
  7.3228E-05,    -0.10201
  7.3232E-05,    -0.10201
  7.3236E-05,    -0.10201
   7.324E-05,    -0.10201
  7.3244E-05,   -0.102513
  7.3248E-05,   -0.103015
  7.3252E-05,   -0.102513
  7.3256E-05,   -0.103015
   7.326E-05,   -0.103015
  7.3264E-05,   -0.103518
  7.3268E-05,   -0.103518
  7.3272E-05,   -0.103518
  7.3276E-05,   -0.103518
   7.328E-05,    -0.10402
  7.3284E-05,    -0.10402
  7.3288E-05,    -0.10402
  7.3292E-05,   -0.104523
  7.3296E-05,   -0.104523
    7.33E-05,    -0.10402
  7.3304E-05,    -0.10402
  7.3308E-05,   -0.104523
  7.3312E-05,   -0.105025
  7.3316E-05,   -0.104523
   7.332E-05,   -0.104523
  7.3324E-05,   -0.105025
  7.3328E-05,   -0.105025
  7.3332E-05,   -0.105025
  7.3336E-05,   -0.105025
   7.334E-05,   -0.105025
  7.3344E-05,   -0.105025
  7.3348E-05,   -0.105528
  7.3352E-05,   -0.105528
  7.3356E-05,   -0.105528
   7.336E-05,   -0.105528
  7.3364E-05,    -0.10603
  7.3368E-05,    -0.10603
  7.3372E-05,    -0.10603
  7.3376E-05,   -0.106533
   7.338E-05,    -0.10603
  7.3384E-05,    -0.10603
  7.3388E-05,   -0.106533
  7.3392E-05,   -0.106533
  7.3396E-05,    -0.10603
    7.34E-05,    -0.10603
  7.3404E-05,   -0.106533
  7.3408E-05,   -0.106533
  7.3412E-05,    -0.10603
  7.3416E-05,   -0.106533
   7.342E-05,   -0.106533
  7.3424E-05,   -0.107035
  7.3428E-05,   -0.106533
  7.3432E-05,   -0.106533
  7.3436E-05,   -0.106533
   7.344E-05,   -0.106533
  7.3444E-05,   -0.106533
  7.3448E-05,   -0.106533
  7.3452E-05,   -0.106533
  7.3456E-05,   -0.106533
   7.346E-05,   -0.106533
  7.3464E-05,   -0.106533
  7.3468E-05,   -0.106533
  7.3472E-05,   -0.107035
  7.3476E-05,   -0.106533
   7.348E-05,   -0.107035
  7.3484E-05,   -0.107035
  7.3488E-05,   -0.107538
  7.3492E-05,   -0.107538
  7.3496E-05,   -0.107538
    7.35E-05,   -0.107538
  7.3504E-05,   -0.107538
  7.3508E-05,   -0.107538
  7.3512E-05,   -0.107538
  7.3516E-05,   -0.107538
   7.352E-05,   -0.107538
  7.3524E-05,   -0.107035
  7.3528E-05,   -0.107035
  7.3532E-05,   -0.107035
  7.3536E-05,   -0.107035
   7.354E-05,   -0.106533
  7.3544E-05,   -0.106533
  7.3548E-05,   -0.106533
  7.3552E-05,   -0.106533
  7.3556E-05,   -0.106533
   7.356E-05,   -0.107035
  7.3564E-05,   -0.107035
  7.3568E-05,   -0.106533
  7.3572E-05,   -0.107035
  7.3576E-05,   -0.107035
   7.358E-05,   -0.107035
  7.3584E-05,   -0.107035
  7.3588E-05,   -0.106533
  7.3592E-05,   -0.107035
  7.3596E-05,   -0.107035
    7.36E-05,   -0.106533
  7.3604E-05,   -0.106533
  7.3608E-05,   -0.106533
  7.3612E-05,    -0.10603
  7.3616E-05,   -0.106533
   7.362E-05,   -0.106533
  7.3624E-05,    -0.10603
  7.3628E-05,   -0.106533
  7.3632E-05,    -0.10603
  7.3636E-05,    -0.10603
   7.364E-05,    -0.10603
  7.3644E-05,    -0.10603
  7.3648E-05,    -0.10603
  7.3652E-05,    -0.10603
  7.3656E-05,    -0.10603
   7.366E-05,    -0.10603
  7.3664E-05,    -0.10603
  7.3668E-05,   -0.105528
  7.3672E-05,   -0.105528
  7.3676E-05,   -0.105528
   7.368E-05,   -0.105528
  7.3684E-05,   -0.105528
  7.3688E-05,   -0.105528
  7.3692E-05,   -0.105528
  7.3696E-05,   -0.105528
    7.37E-05,   -0.105025
  7.3704E-05,   -0.105025
  7.3708E-05,   -0.104523
  7.3712E-05,   -0.104523
  7.3716E-05,   -0.104523
   7.372E-05,   -0.104523
  7.3724E-05,   -0.104523
  7.3728E-05,    -0.10402
  7.3732E-05,    -0.10402
  7.3736E-05,    -0.10402
   7.374E-05,    -0.10402
  7.3744E-05,    -0.10402
  7.3748E-05,   -0.103518
  7.3752E-05,   -0.103518
  7.3756E-05,    -0.10402
   7.376E-05,   -0.103518
  7.3764E-05,   -0.103518
  7.3768E-05,   -0.103015
  7.3772E-05,   -0.103015
  7.3776E-05,   -0.103015
   7.378E-05,   -0.102513
  7.3784E-05,   -0.102513
  7.3788E-05,   -0.102513
  7.3792E-05,    -0.10201
  7.3796E-05,    -0.10201
    7.38E-05,   -0.102513
  7.3804E-05,    -0.10201
  7.3808E-05,   -0.101508
  7.3812E-05,   -0.101508
  7.3816E-05,   -0.101508
   7.382E-05,   -0.101005
  7.3824E-05,   -0.100503
  7.3828E-05,   -0.101005
  7.3832E-05,   -0.100503
  7.3836E-05,   -0.100503
   7.384E-05,   -0.100503
  7.3844E-05,        -0.1
  7.3848E-05,        -0.1
  7.3852E-05,        -0.1
  7.3856E-05,        -0.1
   7.386E-05,  -0.0994975
  7.3864E-05,  -0.0994975
  7.3868E-05,   -0.098995
  7.3872E-05,   -0.098995
  7.3876E-05,  -0.0984925
   7.388E-05,  -0.0984925
  7.3884E-05,  -0.0984925
  7.3888E-05,  -0.0979899
  7.3892E-05,  -0.0974874
  7.3896E-05,  -0.0974874
    7.39E-05,  -0.0974874
  7.3904E-05,  -0.0969849
  7.3908E-05,  -0.0969849
  7.3912E-05,  -0.0969849
  7.3916E-05,  -0.0964824
   7.392E-05,  -0.0964824
  7.3924E-05,  -0.0964824
  7.3928E-05,  -0.0959799
  7.3932E-05,  -0.0954774
  7.3936E-05,  -0.0954774
   7.394E-05,  -0.0949749
  7.3944E-05,  -0.0954774
  7.3948E-05,  -0.0944724
  7.3952E-05,  -0.0944724
  7.3956E-05,  -0.0939699
   7.396E-05,  -0.0939699
  7.3964E-05,  -0.0934673
  7.3968E-05,  -0.0929648
  7.3972E-05,  -0.0929648
  7.3976E-05,  -0.0929648
   7.398E-05,  -0.0924623
  7.3984E-05,  -0.0924623
  7.3988E-05,  -0.0919598
  7.3992E-05,  -0.0919598
  7.3996E-05,  -0.0914573
     7.4E-05,  -0.0914573
  7.4004E-05,  -0.0909548
  7.4008E-05,  -0.0904523
  7.4012E-05,  -0.0904523
  7.4016E-05,  -0.0899497
   7.402E-05,  -0.0899497
  7.4024E-05,  -0.0894472
  7.4028E-05,  -0.0894472
  7.4032E-05,  -0.0889447
  7.4036E-05,  -0.0884422
   7.404E-05,  -0.0884422
  7.4044E-05,  -0.0884422
  7.4048E-05,  -0.0879397
  7.4052E-05,  -0.0874372
  7.4056E-05,  -0.0874372
   7.406E-05,  -0.0874372
  7.4064E-05,  -0.0869347
  7.4068E-05,  -0.0864322
  7.4072E-05,  -0.0864322
  7.4076E-05,  -0.0859296
   7.408E-05,  -0.0854271
  7.4084E-05,  -0.0849246
  7.4088E-05,  -0.0854271
  7.4092E-05,  -0.0844221
  7.4096E-05,  -0.0839196
    7.41E-05,  -0.0839196
  7.4104E-05,  -0.0839196
  7.4108E-05,  -0.0829146
  7.4112E-05,  -0.0829146
  7.4116E-05,  -0.0829146
   7.412E-05,  -0.0824121
  7.4124E-05,  -0.0824121
  7.4128E-05,  -0.0819095
  7.4132E-05,  -0.0819095
  7.4136E-05,   -0.081407
   7.414E-05,  -0.0809045
  7.4144E-05,  -0.0809045
  7.4148E-05,   -0.080402
  7.4152E-05,  -0.0798995
  7.4156E-05,  -0.0798995
   7.416E-05,   -0.079397
  7.4164E-05,   -0.079397
  7.4168E-05,  -0.0788945
  7.4172E-05,   -0.078392
  7.4176E-05,  -0.0778894
   7.418E-05,  -0.0778894
  7.4184E-05,  -0.0773869
  7.4188E-05,  -0.0773869
  7.4192E-05,  -0.0768844
  7.4196E-05,  -0.0768844
    7.42E-05,  -0.0763819
  7.4204E-05,  -0.0758794
  7.4208E-05,  -0.0758794
  7.4212E-05,  -0.0753769
  7.4216E-05,  -0.0753769
   7.422E-05,  -0.0748744
  7.4224E-05,  -0.0743719
  7.4228E-05,  -0.0743719
  7.4232E-05,  -0.0738693
  7.4236E-05,  -0.0733668
   7.424E-05,  -0.0733668
  7.4244E-05,  -0.0728643
  7.4248E-05,  -0.0728643
  7.4252E-05,  -0.0723618
  7.4256E-05,  -0.0723618
   7.426E-05,  -0.0718593
  7.4264E-05,  -0.0713568
  7.4268E-05,  -0.0713568
  7.4272E-05,  -0.0708543
  7.4276E-05,  -0.0708543
   7.428E-05,  -0.0703518
  7.4284E-05,  -0.0703518
  7.4288E-05,  -0.0698492
  7.4292E-05,  -0.0693467
  7.4296E-05,  -0.0693467
    7.43E-05,  -0.0688442
  7.4304E-05,  -0.0683417
  7.4308E-05,  -0.0683417
  7.4312E-05,  -0.0678392
  7.4316E-05,  -0.0673367
   7.432E-05,  -0.0673367
  7.4324E-05,  -0.0673367
  7.4328E-05,  -0.0668342
  7.4332E-05,  -0.0663317
  7.4336E-05,  -0.0663317
   7.434E-05,  -0.0658291
  7.4344E-05,  -0.0653266
  7.4348E-05,  -0.0653266
  7.4352E-05,  -0.0653266
  7.4356E-05,  -0.0648241
   7.436E-05,  -0.0648241
  7.4364E-05,  -0.0643216
  7.4368E-05,  -0.0638191
  7.4372E-05,  -0.0633166
  7.4376E-05,  -0.0633166
   7.438E-05,  -0.0633166
  7.4384E-05,  -0.0628141
  7.4388E-05,  -0.0628141
  7.4392E-05,  -0.0623116
  7.4396E-05,   -0.061809
    7.44E-05,   -0.061809
  7.4404E-05,  -0.0613065
  7.4408E-05,  -0.0613065
  7.4412E-05,   -0.060804
  7.4416E-05,   -0.060804
   7.442E-05,   -0.060804
  7.4424E-05,  -0.0603015
  7.4428E-05,   -0.059799
  7.4432E-05,   -0.059799
  7.4436E-05,  -0.0592965
   7.444E-05,   -0.058794
  7.4444E-05,   -0.058794
  7.4448E-05,  -0.0582915
  7.4452E-05,  -0.0582915
  7.4456E-05,  -0.0577889
   7.446E-05,  -0.0577889
  7.4464E-05,  -0.0572864
  7.4468E-05,  -0.0567839
  7.4472E-05,  -0.0567839
  7.4476E-05,  -0.0562814
   7.448E-05,  -0.0562814
  7.4484E-05,  -0.0557789
  7.4488E-05,  -0.0557789
  7.4492E-05,  -0.0552764
  7.4496E-05,  -0.0552764
    7.45E-05,  -0.0547739
  7.4504E-05,  -0.0547739
  7.4508E-05,  -0.0542714
  7.4512E-05,  -0.0537688
  7.4516E-05,  -0.0537688
   7.452E-05,  -0.0537688
  7.4524E-05,  -0.0532663
  7.4528E-05,  -0.0527638
  7.4532E-05,  -0.0527638
  7.4536E-05,  -0.0522613
   7.454E-05,  -0.0517588
  7.4544E-05,  -0.0517588
  7.4548E-05,  -0.0512563
  7.4552E-05,  -0.0507538
  7.4556E-05,  -0.0507538
   7.456E-05,  -0.0507538
  7.4564E-05,  -0.0502513
  7.4568E-05,  -0.0497487
  7.4572E-05,  -0.0497487
  7.4576E-05,  -0.0492462
   7.458E-05,  -0.0492462
  7.4584E-05,  -0.0487437
  7.4588E-05,  -0.0482412
  7.4592E-05,  -0.0482412
  7.4596E-05,  -0.0482412
    7.46E-05,  -0.0477387
  7.4604E-05,  -0.0472362
  7.4608E-05,  -0.0472362
  7.4612E-05,  -0.0467337
  7.4616E-05,  -0.0462312
   7.462E-05,  -0.0457286
  7.4624E-05,  -0.0457286
  7.4628E-05,  -0.0452261
  7.4632E-05,  -0.0447236
  7.4636E-05,  -0.0447236
   7.464E-05,  -0.0442211
  7.4644E-05,  -0.0442211
  7.4648E-05,  -0.0437186
  7.4652E-05,  -0.0432161
  7.4656E-05,  -0.0427136
   7.466E-05,  -0.0427136
  7.4664E-05,  -0.0422111
  7.4668E-05,  -0.0422111
  7.4672E-05,  -0.0417085
  7.4676E-05,   -0.041206
   7.468E-05,  -0.0407035
  7.4684E-05,  -0.0407035
  7.4688E-05,   -0.040201
  7.4692E-05,  -0.0396985
  7.4696E-05,  -0.0396985
    7.47E-05,   -0.039196
  7.4704E-05,  -0.0386935
  7.4708E-05,  -0.0386935
  7.4712E-05,   -0.038191
  7.4716E-05,  -0.0376884
   7.472E-05,  -0.0371859
  7.4724E-05,  -0.0371859
  7.4728E-05,  -0.0366834
  7.4732E-05,  -0.0361809
  7.4736E-05,  -0.0356784
   7.474E-05,  -0.0351759
  7.4744E-05,  -0.0351759
  7.4748E-05,  -0.0346734
  7.4752E-05,  -0.0341709
  7.4756E-05,  -0.0336683
   7.476E-05,  -0.0336683
  7.4764E-05,  -0.0331658
  7.4768E-05,  -0.0326633
  7.4772E-05,  -0.0321608
  7.4776E-05,  -0.0316583
   7.478E-05,  -0.0311558
  7.4784E-05,  -0.0311558
  7.4788E-05,  -0.0306533
  7.4792E-05,  -0.0301508
  7.4796E-05,  -0.0296482
    7.48E-05,  -0.0296482
  7.4804E-05,  -0.0291457
  7.4808E-05,  -0.0286432
  7.4812E-05,  -0.0281407
  7.4816E-05,  -0.0276382
   7.482E-05,  -0.0276382
  7.4824E-05,  -0.0271357
  7.4828E-05,  -0.0266332
  7.4832E-05,  -0.0261307
  7.4836E-05,  -0.0256281
   7.484E-05,  -0.0251256
  7.4844E-05,  -0.0246231
  7.4848E-05,  -0.0241206
  7.4852E-05,  -0.0241206
  7.4856E-05,  -0.0236181
   7.486E-05,  -0.0226131
  7.4864E-05,  -0.0226131
  7.4868E-05,  -0.0221106
  7.4872E-05,   -0.021608
  7.4876E-05,  -0.0211055
   7.488E-05,   -0.020603
  7.4884E-05,   -0.020603
  7.4888E-05,  -0.0201005
  7.4892E-05,   -0.019598
  7.4896E-05,  -0.0190955
    7.49E-05,   -0.018593
  7.4904E-05,  -0.0180905
  7.4908E-05,  -0.0175879
  7.4912E-05,  -0.0170854
  7.4916E-05,  -0.0165829
   7.492E-05,  -0.0160804
  7.4924E-05,  -0.0160804
  7.4928E-05,  -0.0155779
  7.4932E-05,  -0.0150754
  7.4936E-05,  -0.0140704
   7.494E-05,  -0.0140704
  7.4944E-05,  -0.0135678
  7.4948E-05,  -0.0130653
  7.4952E-05,  -0.0125628
  7.4956E-05,  -0.0125628
   7.496E-05,  -0.0120603
  7.4964E-05,  -0.0110553
  7.4968E-05,  -0.0105528
  7.4972E-05,  -0.0105528
  7.4976E-05, -0.00954774
   7.498E-05, -0.00954774
  7.4984E-05, -0.00904523
  7.4988E-05, -0.00854271
  7.4992E-05,  -0.0080402
  7.4996E-05, -0.00753769
     7.5E-05, -0.00703518
  7.5004E-05, -0.00653266
  7.5008E-05, -0.00603015
  7.5012E-05, -0.00552764
  7.5016E-05, -0.00502513
   7.502E-05, -0.00502513
  7.5024E-05,  -0.0040201
  7.5028E-05, -0.00351759
  7.5032E-05, -0.00351759
  7.5036E-05, -0.00251256
   7.504E-05, -0.00201005
  7.5044E-05, -0.00150754
  7.5048E-05, -0.00150754
  7.5052E-05, -0.00100503
  7.5056E-05,-0.000502513
   7.506E-05,           0
  7.5064E-05, 0.000502513
  7.5068E-05,  0.00100503
  7.5072E-05,  0.00150754
  7.5076E-05,  0.00150754
   7.508E-05,  0.00251256
  7.5084E-05,  0.00251256
  7.5088E-05,  0.00301508
  7.5092E-05,  0.00351759
  7.5096E-05,   0.0040201
    7.51E-05,  0.00452261
  7.5104E-05,  0.00502513
  7.5108E-05,  0.00552764
  7.5112E-05,  0.00603015
  7.5116E-05,  0.00603015
   7.512E-05,  0.00703518
  7.5124E-05,  0.00753769
  7.5128E-05,  0.00753769
  7.5132E-05,   0.0080402
  7.5136E-05,  0.00854271
   7.514E-05,  0.00954774
  7.5144E-05,  0.00954774
  7.5148E-05,   0.0100503
  7.5152E-05,   0.0105528
  7.5156E-05,   0.0110553
   7.516E-05,   0.0110553
  7.5164E-05,   0.0115578
  7.5168E-05,   0.0120603
  7.5172E-05,   0.0125628
  7.5176E-05,   0.0130653
   7.518E-05,   0.0130653
  7.5184E-05,   0.0135678
  7.5188E-05,   0.0140704
  7.5192E-05,   0.0145729
  7.5196E-05,   0.0150754
    7.52E-05,   0.0155779
  7.5204E-05,   0.0160804
  7.5208E-05,   0.0165829
  7.5212E-05,   0.0165829
  7.5216E-05,   0.0170854
   7.522E-05,   0.0175879
  7.5224E-05,   0.0180905
  7.5228E-05,    0.018593
  7.5232E-05,   0.0190955
  7.5236E-05,    0.019598
   7.524E-05,    0.019598
  7.5244E-05,   0.0201005
  7.5248E-05,    0.020603
  7.5252E-05,   0.0211055
  7.5256E-05,   0.0211055
   7.526E-05,    0.021608
  7.5264E-05,   0.0221106
  7.5268E-05,   0.0226131
  7.5272E-05,   0.0231156
  7.5276E-05,   0.0231156
   7.528E-05,   0.0236181
  7.5284E-05,   0.0241206
  7.5288E-05,   0.0246231
  7.5292E-05,   0.0251256
  7.5296E-05,   0.0251256
    7.53E-05,   0.0261307
  7.5304E-05,   0.0261307
  7.5308E-05,   0.0266332
  7.5312E-05,   0.0271357
  7.5316E-05,   0.0276382
   7.532E-05,   0.0276382
  7.5324E-05,   0.0281407
  7.5328E-05,   0.0286432
  7.5332E-05,   0.0291457
  7.5336E-05,   0.0296482
   7.534E-05,   0.0301508
  7.5344E-05,   0.0301508
  7.5348E-05,   0.0306533
  7.5352E-05,   0.0311558
  7.5356E-05,   0.0311558
   7.536E-05,   0.0316583
  7.5364E-05,   0.0326633
  7.5368E-05,   0.0326633
  7.5372E-05,   0.0331658
  7.5376E-05,   0.0336683
   7.538E-05,   0.0341709
  7.5384E-05,   0.0341709
  7.5388E-05,   0.0346734
  7.5392E-05,   0.0351759
  7.5396E-05,   0.0356784
    7.54E-05,   0.0356784
  7.5404E-05,   0.0361809
  7.5408E-05,   0.0366834
  7.5412E-05,   0.0371859
  7.5416E-05,   0.0376884
   7.542E-05,    0.038191
  7.5424E-05,    0.038191
  7.5428E-05,   0.0386935
  7.5432E-05,   0.0386935
  7.5436E-05,   0.0396985
   7.544E-05,    0.040201
  7.5444E-05,    0.040201
  7.5448E-05,   0.0407035
  7.5452E-05,    0.041206
  7.5456E-05,    0.041206
   7.546E-05,   0.0422111
  7.5464E-05,   0.0422111
  7.5468E-05,   0.0427136
  7.5472E-05,   0.0432161
  7.5476E-05,   0.0437186
   7.548E-05,   0.0442211
  7.5484E-05,   0.0442211
  7.5488E-05,   0.0447236
  7.5492E-05,   0.0452261
  7.5496E-05,   0.0457286
    7.55E-05,   0.0462312
  7.5504E-05,   0.0467337
  7.5508E-05,   0.0467337
  7.5512E-05,   0.0472362
  7.5516E-05,   0.0477387
   7.552E-05,   0.0482412
  7.5524E-05,   0.0487437
  7.5528E-05,   0.0487437
  7.5532E-05,   0.0497487
  7.5536E-05,   0.0497487
   7.554E-05,   0.0502513
  7.5544E-05,   0.0507538
  7.5548E-05,   0.0512563
  7.5552E-05,   0.0512563
  7.5556E-05,   0.0522613
   7.556E-05,   0.0522613
  7.5564E-05,   0.0527638
  7.5568E-05,   0.0532663
  7.5572E-05,   0.0537688
  7.5576E-05,   0.0542714
   7.558E-05,   0.0542714
  7.5584E-05,   0.0547739
  7.5588E-05,   0.0552764
  7.5592E-05,   0.0557789
  7.5596E-05,   0.0562814
    7.56E-05,   0.0567839
  7.5604E-05,   0.0572864
  7.5608E-05,   0.0577889
  7.5612E-05,   0.0582915
  7.5616E-05,   0.0582915
   7.562E-05,    0.058794
  7.5624E-05,   0.0592965
  7.5628E-05,    0.059799
  7.5632E-05,   0.0603015
  7.5636E-05,    0.060804
   7.564E-05,   0.0613065
  7.5644E-05,    0.061809
  7.5648E-05,    0.061809
  7.5652E-05,   0.0623116
  7.5656E-05,   0.0628141
   7.566E-05,   0.0633166
  7.5664E-05,   0.0633166
  7.5668E-05,   0.0643216
  7.5672E-05,   0.0648241
  7.5676E-05,   0.0653266
   7.568E-05,   0.0653266
  7.5684E-05,   0.0658291
  7.5688E-05,   0.0663317
  7.5692E-05,   0.0668342
  7.5696E-05,   0.0673367
    7.57E-05,   0.0678392
  7.5704E-05,   0.0683417
  7.5708E-05,   0.0683417
  7.5712E-05,   0.0693467
  7.5716E-05,   0.0698492
   7.572E-05,   0.0698492
  7.5724E-05,   0.0708543
  7.5728E-05,   0.0708543
  7.5732E-05,   0.0713568
  7.5736E-05,   0.0713568
   7.574E-05,   0.0723618
  7.5744E-05,   0.0728643
  7.5748E-05,   0.0733668
  7.5752E-05,   0.0733668
  7.5756E-05,   0.0738693
   7.576E-05,   0.0743719
  7.5764E-05,   0.0748744
  7.5768E-05,   0.0753769
  7.5772E-05,   0.0758794
  7.5776E-05,   0.0763819
   7.578E-05,   0.0768844
  7.5784E-05,   0.0768844
  7.5788E-05,   0.0773869
  7.5792E-05,   0.0778894
  7.5796E-05,    0.078392
    7.58E-05,   0.0788945
  7.5804E-05,    0.079397
  7.5808E-05,   0.0798995
  7.5812E-05,    0.080402
  7.5816E-05,    0.080402
   7.582E-05,    0.081407
  7.5824E-05,    0.081407
  7.5828E-05,   0.0819095
  7.5832E-05,   0.0824121
  7.5836E-05,   0.0829146
   7.584E-05,   0.0829146
  7.5844E-05,   0.0834171
  7.5848E-05,   0.0839196
  7.5852E-05,   0.0844221
  7.5856E-05,   0.0844221
   7.586E-05,   0.0849246
  7.5864E-05,   0.0854271
  7.5868E-05,   0.0859296
  7.5872E-05,   0.0864322
  7.5876E-05,   0.0869347
   7.588E-05,   0.0869347
  7.5884E-05,   0.0874372
  7.5888E-05,   0.0874372
  7.5892E-05,   0.0879397
  7.5896E-05,   0.0884422
    7.59E-05,   0.0889447
  7.5904E-05,   0.0889447
  7.5908E-05,   0.0894472
  7.5912E-05,   0.0899497
  7.5916E-05,   0.0904523
   7.592E-05,   0.0904523
  7.5924E-05,   0.0909548
  7.5928E-05,   0.0914573
  7.5932E-05,   0.0919598
  7.5936E-05,   0.0919598
   7.594E-05,   0.0924623
  7.5944E-05,   0.0924623
  7.5948E-05,   0.0929648
  7.5952E-05,   0.0934673
  7.5956E-05,   0.0939699
   7.596E-05,   0.0939699
  7.5964E-05,   0.0939699
  7.5968E-05,   0.0949749
  7.5972E-05,   0.0949749
  7.5976E-05,   0.0954774
   7.598E-05,   0.0959799
  7.5984E-05,   0.0959799
  7.5988E-05,   0.0964824
  7.5992E-05,   0.0959799
  7.5996E-05,   0.0964824
     7.6E-05,   0.0969849
  7.6004E-05,   0.0969849
  7.6008E-05,   0.0974874
  7.6012E-05,   0.0974874
  7.6016E-05,   0.0979899
   7.602E-05,   0.0984925
  7.6024E-05,   0.0984925
  7.6028E-05,   0.0984925
  7.6032E-05,   0.0984925
  7.6036E-05,    0.098995
   7.604E-05,   0.0994975
  7.6044E-05,   0.0994975
  7.6048E-05,         0.1
  7.6052E-05,         0.1
  7.6056E-05,         0.1
   7.606E-05,         0.1
  7.6064E-05,    0.100503
  7.6068E-05,    0.100503
  7.6072E-05,    0.100503
  7.6076E-05,    0.101005
   7.608E-05,    0.101005
  7.6084E-05,    0.101508
  7.6088E-05,    0.101005
  7.6092E-05,    0.101508
  7.6096E-05,    0.101508
    7.61E-05,     0.10201
  7.6104E-05,     0.10201
  7.6108E-05,     0.10201
  7.6112E-05,    0.102513
  7.6116E-05,    0.102513
   7.612E-05,    0.102513
  7.6124E-05,    0.103015
  7.6128E-05,    0.103015
  7.6132E-05,    0.103015
  7.6136E-05,    0.103015
   7.614E-05,    0.103015
  7.6144E-05,    0.103015
  7.6148E-05,    0.103518
  7.6152E-05,    0.103015
  7.6156E-05,    0.103518
   7.616E-05,    0.103015
  7.6164E-05,    0.103518
  7.6168E-05,    0.103518
  7.6172E-05,    0.103518
  7.6176E-05,    0.103518
   7.618E-05,    0.103518
  7.6184E-05,    0.103518
  7.6188E-05,    0.103518
  7.6192E-05,    0.103518
  7.6196E-05,    0.103518
    7.62E-05,    0.103518
  7.6204E-05,    0.103518
  7.6208E-05,    0.103518
  7.6212E-05,    0.103518
  7.6216E-05,    0.103518
   7.622E-05,    0.103518
  7.6224E-05,    0.103518
  7.6228E-05,    0.103015
  7.6232E-05,    0.103518
  7.6236E-05,    0.103518
   7.624E-05,    0.103518
  7.6244E-05,    0.103015
  7.6248E-05,    0.103015
  7.6252E-05,    0.103015
  7.6256E-05,    0.103015
   7.626E-05,    0.103015
  7.6264E-05,    0.103015
  7.6268E-05,    0.102513
  7.6272E-05,    0.103015
  7.6276E-05,    0.103015
   7.628E-05,    0.102513
  7.6284E-05,    0.102513
  7.6288E-05,     0.10201
  7.6292E-05,     0.10201
  7.6296E-05,     0.10201
    7.63E-05,     0.10201
  7.6304E-05,     0.10201
  7.6308E-05,    0.101508
  7.6312E-05,    0.101508
  7.6316E-05,    0.101508
   7.632E-05,    0.101005
  7.6324E-05,    0.101005
  7.6328E-05,    0.101005
  7.6332E-05,    0.101005
  7.6336E-05,    0.100503
   7.634E-05,    0.100503
  7.6344E-05,    0.100503
  7.6348E-05,    0.100503
  7.6352E-05,   0.0994975
  7.6356E-05,   0.0994975
   7.636E-05,   0.0994975
  7.6364E-05,   0.0994975
  7.6368E-05,    0.098995
  7.6372E-05,   0.0984925
  7.6376E-05,   0.0984925
   7.638E-05,   0.0984925
  7.6384E-05,   0.0979899
  7.6388E-05,   0.0979899
  7.6392E-05,   0.0979899
  7.6396E-05,   0.0974874
    7.64E-05,   0.0974874
  7.6404E-05,   0.0969849
  7.6408E-05,   0.0969849
  7.6412E-05,   0.0969849
  7.6416E-05,   0.0959799
   7.642E-05,   0.0964824
  7.6424E-05,   0.0959799
  7.6428E-05,   0.0954774
  7.6432E-05,   0.0954774
  7.6436E-05,   0.0954774
   7.644E-05,   0.0949749
  7.6444E-05,   0.0944724
  7.6448E-05,   0.0944724
  7.6452E-05,   0.0944724
  7.6456E-05,   0.0934673
   7.646E-05,   0.0934673
  7.6464E-05,   0.0934673
  7.6468E-05,   0.0929648
  7.6472E-05,   0.0924623
  7.6476E-05,   0.0924623
   7.648E-05,   0.0919598
  7.6484E-05,   0.0919598
  7.6488E-05,   0.0909548
  7.6492E-05,   0.0909548
  7.6496E-05,   0.0909548
    7.65E-05,   0.0904523
  7.6504E-05,   0.0904523
  7.6508E-05,   0.0899497
  7.6512E-05,   0.0894472
  7.6516E-05,   0.0894472
   7.652E-05,   0.0889447
  7.6524E-05,   0.0884422
  7.6528E-05,   0.0879397
  7.6532E-05,   0.0879397
  7.6536E-05,   0.0874372
   7.654E-05,   0.0874372
  7.6544E-05,   0.0869347
  7.6548E-05,   0.0864322
  7.6552E-05,   0.0859296
  7.6556E-05,   0.0859296
   7.656E-05,   0.0854271
  7.6564E-05,   0.0849246
  7.6568E-05,   0.0844221
  7.6572E-05,   0.0839196
  7.6576E-05,   0.0839196
   7.658E-05,   0.0834171
  7.6584E-05,   0.0824121
  7.6588E-05,   0.0824121
  7.6592E-05,   0.0819095
  7.6596E-05,   0.0819095
    7.66E-05,    0.081407
  7.6604E-05,   0.0809045
  7.6608E-05,    0.080402
  7.6612E-05,    0.080402
  7.6616E-05,    0.079397
   7.662E-05,    0.079397
  7.6624E-05,   0.0788945
  7.6628E-05,    0.078392
  7.6632E-05,   0.0778894
  7.6636E-05,   0.0778894
   7.664E-05,   0.0773869
  7.6644E-05,   0.0768844
  7.6648E-05,   0.0763819
  7.6652E-05,   0.0758794
  7.6656E-05,   0.0753769
   7.666E-05,   0.0748744
  7.6664E-05,   0.0743719
  7.6668E-05,   0.0738693
  7.6672E-05,   0.0733668
  7.6676E-05,   0.0728643
   7.668E-05,   0.0728643
  7.6684E-05,   0.0723618
  7.6688E-05,   0.0713568
  7.6692E-05,   0.0708543
  7.6696E-05,   0.0708543
    7.67E-05,   0.0698492
  7.6704E-05,   0.0693467
  7.6708E-05,   0.0693467
  7.6712E-05,   0.0688442
  7.6716E-05,   0.0683417
   7.672E-05,   0.0673367
  7.6724E-05,   0.0673367
  7.6728E-05,   0.0668342
  7.6732E-05,   0.0663317
  7.6736E-05,   0.0658291
   7.674E-05,   0.0653266
  7.6744E-05,   0.0648241
  7.6748E-05,   0.0643216
  7.6752E-05,   0.0638191
  7.6756E-05,   0.0633166
   7.676E-05,   0.0623116
  7.6764E-05,   0.0623116
  7.6768E-05,   0.0613065
  7.6772E-05,    0.060804
  7.6776E-05,   0.0603015
   7.678E-05,   0.0603015
  7.6784E-05,   0.0592965
  7.6788E-05,    0.058794
  7.6792E-05,    0.058794
  7.6796E-05,   0.0577889
    7.68E-05,   0.0572864
  7.6804E-05,   0.0567839
  7.6808E-05,   0.0562814
  7.6812E-05,   0.0562814
  7.6816E-05,   0.0547739
   7.682E-05,   0.0542714
  7.6824E-05,   0.0537688
  7.6828E-05,   0.0532663
  7.6832E-05,   0.0527638
  7.6836E-05,   0.0522613
   7.684E-05,   0.0517588
  7.6844E-05,   0.0512563
  7.6848E-05,   0.0507538
  7.6852E-05,   0.0502513
  7.6856E-05,   0.0497487
   7.686E-05,   0.0487437
  7.6864E-05,   0.0482412
  7.6868E-05,   0.0477387
  7.6872E-05,   0.0472362
  7.6876E-05,   0.0467337
   7.688E-05,   0.0462312
  7.6884E-05,   0.0457286
  7.6888E-05,   0.0452261
  7.6892E-05,   0.0447236
  7.6896E-05,   0.0442211
    7.69E-05,   0.0432161
  7.6904E-05,   0.0432161
  7.6908E-05,   0.0422111
  7.6912E-05,   0.0417085
  7.6916E-05,    0.041206
   7.692E-05,    0.040201
  7.6924E-05,   0.0396985
  7.6928E-05,    0.039196
  7.6932E-05,    0.039196
  7.6936E-05,    0.038191
   7.694E-05,   0.0376884
  7.6944E-05,   0.0371859
  7.6948E-05,   0.0366834
  7.6952E-05,   0.0356784
  7.6956E-05,   0.0351759
   7.696E-05,   0.0346734
  7.6964E-05,   0.0341709
  7.6968E-05,   0.0336683
  7.6972E-05,   0.0331658
  7.6976E-05,   0.0326633
   7.698E-05,   0.0321608
  7.6984E-05,   0.0311558
  7.6988E-05,   0.0311558
  7.6992E-05,   0.0306533
  7.6996E-05,   0.0296482
     7.7E-05,   0.0291457
  7.7004E-05,   0.0286432
  7.7008E-05,   0.0281407
  7.7012E-05,   0.0276382
  7.7016E-05,   0.0271357
   7.702E-05,   0.0261307
  7.7024E-05,   0.0261307
  7.7028E-05,   0.0256281
  7.7032E-05,   0.0251256
  7.7036E-05,   0.0241206
   7.704E-05,   0.0236181
  7.7044E-05,   0.0231156
  7.7048E-05,   0.0226131
  7.7052E-05,   0.0221106
  7.7056E-05,    0.021608
   7.706E-05,   0.0211055
  7.7064E-05,   0.0211055
  7.7068E-05,   0.0201005
  7.7072E-05,    0.019598
  7.7076E-05,   0.0190955
   7.708E-05,    0.018593
  7.7084E-05,   0.0180905
  7.7088E-05,   0.0175879
  7.7092E-05,   0.0170854
  7.7096E-05,   0.0165829
    7.71E-05,   0.0160804
  7.7104E-05,   0.0155779
  7.7108E-05,   0.0150754
  7.7112E-05,   0.0145729
  7.7116E-05,   0.0140704
   7.712E-05,   0.0135678
  7.7124E-05,   0.0130653
  7.7128E-05,   0.0125628
  7.7132E-05,   0.0120603
  7.7136E-05,   0.0115578
   7.714E-05,   0.0110553
  7.7144E-05,   0.0105528
  7.7148E-05,   0.0100503
  7.7152E-05,  0.00954774
  7.7156E-05,  0.00904523
   7.716E-05,  0.00854271
  7.7164E-05,   0.0080402
  7.7168E-05,  0.00753769
  7.7172E-05,  0.00753769
  7.7176E-05,  0.00703518
   7.718E-05,  0.00603015
  7.7184E-05,  0.00552764
  7.7188E-05,  0.00552764
  7.7192E-05,  0.00502513
  7.7196E-05,  0.00452261
    7.72E-05,   0.0040201
  7.7204E-05,  0.00351759
  7.7208E-05,  0.00301508
  7.7212E-05,  0.00301508
  7.7216E-05,  0.00251256
   7.722E-05,  0.00150754
  7.7224E-05,  0.00150754
  7.7228E-05,  0.00100503
  7.7232E-05, 0.000502513
  7.7236E-05,           0
   7.724E-05,-0.000502513
  7.7244E-05,-0.000502513
  7.7248E-05, -0.00100503
  7.7252E-05, -0.00201005
  7.7256E-05, -0.00201005
   7.726E-05, -0.00301508
  7.7264E-05, -0.00301508
  7.7268E-05, -0.00351759
  7.7272E-05,  -0.0040201
  7.7276E-05, -0.00452261
   7.728E-05, -0.00502513
  7.7284E-05, -0.00502513
  7.7288E-05, -0.00552764
  7.7292E-05, -0.00653266
  7.7296E-05, -0.00653266
    7.73E-05, -0.00653266
  7.7304E-05, -0.00753769
  7.7308E-05, -0.00753769
  7.7312E-05,  -0.0080402
  7.7316E-05, -0.00854271
   7.732E-05, -0.00854271
  7.7324E-05, -0.00904523
  7.7328E-05, -0.00954774
  7.7332E-05,  -0.0100503
  7.7336E-05,  -0.0105528
   7.734E-05,  -0.0105528
  7.7344E-05,  -0.0110553
  7.7348E-05,  -0.0110553
  7.7352E-05,  -0.0115578
  7.7356E-05,  -0.0125628
   7.736E-05,  -0.0125628
  7.7364E-05,  -0.0125628
  7.7368E-05,  -0.0130653
  7.7372E-05,  -0.0135678
  7.7376E-05,  -0.0140704
   7.738E-05,  -0.0140704
  7.7384E-05,  -0.0145729
  7.7388E-05,  -0.0150754
  7.7392E-05,  -0.0155779
  7.7396E-05,  -0.0155779
    7.74E-05,  -0.0160804
  7.7404E-05,  -0.0165829
  7.7408E-05,  -0.0165829
  7.7412E-05,  -0.0170854
  7.7416E-05,  -0.0175879
   7.742E-05,  -0.0180905
  7.7424E-05,  -0.0180905
  7.7428E-05,   -0.018593
  7.7432E-05,  -0.0190955
  7.7436E-05,  -0.0190955
   7.744E-05,  -0.0190955
  7.7444E-05,   -0.019598
  7.7448E-05,  -0.0201005
  7.7452E-05,   -0.020603
  7.7456E-05,   -0.020603
   7.746E-05,   -0.021608
  7.7464E-05,   -0.021608
  7.7468E-05,   -0.021608
  7.7472E-05,  -0.0221106
  7.7476E-05,  -0.0226131
   7.748E-05,  -0.0226131
  7.7484E-05,  -0.0231156
  7.7488E-05,  -0.0236181
  7.7492E-05,  -0.0236181
  7.7496E-05,  -0.0241206
    7.75E-05,  -0.0241206
  7.7504E-05,  -0.0241206
  7.7508E-05,  -0.0246231
  7.7512E-05,  -0.0246231
  7.7516E-05,  -0.0246231
   7.752E-05,  -0.0246231
  7.7524E-05,  -0.0256281
  7.7528E-05,  -0.0261307
  7.7532E-05,  -0.0266332
  7.7536E-05,  -0.0261307
   7.754E-05,  -0.0241206
  7.7544E-05,  -0.0246231
  7.7548E-05,  -0.0251256
  7.7552E-05,   -0.020603
  7.7556E-05,  -0.0160804
   7.756E-05,  -0.0150754
  7.7564E-05,  -0.0160804
  7.7568E-05,   -0.019598
  7.7572E-05,  -0.0155779
  7.7576E-05,  -0.0160804
   7.758E-05,  -0.0306533
  7.7584E-05,  -0.0407035
  7.7588E-05,  -0.0376884
  7.7592E-05,  -0.0432161
  7.7596E-05,  -0.0582915
    7.76E-05,  -0.0653266
  7.7604E-05,  -0.0537688
  7.7608E-05,  -0.0477387
  7.7612E-05,  -0.0457286
  7.7616E-05,  -0.0417085
   7.762E-05,  -0.0341709
  7.7624E-05,   -0.018593
  7.7628E-05, -0.00502513
  7.7632E-05,  -0.0100503
  7.7636E-05,  -0.0120603
   7.764E-05, -0.00251256
  7.7644E-05,  -0.0120603
  7.7648E-05,  -0.0422111
  7.7652E-05,  -0.0557789
  7.7656E-05,  -0.0537688
   7.766E-05,  -0.0628141
  7.7664E-05,  -0.0708543
  7.7668E-05,  -0.0603015
  7.7672E-05,  -0.0492462
  7.7676E-05,  -0.0452261
   7.768E-05,  -0.0417085
  7.7684E-05,  -0.0331658
  7.7688E-05,  -0.0256281
  7.7692E-05,  -0.0256281
  7.7696E-05,  -0.0271357
    7.77E-05,  -0.0231156
  7.7704E-05,   -0.021608
  7.7708E-05,  -0.0271357
  7.7712E-05,  -0.0336683
  7.7716E-05,   -0.038191
   7.772E-05,  -0.0467337
  7.7724E-05,  -0.0572864
  7.7728E-05,  -0.0633166
  7.7732E-05,  -0.0648241
  7.7736E-05,  -0.0633166
   7.774E-05,  -0.0582915
  7.7744E-05,  -0.0512563
  7.7748E-05,  -0.0447236
  7.7752E-05,  -0.0371859
  7.7756E-05,  -0.0321608
   7.776E-05,  -0.0306533
  7.7764E-05,  -0.0321608
  7.7768E-05,  -0.0361809
  7.7772E-05,  -0.0417085
  7.7776E-05,  -0.0487437
   7.778E-05,  -0.0557789
  7.7784E-05,  -0.0603015
  7.7788E-05,   -0.061809
  7.7792E-05,  -0.0633166
  7.7796E-05,  -0.0653266
    7.78E-05,  -0.0628141
  7.7804E-05,  -0.0572864
  7.7808E-05,  -0.0552764
  7.7812E-05,  -0.0517588
  7.7816E-05,  -0.0452261
   7.782E-05,  -0.0427136
  7.7824E-05,  -0.0432161
  7.7828E-05,  -0.0442211
  7.7832E-05,  -0.0472362
  7.7836E-05,  -0.0522613
   7.784E-05,  -0.0582915
  7.7844E-05,  -0.0648241
  7.7848E-05,  -0.0708543
  7.7852E-05,  -0.0748744
  7.7856E-05,  -0.0763819
   7.786E-05,  -0.0753769
  7.7864E-05,  -0.0713568
  7.7868E-05,  -0.0648241
  7.7872E-05,  -0.0582915
  7.7876E-05,  -0.0497487
   7.788E-05,  -0.0422111
  7.7884E-05,  -0.0376884
  7.7888E-05,  -0.0351759
  7.7892E-05,  -0.0356784
  7.7896E-05,   -0.039196
    7.79E-05,  -0.0447236
  7.7904E-05,  -0.0512563
  7.7908E-05,  -0.0577889
  7.7912E-05,  -0.0633166
  7.7916E-05,  -0.0663317
   7.792E-05,  -0.0678392
  7.7924E-05,  -0.0678392
  7.7928E-05,  -0.0653266
  7.7932E-05,  -0.0613065
  7.7936E-05,  -0.0577889
   7.794E-05,  -0.0542714
  7.7944E-05,  -0.0512563
  7.7948E-05,  -0.0497487
  7.7952E-05,  -0.0497487
  7.7956E-05,  -0.0522613
   7.796E-05,  -0.0542714
  7.7964E-05,  -0.0567839
  7.7968E-05,  -0.0613065
  7.7972E-05,  -0.0643216
  7.7976E-05,  -0.0668342
   7.798E-05,  -0.0678392
  7.7984E-05,  -0.0688442
  7.7988E-05,  -0.0688442
  7.7992E-05,  -0.0673367
  7.7996E-05,  -0.0653266
