    0.000154,  -0.0208543
 0.000154004,  -0.0209799
 0.000154008,  -0.0208543
 0.000154012,  -0.0211055
 0.000154016,  -0.0211055
  0.00015402,  -0.0209799
 0.000154024,  -0.0209799
 0.000154028,  -0.0212312
 0.000154032,  -0.0213568
 0.000154036,  -0.0214824
  0.00015404,  -0.0213568
 0.000154044,  -0.0217337
 0.000154048,  -0.0217337
 0.000154052,   -0.021608
 0.000154056,  -0.0218593
  0.00015406,  -0.0219849
 0.000154064,  -0.0219849
 0.000154068,  -0.0218593
 0.000154072,  -0.0221106
 0.000154076,  -0.0223618
  0.00015408,  -0.0221106
 0.000154084,  -0.0221106
 0.000154088,  -0.0226131
 0.000154092,  -0.0226131
 0.000154096,  -0.0223618
   0.0001541,  -0.0224874
 0.000154104,  -0.0227387
 0.000154108,  -0.0228643
 0.000154112,  -0.0227387
 0.000154116,  -0.0228643
  0.00015412,  -0.0229899
 0.000154124,  -0.0231156
 0.000154128,  -0.0229899
 0.000154132,  -0.0232412
 0.000154136,  -0.0232412
  0.00015414,  -0.0233668
 0.000154144,  -0.0233668
 0.000154148,  -0.0233668
 0.000154152,  -0.0237437
 0.000154156,  -0.0236181
  0.00015416,  -0.0237437
 0.000154164,  -0.0238693
 0.000154168,   -0.023995
 0.000154172,  -0.0238693
 0.000154176,   -0.023995
  0.00015418,  -0.0241206
 0.000154184,  -0.0241206
 0.000154188,  -0.0238693
 0.000154192,  -0.0242462
 0.000154196,  -0.0243719
   0.0001542,  -0.0243719
 0.000154204,  -0.0244975
 0.000154208,  -0.0243719
 0.000154212,  -0.0246231
 0.000154216,  -0.0246231
  0.00015422,  -0.0247487
 0.000154224,  -0.0248744
 0.000154228,  -0.0244975
 0.000154232,  -0.0247487
 0.000154236,  -0.0251256
  0.00015424,      -0.025
 0.000154244,  -0.0247487
 0.000154248,  -0.0252513
 0.000154252,  -0.0255025
 0.000154256,  -0.0253769
  0.00015426,  -0.0252513
 0.000154264,  -0.0255025
 0.000154268,  -0.0256281
 0.000154272,  -0.0255025
 0.000154276,  -0.0256281
  0.00015428,  -0.0258794
 0.000154284,  -0.0258794
 0.000154288,  -0.0256281
 0.000154292,  -0.0261307
 0.000154296,  -0.0261307
   0.0001543,  -0.0262563
 0.000154304,   -0.026005
 0.000154308,  -0.0262563
 0.000154312,  -0.0265075
 0.000154316,  -0.0263819
  0.00015432,  -0.0263819
 0.000154324,  -0.0265075
 0.000154328,  -0.0266332
 0.000154332,  -0.0268844
 0.000154336,  -0.0267588
  0.00015434,  -0.0268844
 0.000154344,    -0.02701
 0.000154348,  -0.0268844
 0.000154352,  -0.0271357
 0.000154356,  -0.0271357
  0.00015436,  -0.0272613
 0.000154364,  -0.0272613
 0.000154368,  -0.0272613
 0.000154372,  -0.0273869
 0.000154376,  -0.0275126
  0.00015438,  -0.0273869
 0.000154384,  -0.0275126
 0.000154388,  -0.0277638
 0.000154392,  -0.0278894
 0.000154396,  -0.0276382
   0.0001544,  -0.0277638
 0.000154404,  -0.0281407
 0.000154408,  -0.0281407
 0.000154412,  -0.0280151
 0.000154416,  -0.0281407
  0.00015442,  -0.0282663
 0.000154424,   -0.028392
 0.000154428,   -0.028392
 0.000154432,  -0.0285176
 0.000154436,  -0.0285176
  0.00015444,  -0.0286432
 0.000154444,  -0.0287688
 0.000154448,  -0.0287688
 0.000154452,  -0.0287688
 0.000154456,  -0.0291457
  0.00015446,  -0.0287688
 0.000154464,  -0.0290201
 0.000154468,  -0.0292714
 0.000154472,  -0.0292714
 0.000154476,  -0.0291457
  0.00015448,  -0.0292714
 0.000154484,  -0.0296482
 0.000154488,  -0.0296482
 0.000154492,  -0.0295226
 0.000154496,  -0.0296482
   0.0001545,  -0.0297739
 0.000154504,  -0.0298995
 0.000154508,  -0.0298995
 0.000154512,  -0.0297739
 0.000154516,  -0.0298995
  0.00015452,  -0.0301508
 0.000154524,  -0.0301508
 0.000154528,  -0.0301508
 0.000154532,  -0.0301508
 0.000154536,  -0.0302764
  0.00015454,  -0.0302764
 0.000154544,  -0.0305276
 0.000154548,  -0.0305276
 0.000154552,  -0.0306533
 0.000154556,  -0.0306533
  0.00015456,  -0.0307789
 0.000154564,  -0.0310302
 0.000154568,  -0.0307789
 0.000154572,  -0.0307789
 0.000154576,  -0.0311558
  0.00015458,  -0.0312814
 0.000154584,   -0.031407
 0.000154588,  -0.0310302
 0.000154592,  -0.0312814
 0.000154596,  -0.0316583
   0.0001546,   -0.031407
 0.000154604,  -0.0315327
 0.000154608,  -0.0315327
 0.000154612,  -0.0317839
 0.000154616,  -0.0317839
  0.00015462,   -0.031407
 0.000154624,  -0.0317839
 0.000154628,  -0.0319095
 0.000154632,  -0.0319095
 0.000154636,  -0.0320352
  0.00015464,  -0.0321608
 0.000154644,  -0.0321608
 0.000154648,  -0.0320352
 0.000154652,  -0.0322864
 0.000154656,  -0.0326633
  0.00015466,  -0.0324121
 0.000154664,  -0.0322864
 0.000154668,  -0.0324121
 0.000154672,  -0.0327889
 0.000154676,  -0.0326633
  0.00015468,  -0.0325377
 0.000154684,  -0.0327889
 0.000154688,  -0.0331658
 0.000154692,  -0.0329146
 0.000154696,  -0.0329146
   0.0001547,  -0.0332915
 0.000154704,  -0.0332915
 0.000154708,  -0.0331658
 0.000154712,  -0.0334171
 0.000154716,  -0.0335427
  0.00015472,  -0.0334171
 0.000154724,  -0.0334171
 0.000154728,   -0.033794
 0.000154732,   -0.033794
 0.000154736,  -0.0334171
  0.00015474,  -0.0336683
 0.000154744,  -0.0341709
 0.000154748,   -0.033794
 0.000154752,   -0.033794
 0.000154756,  -0.0339196
  0.00015476,  -0.0342965
 0.000154764,  -0.0341709
 0.000154768,  -0.0341709
 0.000154772,  -0.0344221
 0.000154776,  -0.0344221
  0.00015478,  -0.0344221
 0.000154784,  -0.0345477
 0.000154788,  -0.0345477
 0.000154792,  -0.0345477
 0.000154796,  -0.0346734
   0.0001548,  -0.0349246
 0.000154804,  -0.0349246
 0.000154808,   -0.034799
 0.000154812,   -0.034799
 0.000154816,  -0.0350503
  0.00015482,  -0.0353015
 0.000154824,  -0.0350503
 0.000154828,  -0.0350503
 0.000154832,  -0.0351759
 0.000154836,  -0.0351759
  0.00015484,  -0.0353015
 0.000154844,  -0.0353015
 0.000154848,  -0.0355528
 0.000154852,  -0.0354271
 0.000154856,  -0.0354271
  0.00015486,   -0.035804
 0.000154864,  -0.0356784
 0.000154868,   -0.035804
 0.000154872,   -0.035804
 0.000154876,  -0.0359296
  0.00015488,  -0.0360553
 0.000154884,  -0.0359296
 0.000154888,  -0.0361809
 0.000154892,  -0.0360553
 0.000154896,  -0.0361809
   0.0001549,  -0.0364322
 0.000154904,  -0.0361809
 0.000154908,  -0.0363065
 0.000154912,  -0.0363065
 0.000154916,  -0.0365578
  0.00015492,  -0.0366834
 0.000154924,  -0.0364322
 0.000154928,  -0.0365578
 0.000154932,  -0.0366834
 0.000154936,  -0.0369347
  0.00015494,  -0.0366834
 0.000154944,   -0.036809
 0.000154948,  -0.0370603
 0.000154952,  -0.0370603
 0.000154956,  -0.0369347
  0.00015496,  -0.0370603
 0.000154964,  -0.0374372
 0.000154968,  -0.0373116
 0.000154972,  -0.0369347
 0.000154976,  -0.0371859
  0.00015498,  -0.0375628
 0.000154984,  -0.0373116
 0.000154988,  -0.0375628
 0.000154992,  -0.0374372
 0.000154996,  -0.0376884
    0.000155,  -0.0374372
 0.000155004,  -0.0374372
 0.000155008,  -0.0379397
 0.000155012,  -0.0376884
 0.000155016,  -0.0379397
  0.00015502,  -0.0378141
 0.000155024,  -0.0379397
 0.000155028,  -0.0380653
 0.000155032,   -0.038191
 0.000155036,  -0.0383166
  0.00015504,   -0.038191
 0.000155044,   -0.038191
 0.000155048,   -0.038191
 0.000155052,  -0.0383166
 0.000155056,  -0.0383166
  0.00015506,  -0.0384422
 0.000155064,  -0.0384422
 0.000155068,  -0.0385678
 0.000155072,  -0.0385678
 0.000155076,  -0.0385678
  0.00015508,  -0.0386935
 0.000155084,  -0.0384422
 0.000155088,  -0.0386935
 0.000155092,  -0.0388191
 0.000155096,  -0.0388191
   0.0001551,  -0.0388191
 0.000155104,  -0.0389447
 0.000155108,  -0.0389447
 0.000155112,  -0.0388191
 0.000155116,  -0.0389447
  0.00015512,  -0.0390704
 0.000155124,  -0.0390704
 0.000155128,  -0.0390704
 0.000155132,  -0.0393216
 0.000155136,  -0.0393216
  0.00015514,   -0.039196
 0.000155144,  -0.0393216
 0.000155148,  -0.0393216
 0.000155152,  -0.0395729
 0.000155156,  -0.0395729
  0.00015516,  -0.0394472
 0.000155164,  -0.0396985
 0.000155168,  -0.0398241
 0.000155172,  -0.0396985
 0.000155176,  -0.0395729
  0.00015518,  -0.0398241
 0.000155184,  -0.0400754
 0.000155188,  -0.0398241
 0.000155192,  -0.0399497
 0.000155196,  -0.0400754
   0.0001552,  -0.0399497
 0.000155204,  -0.0400754
 0.000155208,  -0.0399497
 0.000155212,  -0.0399497
 0.000155216,  -0.0399497
  0.00015522,  -0.0400754
 0.000155224,  -0.0400754
 0.000155228,  -0.0399497
 0.000155232,   -0.040201
 0.000155236,  -0.0403266
  0.00015524,   -0.040201
 0.000155244,   -0.040201
 0.000155248,  -0.0403266
 0.000155252,  -0.0405779
 0.000155256,  -0.0404523
  0.00015526,  -0.0404523
 0.000155264,  -0.0405779
 0.000155268,  -0.0405779
 0.000155272,  -0.0405779
 0.000155276,  -0.0405779
  0.00015528,  -0.0408291
 0.000155284,  -0.0407035
 0.000155288,  -0.0405779
 0.000155292,  -0.0407035
 0.000155296,  -0.0408291
   0.0001553,  -0.0408291
 0.000155304,  -0.0407035
 0.000155308,  -0.0405779
 0.000155312,  -0.0409548
 0.000155316,  -0.0407035
  0.00015532,  -0.0407035
 0.000155324,  -0.0409548
 0.000155328,  -0.0409548
 0.000155332,  -0.0409548
 0.000155336,  -0.0407035
  0.00015534,  -0.0409548
 0.000155344,  -0.0410804
 0.000155348,  -0.0409548
 0.000155352,  -0.0409548
 0.000155356,  -0.0410804
  0.00015536,   -0.041206
 0.000155364,   -0.041206
 0.000155368,  -0.0410804
 0.000155372,  -0.0413317
 0.000155376,  -0.0410804
  0.00015538,   -0.041206
 0.000155384,   -0.041206
 0.000155388,  -0.0413317
 0.000155392,   -0.041206
 0.000155396,   -0.041206
   0.0001554,  -0.0414573
 0.000155404,  -0.0414573
 0.000155408,  -0.0414573
 0.000155412,  -0.0413317
 0.000155416,  -0.0414573
  0.00015542,  -0.0415829
 0.000155424,  -0.0414573
 0.000155428,  -0.0414573
 0.000155432,  -0.0414573
 0.000155436,  -0.0414573
  0.00015544,  -0.0417085
 0.000155444,  -0.0414573
 0.000155448,  -0.0413317
 0.000155452,  -0.0414573
 0.000155456,  -0.0415829
  0.00015546,  -0.0415829
 0.000155464,  -0.0414573
 0.000155468,  -0.0415829
 0.000155472,  -0.0415829
 0.000155476,  -0.0414573
  0.00015548,  -0.0414573
 0.000155484,  -0.0415829
 0.000155488,  -0.0414573
 0.000155492,  -0.0415829
 0.000155496,  -0.0415829
   0.0001555,  -0.0417085
 0.000155504,  -0.0417085
 0.000155508,  -0.0413317
 0.000155512,  -0.0415829
 0.000155516,  -0.0417085
  0.00015552,  -0.0415829
 0.000155524,  -0.0414573
 0.000155528,  -0.0414573
 0.000155532,  -0.0415829
 0.000155536,  -0.0417085
  0.00015554,  -0.0417085
 0.000155544,  -0.0417085
 0.000155548,  -0.0415829
 0.000155552,  -0.0415829
 0.000155556,  -0.0417085
  0.00015556,  -0.0415829
 0.000155564,  -0.0417085
 0.000155568,  -0.0417085
 0.000155572,  -0.0415829
 0.000155576,  -0.0417085
  0.00015558,  -0.0415829
 0.000155584,  -0.0417085
 0.000155588,  -0.0415829
 0.000155592,  -0.0415829
 0.000155596,  -0.0417085
   0.0001556,  -0.0414573
 0.000155604,  -0.0414573
 0.000155608,  -0.0415829
 0.000155612,  -0.0415829
 0.000155616,  -0.0414573
  0.00015562,  -0.0414573
 0.000155624,  -0.0414573
 0.000155628,  -0.0414573
 0.000155632,  -0.0414573
 0.000155636,  -0.0415829
  0.00015564,  -0.0414573
 0.000155644,  -0.0414573
 0.000155648,  -0.0415829
 0.000155652,  -0.0415829
 0.000155656,  -0.0414573
  0.00015566,  -0.0415829
 0.000155664,  -0.0417085
 0.000155668,  -0.0415829
 0.000155672,  -0.0414573
 0.000155676,  -0.0415829
  0.00015568,  -0.0415829
 0.000155684,  -0.0414573
 0.000155688,  -0.0413317
 0.000155692,  -0.0417085
 0.000155696,  -0.0415829
   0.0001557,   -0.041206
 0.000155704,  -0.0413317
 0.000155708,  -0.0414573
 0.000155712,  -0.0413317
 0.000155716,   -0.041206
  0.00015572,  -0.0410804
 0.000155724,  -0.0413317
 0.000155728,   -0.041206
 0.000155732,   -0.041206
 0.000155736,  -0.0414573
  0.00015574,  -0.0413317
 0.000155744,   -0.041206
 0.000155748,   -0.041206
 0.000155752,   -0.041206
 0.000155756,  -0.0413317
  0.00015576,  -0.0410804
 0.000155764,   -0.041206
 0.000155768,  -0.0409548
 0.000155772,  -0.0410804
 0.000155776,   -0.041206
  0.00015578,  -0.0408291
 0.000155784,  -0.0408291
 0.000155788,  -0.0409548
 0.000155792,  -0.0409548
 0.000155796,  -0.0407035
   0.0001558,  -0.0409548
 0.000155804,  -0.0408291
 0.000155808,  -0.0405779
 0.000155812,  -0.0404523
 0.000155816,  -0.0407035
  0.00015582,  -0.0408291
 0.000155824,  -0.0405779
 0.000155828,  -0.0405779
 0.000155832,  -0.0407035
 0.000155836,  -0.0407035
  0.00015584,  -0.0407035
 0.000155844,  -0.0404523
 0.000155848,  -0.0405779
 0.000155852,  -0.0407035
 0.000155856,  -0.0405779
  0.00015586,  -0.0404523
 0.000155864,  -0.0405779
 0.000155868,  -0.0404523
 0.000155872,  -0.0403266
 0.000155876,  -0.0403266
  0.00015588,  -0.0404523
 0.000155884,  -0.0403266
 0.000155888,  -0.0403266
 0.000155892,  -0.0403266
 0.000155896,   -0.040201
   0.0001559,  -0.0400754
 0.000155904,  -0.0400754
 0.000155908,  -0.0400754
 0.000155912,  -0.0399497
 0.000155916,  -0.0400754
  0.00015592,  -0.0399497
 0.000155924,  -0.0396985
 0.000155928,  -0.0399497
 0.000155932,  -0.0399497
 0.000155936,  -0.0398241
  0.00015594,  -0.0396985
 0.000155944,  -0.0395729
 0.000155948,  -0.0398241
 0.000155952,  -0.0395729
 0.000155956,  -0.0394472
  0.00015596,  -0.0395729
 0.000155964,  -0.0395729
 0.000155968,  -0.0395729
 0.000155972,  -0.0393216
 0.000155976,  -0.0393216
  0.00015598,  -0.0394472
 0.000155984,  -0.0390704
 0.000155988,   -0.039196
 0.000155992,   -0.039196
 0.000155996,   -0.039196
    0.000156,  -0.0389447
 0.000156004,  -0.0386935
 0.000156008,  -0.0390704
 0.000156012,  -0.0388191
 0.000156016,  -0.0386935
  0.00015602,  -0.0386935
 0.000156024,  -0.0388191
 0.000156028,  -0.0388191
 0.000156032,  -0.0385678
 0.000156036,  -0.0384422
  0.00015604,  -0.0385678
 0.000156044,  -0.0386935
 0.000156048,  -0.0383166
 0.000156052,  -0.0383166
 0.000156056,  -0.0383166
  0.00015606,  -0.0383166
 0.000156064,  -0.0380653
 0.000156068,   -0.038191
 0.000156072,   -0.038191
 0.000156076,  -0.0379397
  0.00015608,  -0.0379397
 0.000156084,  -0.0379397
 0.000156088,  -0.0379397
 0.000156092,  -0.0376884
 0.000156096,  -0.0376884
   0.0001561,  -0.0378141
 0.000156104,  -0.0374372
 0.000156108,  -0.0375628
 0.000156112,  -0.0374372
 0.000156116,  -0.0375628
  0.00015612,  -0.0373116
 0.000156124,  -0.0374372
 0.000156128,  -0.0374372
 0.000156132,  -0.0371859
 0.000156136,  -0.0373116
  0.00015614,  -0.0371859
 0.000156144,  -0.0369347
 0.000156148,  -0.0369347
 0.000156152,  -0.0371859
 0.000156156,  -0.0371859
  0.00015616,   -0.036809
 0.000156164,   -0.036809
 0.000156168,  -0.0370603
 0.000156172,  -0.0366834
 0.000156176,  -0.0366834
  0.00015618,  -0.0366834
 0.000156184,  -0.0366834
 0.000156188,  -0.0364322
 0.000156192,  -0.0363065
 0.000156196,  -0.0363065
   0.0001562,  -0.0363065
 0.000156204,  -0.0360553
 0.000156208,  -0.0359296
 0.000156212,  -0.0360553
 0.000156216,  -0.0360553
  0.00015622,  -0.0356784
 0.000156224,  -0.0356784
 0.000156228,   -0.035804
 0.000156232,  -0.0356784
 0.000156236,  -0.0354271
  0.00015624,  -0.0353015
 0.000156244,  -0.0354271
 0.000156248,  -0.0353015
 0.000156252,  -0.0353015
 0.000156256,  -0.0351759
  0.00015626,  -0.0351759
 0.000156264,  -0.0350503
 0.000156268,  -0.0349246
 0.000156272,  -0.0350503
 0.000156276,   -0.034799
  0.00015628,  -0.0349246
 0.000156284,  -0.0345477
 0.000156288,  -0.0345477
 0.000156292,  -0.0346734
 0.000156296,  -0.0346734
   0.0001563,  -0.0344221
 0.000156304,  -0.0342965
 0.000156308,  -0.0342965
 0.000156312,  -0.0342965
 0.000156316,  -0.0341709
  0.00015632,  -0.0340452
 0.000156324,  -0.0341709
 0.000156328,  -0.0339196
 0.000156332,  -0.0340452
 0.000156336,   -0.033794
  0.00015634,   -0.033794
 0.000156344,  -0.0339196
 0.000156348,  -0.0335427
 0.000156352,  -0.0335427
 0.000156356,  -0.0332915
  0.00015636,  -0.0335427
 0.000156364,  -0.0334171
 0.000156368,  -0.0334171
 0.000156372,  -0.0332915
 0.000156376,  -0.0330402
  0.00015638,  -0.0330402
 0.000156384,  -0.0330402
 0.000156388,  -0.0330402
 0.000156392,  -0.0330402
 0.000156396,  -0.0326633
   0.0001564,  -0.0326633
 0.000156404,  -0.0327889
 0.000156408,  -0.0326633
 0.000156412,  -0.0325377
 0.000156416,  -0.0322864
  0.00015642,  -0.0327889
 0.000156424,  -0.0324121
 0.000156428,  -0.0320352
 0.000156432,  -0.0321608
 0.000156436,  -0.0320352
  0.00015644,  -0.0320352
 0.000156444,  -0.0319095
 0.000156448,  -0.0317839
 0.000156452,  -0.0316583
 0.000156456,   -0.031407
  0.00015646,  -0.0315327
 0.000156464,  -0.0317839
 0.000156468,   -0.031407
 0.000156472,  -0.0312814
 0.000156476,  -0.0311558
  0.00015648,  -0.0311558
 0.000156484,  -0.0310302
 0.000156488,  -0.0310302
 0.000156492,  -0.0309045
 0.000156496,  -0.0307789
   0.0001565,  -0.0307789
 0.000156504,  -0.0310302
 0.000156508,  -0.0307789
 0.000156512,   -0.030402
 0.000156516,  -0.0306533
  0.00015652,  -0.0305276
 0.000156524,  -0.0302764
 0.000156528,  -0.0301508
 0.000156532,  -0.0302764
 0.000156536,  -0.0302764
  0.00015654,  -0.0300251
 0.000156544,  -0.0300251
 0.000156548,  -0.0300251
 0.000156552,  -0.0298995
 0.000156556,  -0.0296482
  0.00015656,  -0.0298995
 0.000156564,  -0.0296482
 0.000156568,  -0.0296482
 0.000156572,  -0.0292714
 0.000156576,   -0.029397
  0.00015658,  -0.0295226
 0.000156584,  -0.0292714
 0.000156588,  -0.0292714
 0.000156592,  -0.0291457
 0.000156596,  -0.0291457
   0.0001566,  -0.0290201
 0.000156604,  -0.0290201
 0.000156608,  -0.0288945
 0.000156612,  -0.0288945
 0.000156616,  -0.0286432
  0.00015662,  -0.0286432
 0.000156624,  -0.0287688
 0.000156628,  -0.0286432
 0.000156632,  -0.0285176
 0.000156636,   -0.028392
  0.00015664,   -0.028392
 0.000156644,  -0.0285176
 0.000156648,   -0.028392
 0.000156652,  -0.0281407
 0.000156656,  -0.0281407
  0.00015666,  -0.0281407
 0.000156664,  -0.0282663
 0.000156668,  -0.0281407
 0.000156672,  -0.0278894
 0.000156676,  -0.0280151
  0.00015668,  -0.0280151
 0.000156684,  -0.0278894
 0.000156688,  -0.0276382
 0.000156692,  -0.0276382
 0.000156696,  -0.0277638
   0.0001567,  -0.0275126
 0.000156704,  -0.0275126
 0.000156708,  -0.0276382
 0.000156712,  -0.0273869
 0.000156716,  -0.0271357
  0.00015672,  -0.0272613
 0.000156724,  -0.0275126
 0.000156728,  -0.0268844
 0.000156732,  -0.0267588
 0.000156736,  -0.0271357
  0.00015674,  -0.0271357
 0.000156744,  -0.0267588
 0.000156748,  -0.0266332
 0.000156752,    -0.02701
 0.000156756,  -0.0268844
  0.00015676,  -0.0266332
 0.000156764,  -0.0267588
 0.000156768,  -0.0265075
 0.000156772,  -0.0265075
 0.000156776,  -0.0265075
  0.00015678,  -0.0265075
 0.000156784,  -0.0265075
 0.000156788,   -0.026005
 0.000156792,  -0.0263819
 0.000156796,  -0.0265075
   0.0001568,  -0.0263819
 0.000156804,  -0.0262563
 0.000156808,   -0.026005
 0.000156812,  -0.0262563
 0.000156816,  -0.0261307
  0.00015682,  -0.0262563
 0.000156824,  -0.0262563
 0.000156828,  -0.0258794
 0.000156832,   -0.026005
 0.000156836,  -0.0262563
  0.00015684,  -0.0261307
 0.000156844,   -0.026005
 0.000156848,  -0.0258794
 0.000156852,   -0.026005
 0.000156856,  -0.0261307
  0.00015686,  -0.0256281
 0.000156864,  -0.0258794
 0.000156868,  -0.0258794
 0.000156872,  -0.0258794
 0.000156876,  -0.0257538
  0.00015688,  -0.0256281
 0.000156884,  -0.0257538
 0.000156888,  -0.0256281
 0.000156892,  -0.0255025
 0.000156896,  -0.0257538
   0.0001569,  -0.0258794
 0.000156904,  -0.0255025
 0.000156908,  -0.0255025
 0.000156912,  -0.0257538
 0.000156916,  -0.0257538
  0.00015692,  -0.0257538
 0.000156924,  -0.0256281
 0.000156928,  -0.0257538
 0.000156932,  -0.0256281
 0.000156936,  -0.0256281
  0.00015694,  -0.0257538
 0.000156944,  -0.0256281
 0.000156948,  -0.0256281
 0.000156952,  -0.0256281
 0.000156956,  -0.0257538
  0.00015696,  -0.0257538
 0.000156964,  -0.0256281
 0.000156968,  -0.0257538
 0.000156972,  -0.0258794
 0.000156976,  -0.0256281
  0.00015698,  -0.0257538
 0.000156984,  -0.0258794
 0.000156988,   -0.026005
 0.000156992,  -0.0258794
 0.000156996,  -0.0258794
    0.000157,  -0.0258794
 0.000157004,  -0.0258794
 0.000157008,   -0.026005
 0.000157012,   -0.026005
 0.000157016,  -0.0258794
  0.00015702,  -0.0257538
 0.000157024,   -0.026005
 0.000157028,  -0.0261307
 0.000157032,  -0.0258794
 0.000157036,  -0.0258794
  0.00015704,  -0.0262563
 0.000157044,  -0.0262563
 0.000157048,  -0.0262563
 0.000157052,  -0.0261307
 0.000157056,  -0.0265075
  0.00015706,  -0.0263819
 0.000157064,  -0.0262563
 0.000157068,  -0.0263819
 0.000157072,  -0.0265075
 0.000157076,  -0.0267588
  0.00015708,  -0.0266332
 0.000157084,  -0.0266332
 0.000157088,  -0.0267588
 0.000157092,  -0.0267588
 0.000157096,  -0.0267588
   0.0001571,  -0.0268844
 0.000157104,  -0.0268844
 0.000157108,    -0.02701
 0.000157112,  -0.0268844
 0.000157116,    -0.02701
  0.00015712,    -0.02701
 0.000157124,    -0.02701
 0.000157128,  -0.0273869
 0.000157132,  -0.0272613
 0.000157136,  -0.0273869
  0.00015714,  -0.0275126
 0.000157144,  -0.0273869
 0.000157148,  -0.0276382
 0.000157152,  -0.0277638
 0.000157156,  -0.0278894
  0.00015716,  -0.0276382
 0.000157164,  -0.0277638
 0.000157168,  -0.0280151
 0.000157172,  -0.0280151
 0.000157176,  -0.0278894
  0.00015718,  -0.0280151
 0.000157184,  -0.0282663
 0.000157188,   -0.028392
 0.000157192,   -0.028392
 0.000157196,   -0.028392
   0.0001572,  -0.0285176
 0.000157204,  -0.0287688
 0.000157208,  -0.0286432
 0.000157212,  -0.0287688
 0.000157216,  -0.0288945
  0.00015722,  -0.0288945
 0.000157224,  -0.0291457
 0.000157228,  -0.0290201
 0.000157232,   -0.029397
 0.000157236,  -0.0292714
  0.00015724,  -0.0292714
 0.000157244,  -0.0295226
 0.000157248,  -0.0296482
 0.000157252,  -0.0297739
 0.000157256,  -0.0297739
  0.00015726,  -0.0300251
 0.000157264,  -0.0302764
 0.000157268,  -0.0302764
 0.000157272,  -0.0302764
 0.000157276,   -0.030402
  0.00015728,   -0.030402
 0.000157284,  -0.0305276
 0.000157288,  -0.0307789
 0.000157292,  -0.0309045
 0.000157296,  -0.0309045
   0.0001573,  -0.0309045
 0.000157304,  -0.0311558
 0.000157308,   -0.031407
 0.000157312,  -0.0315327
 0.000157316,   -0.031407
  0.00015732,  -0.0315327
 0.000157324,  -0.0317839
 0.000157328,  -0.0320352
 0.000157332,  -0.0321608
 0.000157336,  -0.0320352
  0.00015734,  -0.0321608
 0.000157344,  -0.0325377
 0.000157348,  -0.0326633
 0.000157352,  -0.0327889
 0.000157356,  -0.0327889
  0.00015736,  -0.0330402
 0.000157364,  -0.0332915
 0.000157368,  -0.0331658
 0.000157372,  -0.0334171
 0.000157376,  -0.0335427
  0.00015738,  -0.0336683
 0.000157384,  -0.0336683
 0.000157388,  -0.0336683
 0.000157392,  -0.0340452
 0.000157396,  -0.0340452
   0.0001574,  -0.0342965
 0.000157404,  -0.0344221
 0.000157408,  -0.0345477
 0.000157412,  -0.0345477
 0.000157416,  -0.0345477
  0.00015742,  -0.0350503
 0.000157424,  -0.0353015
 0.000157428,  -0.0349246
 0.000157432,  -0.0350503
 0.000157436,  -0.0355528
  0.00015744,   -0.035804
 0.000157444,  -0.0356784
 0.000157448,  -0.0356784
 0.000157452,  -0.0359296
 0.000157456,  -0.0360553
  0.00015746,  -0.0363065
 0.000157464,  -0.0363065
 0.000157468,  -0.0364322
 0.000157472,  -0.0364322
 0.000157476,   -0.036809
  0.00015748,  -0.0370603
 0.000157484,  -0.0369347
 0.000157488,  -0.0370603
 0.000157492,  -0.0374372
 0.000157496,  -0.0374372
   0.0001575,  -0.0375628
 0.000157504,  -0.0375628
 0.000157508,  -0.0378141
 0.000157512,  -0.0376884
 0.000157516,  -0.0378141
  0.00015752,  -0.0383166
 0.000157524,   -0.038191
 0.000157528,  -0.0383166
 0.000157532,  -0.0386935
 0.000157536,  -0.0386935
  0.00015754,  -0.0388191
 0.000157544,  -0.0388191
 0.000157548,  -0.0390704
 0.000157552,   -0.039196
 0.000157556,  -0.0390704
  0.00015756,  -0.0394472
 0.000157564,  -0.0396985
 0.000157568,  -0.0396985
 0.000157572,  -0.0398241
 0.000157576,  -0.0398241
  0.00015758,  -0.0400754
 0.000157584,   -0.040201
 0.000157588,  -0.0403266
 0.000157592,  -0.0403266
 0.000157596,  -0.0405779
   0.0001576,  -0.0404523
 0.000157604,  -0.0405779
 0.000157608,  -0.0409548
 0.000157612,  -0.0410804
 0.000157616,  -0.0410804
  0.00015762,  -0.0409548
 0.000157624,  -0.0413317
 0.000157628,  -0.0413317
 0.000157632,  -0.0413317
 0.000157636,  -0.0414573
  0.00015764,  -0.0415829
 0.000157644,  -0.0417085
 0.000157648,  -0.0418342
 0.000157652,  -0.0418342
 0.000157656,  -0.0420854
  0.00015766,  -0.0422111
 0.000157664,  -0.0419598
 0.000157668,  -0.0423367
 0.000157672,  -0.0423367
 0.000157676,  -0.0423367
  0.00015768,  -0.0423367
 0.000157684,  -0.0424623
 0.000157688,  -0.0427136
 0.000157692,  -0.0425879
 0.000157696,  -0.0425879
   0.0001577,  -0.0427136
 0.000157704,  -0.0428392
 0.000157708,  -0.0428392
 0.000157712,  -0.0427136
 0.000157716,  -0.0429648
  0.00015772,  -0.0428392
 0.000157724,  -0.0429648
 0.000157728,  -0.0429648
 0.000157732,  -0.0432161
 0.000157736,  -0.0432161
  0.00015774,  -0.0432161
 0.000157744,  -0.0433417
 0.000157748,  -0.0433417
 0.000157752,  -0.0433417
 0.000157756,   -0.043593
  0.00015776,  -0.0433417
 0.000157764,  -0.0433417
 0.000157768,  -0.0432161
 0.000157772,  -0.0434673
 0.000157776,  -0.0437186
  0.00015778,  -0.0433417
 0.000157784,  -0.0434673
 0.000157788,   -0.043593
 0.000157792,  -0.0434673
 0.000157796,  -0.0434673
   0.0001578,   -0.043593
 0.000157804,  -0.0437186
 0.000157808,  -0.0433417
 0.000157812,  -0.0430905
 0.000157816,  -0.0434673
  0.00015782,   -0.043593
 0.000157824,  -0.0433417
 0.000157828,  -0.0430905
 0.000157832,  -0.0433417
 0.000157836,  -0.0434673
  0.00015784,  -0.0433417
 0.000157844,  -0.0432161
 0.000157848,  -0.0432161
 0.000157852,  -0.0432161
 0.000157856,  -0.0428392
  0.00015786,  -0.0430905
 0.000157864,  -0.0432161
 0.000157868,  -0.0430905
 0.000157872,  -0.0428392
 0.000157876,  -0.0428392
  0.00015788,  -0.0428392
 0.000157884,  -0.0427136
 0.000157888,  -0.0427136
 0.000157892,  -0.0425879
 0.000157896,  -0.0424623
   0.0001579,  -0.0422111
 0.000157904,  -0.0423367
 0.000157908,  -0.0420854
 0.000157912,  -0.0422111
 0.000157916,  -0.0419598
  0.00015792,  -0.0418342
 0.000157924,  -0.0417085
 0.000157928,  -0.0414573
 0.000157932,  -0.0415829
 0.000157936,   -0.041206
  0.00015794,  -0.0410804
 0.000157944,  -0.0410804
 0.000157948,  -0.0409548
 0.000157952,  -0.0408291
 0.000157956,  -0.0405779
  0.00015796,  -0.0404523
 0.000157964,  -0.0404523
 0.000157968,  -0.0400754
 0.000157972,  -0.0400754
 0.000157976,  -0.0398241
  0.00015798,  -0.0395729
 0.000157984,  -0.0396985
 0.000157988,  -0.0394472
 0.000157992,   -0.039196
 0.000157996,  -0.0389447
    0.000158,  -0.0388191
 0.000158004,  -0.0386935
 0.000158008,  -0.0384422
 0.000158012,   -0.038191
 0.000158016,  -0.0379397
  0.00015802,  -0.0376884
 0.000158024,  -0.0375628
 0.000158028,  -0.0376884
 0.000158032,  -0.0373116
 0.000158036,  -0.0369347
  0.00015804,   -0.036809
 0.000158044,  -0.0366834
 0.000158048,  -0.0364322
 0.000158052,  -0.0360553
 0.000158056,  -0.0359296
  0.00015806,   -0.035804
 0.000158064,  -0.0354271
 0.000158068,  -0.0351759
 0.000158072,  -0.0349246
 0.000158076,  -0.0346734
  0.00015808,  -0.0344221
 0.000158084,  -0.0339196
 0.000158088,  -0.0339196
 0.000158092,  -0.0335427
 0.000158096,  -0.0330402
   0.0001581,  -0.0329146
 0.000158104,  -0.0327889
 0.000158108,  -0.0324121
 0.000158112,  -0.0319095
 0.000158116,  -0.0315327
  0.00015812,  -0.0316583
 0.000158124,  -0.0311558
 0.000158128,  -0.0309045
 0.000158132,  -0.0306533
 0.000158136,  -0.0302764
  0.00015814,  -0.0300251
 0.000158144,  -0.0296482
 0.000158148,  -0.0295226
 0.000158152,  -0.0288945
 0.000158156,  -0.0286432
  0.00015816,  -0.0282663
 0.000158164,  -0.0281407
 0.000158168,  -0.0275126
 0.000158172,    -0.02701
 0.000158176,    -0.02701
  0.00015818,  -0.0265075
 0.000158184,   -0.026005
 0.000158188,  -0.0256281
 0.000158192,  -0.0255025
 0.000158196,  -0.0251256
   0.0001582,  -0.0246231
 0.000158204,  -0.0243719
 0.000158208,  -0.0238693
 0.000158212,  -0.0233668
 0.000158216,  -0.0232412
  0.00015822,  -0.0228643
 0.000158224,  -0.0222362
 0.000158228,  -0.0217337
 0.000158232,  -0.0213568
 0.000158236,  -0.0212312
  0.00015824,   -0.020603
 0.000158244,  -0.0202261
 0.000158248,  -0.0199749
 0.000158252,  -0.0193467
 0.000158256,  -0.0188442
  0.00015826,   -0.018593
 0.000158264,  -0.0183417
 0.000158268,  -0.0177136
 0.000158272,  -0.0172111
 0.000158276,  -0.0168342
  0.00015828,  -0.0165829
 0.000158284,  -0.0159548
 0.000158288,  -0.0154523
 0.000158292,  -0.0150754
 0.000158296,  -0.0146985
   0.0001583,   -0.014196
 0.000158304,  -0.0136935
 0.000158308,  -0.0133166
 0.000158312,  -0.0130653
 0.000158316,  -0.0124372
  0.00015832,  -0.0120603
 0.000158324,  -0.0119347
 0.000158328,  -0.0113065
 0.000158332,   -0.010804
 0.000158336,  -0.0104271
  0.00015834,  -0.0100503
 0.000158344, -0.00954774
 0.000158348, -0.00879397
 0.000158352, -0.00854271
 0.000158356, -0.00829146
  0.00015836, -0.00753769
 0.000158364, -0.00703518
 0.000158368, -0.00665829
 0.000158372, -0.00615578
 0.000158376, -0.00565327
  0.00015838, -0.00515075
 0.000158384, -0.00477387
 0.000158388,  -0.0040201
 0.000158392, -0.00364322
 0.000158396,  -0.0031407
   0.0001584, -0.00288945
 0.000158404, -0.00226131
 0.000158408, -0.00175879
 0.000158412, -0.00125628
 0.000158416,-0.000753769
  0.00015842,-0.000628141
 0.000158424, 0.000125628
 0.000158428, 0.000753769
 0.000158432,  0.00125628
 0.000158436,  0.00150754
  0.00015844,  0.00188442
 0.000158444,  0.00276382
 0.000158448,  0.00326633
 0.000158452,  0.00351759
 0.000158456,   0.0040201
  0.00015846,  0.00452261
 0.000158464,   0.0048995
 0.000158468,  0.00540201
 0.000158472,  0.00590452
 0.000158476,  0.00653266
  0.00015848,  0.00678392
 0.000158484,   0.0071608
 0.000158488,  0.00778894
 0.000158492,  0.00841709
 0.000158496,  0.00879397
   0.0001585,  0.00917085
 0.000158504,    0.009799
 0.000158508,   0.0103015
 0.000158512,   0.0106784
 0.000158516,   0.0110553
  0.00015852,    0.011809
 0.000158524,   0.0120603
 0.000158528,   0.0124372
 0.000158532,   0.0129397
 0.000158536,   0.0135678
  0.00015854,   0.0140704
 0.000158544,   0.0144472
 0.000158548,   0.0149497
 0.000158552,   0.0155779
 0.000158556,   0.0158291
  0.00015856,   0.0163317
 0.000158564,   0.0168342
 0.000158568,   0.0172111
 0.000158572,   0.0178392
 0.000158576,   0.0182161
  0.00015858,    0.018593
 0.000158584,   0.0190955
 0.000158588,   0.0194724
 0.000158592,   0.0199749
 0.000158596,   0.0203518
   0.0001586,   0.0207286
 0.000158604,   0.0213568
 0.000158608,    0.021608
 0.000158612,   0.0219849
 0.000158616,   0.0224874
  0.00015862,   0.0229899
 0.000158624,   0.0233668
 0.000158628,   0.0234925
 0.000158632,   0.0241206
 0.000158636,   0.0246231
  0.00015864,       0.025
 0.000158644,   0.0253769
 0.000158648,   0.0258794
 0.000158652,   0.0265075
 0.000158656,   0.0265075
  0.00015866,     0.02701
 0.000158664,   0.0275126
 0.000158668,   0.0278894
 0.000158672,   0.0281407
 0.000158676,   0.0286432
  0.00015868,   0.0290201
 0.000158684,   0.0292714
 0.000158688,   0.0295226
 0.000158692,   0.0301508
 0.000158696,   0.0305276
   0.0001587,   0.0307789
 0.000158704,   0.0310302
 0.000158708,   0.0315327
 0.000158712,   0.0320352
 0.000158716,   0.0321608
  0.00015872,   0.0326633
 0.000158724,   0.0327889
 0.000158728,   0.0331658
 0.000158732,   0.0334171
 0.000158736,    0.033794
  0.00015874,   0.0342965
 0.000158744,   0.0342965
 0.000158748,    0.034799
 0.000158752,   0.0351759
 0.000158756,   0.0354271
  0.00015876,   0.0356784
 0.000158764,    0.035804
 0.000158768,   0.0363065
 0.000158772,   0.0364322
 0.000158776,   0.0365578
  0.00015878,   0.0371859
 0.000158784,   0.0373116
 0.000158788,   0.0375628
 0.000158792,   0.0379397
 0.000158796,   0.0380653
   0.0001588,    0.038191
 0.000158804,   0.0385678
 0.000158808,   0.0390704
 0.000158812,    0.039196
 0.000158816,   0.0390704
  0.00015882,   0.0394472
 0.000158824,   0.0396985
 0.000158828,   0.0400754
 0.000158832,    0.040201
 0.000158836,   0.0404523
  0.00015884,   0.0407035
 0.000158844,   0.0408291
 0.000158848,   0.0410804
 0.000158852,    0.041206
 0.000158856,   0.0414573
  0.00015886,   0.0415829
 0.000158864,   0.0415829
 0.000158868,   0.0418342
 0.000158872,   0.0418342
 0.000158876,   0.0420854
  0.00015888,   0.0423367
 0.000158884,   0.0425879
 0.000158888,   0.0424623
 0.000158892,   0.0424623
 0.000158896,   0.0427136
   0.0001589,   0.0429648
 0.000158904,   0.0428392
 0.000158908,   0.0432161
 0.000158912,   0.0432161
 0.000158916,   0.0430905
  0.00015892,    0.043593
 0.000158924,   0.0434673
 0.000158928,   0.0437186
 0.000158932,   0.0434673
 0.000158936,   0.0437186
  0.00015894,   0.0439698
 0.000158944,   0.0437186
 0.000158948,   0.0438442
 0.000158952,   0.0439698
 0.000158956,   0.0440955
  0.00015896,   0.0438442
 0.000158964,   0.0439698
 0.000158968,   0.0440955
 0.000158972,   0.0442211
 0.000158976,   0.0440955
  0.00015898,   0.0439698
 0.000158984,   0.0440955
 0.000158988,   0.0440955
 0.000158992,   0.0440955
 0.000158996,   0.0439698
    0.000159,   0.0442211
 0.000159004,   0.0440955
 0.000159008,   0.0439698
 0.000159012,   0.0439698
 0.000159016,   0.0440955
  0.00015902,   0.0438442
 0.000159024,   0.0437186
 0.000159028,   0.0437186
 0.000159032,    0.043593
 0.000159036,    0.043593
  0.00015904,   0.0432161
 0.000159044,   0.0434673
 0.000159048,   0.0433417
 0.000159052,   0.0432161
 0.000159056,   0.0432161
  0.00015906,   0.0428392
 0.000159064,   0.0427136
 0.000159068,   0.0427136
 0.000159072,   0.0427136
 0.000159076,   0.0425879
  0.00015908,   0.0422111
 0.000159084,   0.0422111
 0.000159088,   0.0420854
 0.000159092,   0.0417085
 0.000159096,   0.0417085
   0.0001591,   0.0417085
 0.000159104,   0.0414573
 0.000159108,   0.0410804
 0.000159112,   0.0410804
 0.000159116,   0.0409548
  0.00015912,   0.0407035
 0.000159124,   0.0403266
 0.000159128,   0.0404523
 0.000159132,    0.040201
 0.000159136,   0.0398241
  0.00015914,   0.0396985
 0.000159144,   0.0398241
 0.000159148,   0.0394472
 0.000159152,   0.0389447
 0.000159156,   0.0389447
  0.00015916,   0.0386935
 0.000159164,   0.0384422
 0.000159168,   0.0379397
 0.000159172,   0.0379397
 0.000159176,   0.0378141
  0.00015918,   0.0373116
 0.000159184,   0.0371859
 0.000159188,   0.0369347
 0.000159192,    0.036809
 0.000159196,   0.0360553
   0.0001592,   0.0359296
 0.000159204,   0.0359296
 0.000159208,   0.0355528
 0.000159212,   0.0350503
 0.000159216,    0.034799
  0.00015922,   0.0345477
 0.000159224,   0.0341709
 0.000159228,   0.0340452
 0.000159232,   0.0336683
 0.000159236,   0.0334171
  0.00015924,   0.0330402
 0.000159244,   0.0327889
 0.000159248,   0.0324121
 0.000159252,   0.0317839
 0.000159256,   0.0315327
  0.00015926,    0.031407
 0.000159264,   0.0309045
 0.000159268,   0.0305276
 0.000159272,   0.0301508
 0.000159276,   0.0297739
  0.00015928,   0.0295226
 0.000159284,   0.0291457
 0.000159288,   0.0287688
 0.000159292,   0.0282663
 0.000159296,   0.0278894
   0.0001593,   0.0276382
 0.000159304,   0.0272613
 0.000159308,   0.0267588
 0.000159312,   0.0263819
 0.000159316,    0.026005
  0.00015932,   0.0258794
 0.000159324,   0.0255025
 0.000159328,   0.0248744
 0.000159332,   0.0246231
 0.000159336,   0.0243719
  0.00015934,   0.0238693
 0.000159344,   0.0233668
 0.000159348,   0.0229899
 0.000159352,   0.0227387
 0.000159356,   0.0221106
  0.00015936,   0.0217337
 0.000159364,   0.0214824
 0.000159368,   0.0211055
 0.000159372,   0.0204774
 0.000159376,   0.0203518
  0.00015938,   0.0198492
 0.000159384,   0.0192211
 0.000159388,   0.0189698
 0.000159392,    0.018593
 0.000159396,   0.0180905
   0.0001594,   0.0174623
 0.000159404,   0.0170854
 0.000159408,   0.0167085
 0.000159412,   0.0163317
 0.000159416,   0.0160804
  0.00015942,   0.0153266
 0.000159424,   0.0146985
 0.000159428,   0.0145729
 0.000159432,   0.0140704
 0.000159436,   0.0136935
  0.00015944,   0.0130653
 0.000159444,   0.0125628
 0.000159448,   0.0124372
 0.000159452,   0.0119347
 0.000159456,   0.0114322
  0.00015946,   0.0109296
 0.000159464,   0.0106784
 0.000159468,   0.0100503
 0.000159472,  0.00954774
 0.000159476,  0.00917085
  0.00015948,  0.00879397
 0.000159484,  0.00816583
 0.000159488,  0.00766332
 0.000159492,  0.00753769
 0.000159496,  0.00703518
   0.0001595,  0.00628141
 0.000159504,  0.00590452
 0.000159508,  0.00577889
 0.000159512,  0.00527638
 0.000159516,  0.00452261
  0.00015952,  0.00427136
 0.000159524,  0.00389447
 0.000159528,  0.00326633
 0.000159532,  0.00276382
 0.000159536,  0.00238693
  0.00015954,  0.00201005
 0.000159544,  0.00150754
 0.000159548,  0.00100503
 0.000159552, 0.000502513
 0.000159556, 0.000251256
  0.00015956,-0.000376884
 0.000159564,-0.000753769
 0.000159568, -0.00125628
 0.000159572, -0.00175879
 0.000159576, -0.00201005
  0.00015958, -0.00251256
 0.000159584, -0.00288945
 0.000159588, -0.00364322
 0.000159592, -0.00389447
 0.000159596, -0.00414573
   0.0001596,  -0.0048995
 0.000159604, -0.00540201
 0.000159608, -0.00565327
 0.000159612, -0.00603015
 0.000159616, -0.00665829
  0.00015962,  -0.0071608
 0.000159624, -0.00753769
 0.000159628, -0.00778894
 0.000159632, -0.00841709
 0.000159636, -0.00879397
  0.00015964, -0.00904523
 0.000159644, -0.00954774
 0.000159648,  -0.0101759
 0.000159652,  -0.0105528
 0.000159656,   -0.010804
  0.00015966,  -0.0114322
 0.000159664,  -0.0119347
 0.000159668,  -0.0121859
 0.000159672,  -0.0124372
 0.000159676,   -0.013191
  0.00015968,  -0.0135678
 0.000159684,  -0.0138191
 0.000159688,   -0.014196
 0.000159692,  -0.0149497
 0.000159696,  -0.0153266
   0.0001597,  -0.0155779
 0.000159704,  -0.0160804
 0.000159708,  -0.0167085
 0.000159712,  -0.0167085
 0.000159716,  -0.0172111
  0.00015972,  -0.0175879
 0.000159724,  -0.0179648
 0.000159728,  -0.0184673
 0.000159732,  -0.0188442
 0.000159736,  -0.0194724
  0.00015974,   -0.019598
 0.000159744,  -0.0199749
 0.000159748,  -0.0203518
 0.000159752,   -0.020603
 0.000159756,  -0.0212312
  0.00015976,   -0.021608
 0.000159764,  -0.0221106
 0.000159768,  -0.0221106
 0.000159772,  -0.0227387
 0.000159776,  -0.0233668
  0.00015978,  -0.0234925
 0.000159784,  -0.0237437
 0.000159788,  -0.0241206
 0.000159792,  -0.0247487
 0.000159796,      -0.025
   0.0001598,  -0.0251256
 0.000159804,  -0.0257538
 0.000159808,   -0.026005
 0.000159812,  -0.0262563
 0.000159816,  -0.0266332
  0.00015982,    -0.02701
 0.000159824,  -0.0276382
 0.000159828,  -0.0276382
 0.000159832,  -0.0280151
 0.000159836,   -0.028392
  0.00015984,  -0.0286432
 0.000159844,  -0.0290201
 0.000159848,  -0.0292714
 0.000159852,  -0.0298995
 0.000159856,  -0.0301508
  0.00015986,  -0.0301508
 0.000159864,  -0.0307789
 0.000159868,  -0.0312814
 0.000159872,   -0.031407
 0.000159876,   -0.031407
  0.00015988,  -0.0317839
 0.000159884,  -0.0324121
 0.000159888,  -0.0325377
 0.000159892,  -0.0326633
 0.000159896,  -0.0332915
   0.0001599,  -0.0335427
 0.000159904,  -0.0339196
 0.000159908,  -0.0340452
 0.000159912,  -0.0345477
 0.000159916,  -0.0346734
  0.00015992,  -0.0350503
 0.000159924,  -0.0351759
 0.000159928,  -0.0355528
 0.000159932,   -0.035804
 0.000159936,  -0.0359296
  0.00015994,  -0.0361809
 0.000159944,  -0.0366834
 0.000159948,  -0.0369347
 0.000159952,  -0.0371859
 0.000159956,  -0.0373116
  0.00015996,  -0.0376884
 0.000159964,  -0.0380653
 0.000159968,   -0.038191
 0.000159972,  -0.0384422
 0.000159976,  -0.0384422
  0.00015998,  -0.0390704
 0.000159984,  -0.0393216
 0.000159988,   -0.039196
 0.000159992,  -0.0396985
 0.000159996,  -0.0398241
     0.00016,   -0.040201
 0.000160004,   -0.040201
 0.000160008,  -0.0404523
 0.000160012,  -0.0408291
 0.000160016,  -0.0408291
  0.00016002,   -0.041206
 0.000160024,  -0.0414573
 0.000160028,  -0.0414573
 0.000160032,  -0.0415829
 0.000160036,  -0.0418342
  0.00016004,  -0.0422111
 0.000160044,  -0.0424623
 0.000160048,  -0.0424623
 0.000160052,  -0.0427136
 0.000160056,  -0.0429648
  0.00016006,  -0.0432161
 0.000160064,   -0.043593
 0.000160068,  -0.0437186
 0.000160072,  -0.0437186
 0.000160076,  -0.0439698
  0.00016008,  -0.0442211
 0.000160084,  -0.0443467
 0.000160088,   -0.044598
 0.000160092,   -0.044598
 0.000160096,  -0.0448492
   0.0001601,  -0.0449749
 0.000160104,  -0.0452261
 0.000160108,  -0.0452261
 0.000160112,  -0.0452261
 0.000160116,  -0.0454774
  0.00016012,  -0.0458543
 0.000160124,  -0.0458543
 0.000160128,  -0.0458543
 0.000160132,  -0.0461055
 0.000160136,  -0.0461055
  0.00016014,  -0.0464824
 0.000160144,  -0.0463568
 0.000160148,  -0.0464824
 0.000160152,   -0.046608
 0.000160156,  -0.0468593
  0.00016016,  -0.0469849
 0.000160164,  -0.0469849
 0.000160168,  -0.0473618
 0.000160172,  -0.0473618
 0.000160176,  -0.0473618
  0.00016018,  -0.0476131
 0.000160184,  -0.0477387
 0.000160188,  -0.0479899
 0.000160192,  -0.0478643
 0.000160196,  -0.0481156
   0.0001602,  -0.0483668
 0.000160204,  -0.0482412
 0.000160208,  -0.0482412
 0.000160212,  -0.0484925
 0.000160216,  -0.0487437
  0.00016022,  -0.0484925
 0.000160224,  -0.0487437
 0.000160228,   -0.048995
 0.000160232,  -0.0488693
 0.000160236,   -0.048995
  0.00016024,  -0.0491206
 0.000160244,  -0.0492462
 0.000160248,  -0.0492462
 0.000160252,  -0.0492462
 0.000160256,  -0.0494975
  0.00016026,  -0.0497487
 0.000160264,  -0.0494975
 0.000160268,  -0.0496231
 0.000160272,  -0.0497487
 0.000160276,  -0.0498744
  0.00016028,  -0.0498744
 0.000160284,  -0.0497487
 0.000160288,  -0.0501256
 0.000160292,       -0.05
 0.000160296,  -0.0501256
   0.0001603,  -0.0503769
 0.000160304,  -0.0502513
 0.000160308,  -0.0503769
 0.000160312,  -0.0505025
 0.000160316,  -0.0506281
  0.00016032,  -0.0506281
 0.000160324,  -0.0505025
 0.000160328,  -0.0507538
 0.000160332,  -0.0506281
 0.000160336,  -0.0506281
  0.00016034,  -0.0508794
 0.000160344,  -0.0508794
 0.000160348,  -0.0507538
 0.000160352,  -0.0506281
 0.000160356,   -0.051005
  0.00016036,   -0.051005
 0.000160364,  -0.0508794
 0.000160368,  -0.0507538
 0.000160372,  -0.0508794
 0.000160376,   -0.051005
  0.00016038,  -0.0506281
 0.000160384,  -0.0508794
 0.000160388,  -0.0508794
 0.000160392,   -0.051005
 0.000160396,  -0.0508794
   0.0001604,   -0.051005
 0.000160404,  -0.0511307
 0.000160408,  -0.0508794
 0.000160412,  -0.0508794
 0.000160416,  -0.0511307
  0.00016042,  -0.0511307
 0.000160424,   -0.051005
 0.000160428,   -0.051005
 0.000160432,  -0.0511307
 0.000160436,  -0.0512563
  0.00016044,  -0.0512563
 0.000160444,  -0.0511307
 0.000160448,  -0.0511307
 0.000160452,  -0.0511307
 0.000160456,  -0.0512563
  0.00016046,  -0.0512563
 0.000160464,  -0.0511307
 0.000160468,   -0.051005
 0.000160472,   -0.051005
 0.000160476,  -0.0512563
  0.00016048,  -0.0511307
 0.000160484,  -0.0508794
 0.000160488,  -0.0511307
 0.000160492,   -0.051005
 0.000160496,  -0.0511307
   0.0001605,  -0.0511307
 0.000160504,  -0.0512563
 0.000160508,   -0.051005
 0.000160512,  -0.0508794
 0.000160516,   -0.051005
  0.00016052,   -0.051005
 0.000160524,   -0.051005
 0.000160528,  -0.0507538
 0.000160532,   -0.051005
 0.000160536,   -0.051005
  0.00016054,  -0.0507538
 0.000160544,  -0.0505025
 0.000160548,  -0.0508794
 0.000160552,   -0.051005
 0.000160556,  -0.0506281
  0.00016056,  -0.0506281
 0.000160564,  -0.0508794
 0.000160568,  -0.0507538
 0.000160572,  -0.0506281
 0.000160576,  -0.0507538
  0.00016058,  -0.0507538
 0.000160584,  -0.0506281
 0.000160588,  -0.0505025
 0.000160592,  -0.0506281
 0.000160596,  -0.0506281
   0.0001606,  -0.0506281
 0.000160604,  -0.0503769
 0.000160608,  -0.0505025
 0.000160612,  -0.0505025
 0.000160616,  -0.0502513
  0.00016062,  -0.0502513
 0.000160624,  -0.0503769
 0.000160628,  -0.0502513
 0.000160632,  -0.0501256
 0.000160636,  -0.0502513
  0.00016064,  -0.0501256
 0.000160644,       -0.05
 0.000160648,       -0.05
 0.000160652,       -0.05
 0.000160656,       -0.05
  0.00016066,  -0.0497487
 0.000160664,  -0.0501256
 0.000160668,  -0.0498744
 0.000160672,  -0.0494975
 0.000160676,  -0.0497487
  0.00016068,       -0.05
 0.000160684,  -0.0496231
 0.000160688,  -0.0494975
 0.000160692,  -0.0496231
 0.000160696,  -0.0496231
   0.0001607,  -0.0493719
 0.000160704,  -0.0492462
 0.000160708,  -0.0494975
 0.000160712,  -0.0491206
 0.000160716,   -0.048995
  0.00016072,  -0.0492462
 0.000160724,  -0.0493719
 0.000160728,   -0.048995
 0.000160732,   -0.048995
 0.000160736,  -0.0491206
  0.00016074,  -0.0491206
 0.000160744,  -0.0488693
 0.000160748,  -0.0487437
 0.000160752,   -0.048995
 0.000160756,  -0.0487437
  0.00016076,  -0.0486181
 0.000160764,  -0.0486181
 0.000160768,  -0.0487437
 0.000160772,  -0.0484925
 0.000160776,  -0.0484925
  0.00016078,  -0.0484925
 0.000160784,  -0.0484925
 0.000160788,  -0.0481156
 0.000160792,  -0.0482412
 0.000160796,  -0.0482412
   0.0001608,  -0.0481156
 0.000160804,  -0.0481156
 0.000160808,  -0.0479899
 0.000160812,  -0.0478643
 0.000160816,  -0.0478643
  0.00016082,  -0.0478643
 0.000160824,  -0.0478643
 0.000160828,  -0.0476131
 0.000160832,  -0.0474874
 0.000160836,  -0.0477387
  0.00016084,  -0.0476131
 0.000160844,  -0.0473618
 0.000160848,  -0.0472362
 0.000160852,  -0.0473618
 0.000160856,  -0.0473618
  0.00016086,  -0.0472362
 0.000160864,  -0.0471106
 0.000160868,  -0.0472362
 0.000160872,  -0.0469849
 0.000160876,  -0.0468593
  0.00016088,  -0.0469849
 0.000160884,  -0.0469849
 0.000160888,  -0.0467337
 0.000160892,  -0.0467337
 0.000160896,  -0.0467337
   0.0001609,   -0.046608
 0.000160904,  -0.0463568
 0.000160908,  -0.0462312
 0.000160912,  -0.0464824
 0.000160916,  -0.0463568
  0.00016092,  -0.0459799
 0.000160924,  -0.0462312
 0.000160928,  -0.0461055
 0.000160932,  -0.0461055
 0.000160936,  -0.0458543
  0.00016094,  -0.0458543
 0.000160944,  -0.0458543
 0.000160948,   -0.045603
 0.000160952,   -0.045603
 0.000160956,   -0.045603
  0.00016096,  -0.0453518
 0.000160964,  -0.0453518
 0.000160968,  -0.0453518
 0.000160972,  -0.0454774
 0.000160976,  -0.0451005
  0.00016098,  -0.0449749
 0.000160984,  -0.0452261
 0.000160988,  -0.0452261
 0.000160992,  -0.0449749
 0.000160996,  -0.0447236
    0.000161,  -0.0447236
 0.000161004,  -0.0447236
 0.000161008,   -0.044598
 0.000161012,   -0.044598
 0.000161016,   -0.044598
  0.00016102,  -0.0442211
 0.000161024,  -0.0440955
 0.000161028,   -0.044598
 0.000161032,  -0.0444724
 0.000161036,  -0.0440955
  0.00016104,  -0.0439698
 0.000161044,  -0.0440955
 0.000161048,  -0.0439698
 0.000161052,  -0.0437186
 0.000161056,  -0.0438442
  0.00016106,  -0.0438442
 0.000161064,  -0.0434673
 0.000161068,  -0.0433417
 0.000161072,  -0.0437186
 0.000161076,  -0.0433417
  0.00016108,  -0.0430905
 0.000161084,  -0.0430905
 0.000161088,  -0.0433417
 0.000161092,  -0.0433417
 0.000161096,  -0.0428392
   0.0001611,  -0.0429648
 0.000161104,  -0.0429648
 0.000161108,  -0.0429648
 0.000161112,  -0.0428392
 0.000161116,  -0.0427136
  0.00016112,  -0.0425879
 0.000161124,  -0.0424623
 0.000161128,  -0.0425879
 0.000161132,  -0.0425879
 0.000161136,  -0.0423367
  0.00016114,  -0.0420854
 0.000161144,  -0.0420854
 0.000161148,  -0.0422111
 0.000161152,  -0.0420854
 0.000161156,  -0.0417085
  0.00016116,  -0.0418342
 0.000161164,  -0.0417085
 0.000161168,  -0.0417085
 0.000161172,  -0.0415829
 0.000161176,  -0.0413317
  0.00016118,  -0.0413317
 0.000161184,  -0.0410804
 0.000161188,   -0.041206
 0.000161192,  -0.0409548
 0.000161196,  -0.0409548
   0.0001612,  -0.0409548
 0.000161204,  -0.0408291
 0.000161208,  -0.0407035
 0.000161212,  -0.0405779
 0.000161216,  -0.0407035
  0.00016122,  -0.0408291
 0.000161224,  -0.0404523
 0.000161228,  -0.0405779
 0.000161232,  -0.0405779
 0.000161236,  -0.0404523
  0.00016124,  -0.0403266
 0.000161244,   -0.040201
 0.000161248,  -0.0404523
 0.000161252,  -0.0400754
 0.000161256,  -0.0400754
  0.00016126,  -0.0400754
 0.000161264,   -0.040201
 0.000161268,  -0.0395729
 0.000161272,  -0.0394472
 0.000161276,  -0.0395729
  0.00016128,  -0.0395729
 0.000161284,   -0.039196
 0.000161288,   -0.039196
 0.000161292,  -0.0393216
 0.000161296,  -0.0390704
   0.0001613,  -0.0388191
 0.000161304,  -0.0388191
 0.000161308,  -0.0390704
 0.000161312,  -0.0386935
 0.000161316,  -0.0386935
  0.00016132,  -0.0386935
 0.000161324,  -0.0386935
 0.000161328,  -0.0385678
 0.000161332,  -0.0383166
 0.000161336,  -0.0385678
  0.00016134,  -0.0383166
 0.000161344,  -0.0383166
 0.000161348,   -0.038191
 0.000161352,  -0.0380653
 0.000161356,  -0.0380653
  0.00016136,  -0.0380653
 0.000161364,  -0.0380653
 0.000161368,  -0.0379397
 0.000161372,  -0.0374372
 0.000161376,  -0.0378141
  0.00016138,  -0.0376884
 0.000161384,  -0.0373116
 0.000161388,  -0.0373116
 0.000161392,  -0.0371859
 0.000161396,  -0.0374372
   0.0001614,  -0.0370603
 0.000161404,  -0.0371859
 0.000161408,  -0.0370603
 0.000161412,  -0.0366834
 0.000161416,   -0.036809
  0.00016142,  -0.0369347
 0.000161424,   -0.036809
 0.000161428,  -0.0364322
 0.000161432,  -0.0364322
 0.000161436,  -0.0366834
  0.00016144,  -0.0364322
 0.000161444,  -0.0363065
 0.000161448,  -0.0361809
 0.000161452,  -0.0360553
 0.000161456,  -0.0361809
  0.00016146,  -0.0361809
 0.000161464,  -0.0360553
 0.000161468,   -0.035804
 0.000161472,  -0.0355528
 0.000161476,  -0.0356784
  0.00016148,  -0.0356784
 0.000161484,  -0.0355528
 0.000161488,  -0.0354271
 0.000161492,  -0.0353015
 0.000161496,  -0.0353015
   0.0001615,  -0.0354271
 0.000161504,  -0.0353015
 0.000161508,  -0.0350503
 0.000161512,  -0.0349246
 0.000161516,  -0.0350503
  0.00016152,  -0.0350503
 0.000161524,  -0.0349246
 0.000161528,  -0.0345477
 0.000161532,  -0.0346734
 0.000161536,   -0.034799
  0.00016154,  -0.0344221
 0.000161544,  -0.0344221
 0.000161548,  -0.0342965
 0.000161552,  -0.0342965
 0.000161556,  -0.0340452
  0.00016156,  -0.0340452
 0.000161564,  -0.0341709
 0.000161568,  -0.0339196
 0.000161572,   -0.033794
 0.000161576,  -0.0339196
  0.00016158,  -0.0339196
 0.000161584,   -0.033794
 0.000161588,  -0.0336683
 0.000161592,   -0.033794
 0.000161596,   -0.033794
   0.0001616,  -0.0334171
 0.000161604,  -0.0334171
 0.000161608,  -0.0334171
 0.000161612,  -0.0335427
 0.000161616,  -0.0331658
  0.00016162,  -0.0330402
 0.000161624,  -0.0330402
 0.000161628,  -0.0329146
 0.000161632,  -0.0327889
 0.000161636,  -0.0327889
  0.00016164,  -0.0327889
 0.000161644,  -0.0324121
 0.000161648,  -0.0324121
 0.000161652,  -0.0325377
 0.000161656,  -0.0325377
  0.00016166,  -0.0324121
 0.000161664,  -0.0322864
 0.000161668,  -0.0321608
 0.000161672,  -0.0322864
 0.000161676,  -0.0320352
  0.00016168,  -0.0321608
 0.000161684,  -0.0320352
 0.000161688,  -0.0319095
 0.000161692,  -0.0319095
 0.000161696,  -0.0317839
   0.0001617,  -0.0317839
 0.000161704,  -0.0316583
 0.000161708,  -0.0316583
 0.000161712,  -0.0315327
 0.000161716,  -0.0312814
  0.00016172,  -0.0311558
 0.000161724,  -0.0312814
 0.000161728,  -0.0311558
 0.000161732,  -0.0311558
 0.000161736,  -0.0310302
  0.00016174,  -0.0309045
 0.000161744,  -0.0307789
 0.000161748,  -0.0309045
 0.000161752,  -0.0310302
 0.000161756,  -0.0309045
  0.00016176,  -0.0306533
 0.000161764,   -0.030402
 0.000161768,  -0.0307789
 0.000161772,  -0.0307789
 0.000161776,  -0.0305276
  0.00016178,  -0.0302764
 0.000161784,  -0.0302764
 0.000161788,   -0.030402
 0.000161792,  -0.0300251
 0.000161796,  -0.0300251
   0.0001618,  -0.0301508
 0.000161804,  -0.0300251
 0.000161808,  -0.0298995
 0.000161812,  -0.0297739
 0.000161816,  -0.0298995
  0.00016182,  -0.0297739
 0.000161824,  -0.0296482
 0.000161828,  -0.0295226
 0.000161832,  -0.0296482
 0.000161836,  -0.0292714
  0.00016184,  -0.0296482
 0.000161844,   -0.029397
 0.000161848,  -0.0292714
 0.000161852,  -0.0291457
 0.000161856,  -0.0291457
  0.00016186,  -0.0291457
 0.000161864,  -0.0288945
 0.000161868,  -0.0288945
 0.000161872,  -0.0288945
 0.000161876,  -0.0288945
  0.00016188,  -0.0286432
 0.000161884,  -0.0287688
 0.000161888,  -0.0285176
 0.000161892,  -0.0286432
 0.000161896,  -0.0285176
   0.0001619,  -0.0285176
 0.000161904,   -0.028392
 0.000161908,  -0.0282663
 0.000161912,   -0.028392
 0.000161916,   -0.028392
  0.00016192,  -0.0281407
 0.000161924,  -0.0280151
 0.000161928,  -0.0281407
 0.000161932,  -0.0281407
 0.000161936,  -0.0280151
  0.00016194,  -0.0277638
 0.000161944,  -0.0277638
 0.000161948,  -0.0278894
 0.000161952,  -0.0277638
 0.000161956,  -0.0275126
  0.00016196,  -0.0276382
 0.000161964,  -0.0278894
 0.000161968,  -0.0275126
 0.000161972,  -0.0273869
 0.000161976,  -0.0273869
  0.00016198,  -0.0273869
 0.000161984,  -0.0272613
 0.000161988,  -0.0272613
 0.000161992,  -0.0272613
 0.000161996,    -0.02701
    0.000162,  -0.0271357
 0.000162004,    -0.02701
 0.000162008,  -0.0271357
 0.000162012,  -0.0268844
 0.000162016,  -0.0266332
  0.00016202,  -0.0267588
 0.000162024,  -0.0268844
 0.000162028,  -0.0267588
 0.000162032,  -0.0265075
 0.000162036,  -0.0263819
  0.00016204,  -0.0265075
 0.000162044,  -0.0263819
 0.000162048,  -0.0263819
 0.000162052,  -0.0263819
 0.000162056,  -0.0261307
  0.00016206,  -0.0262563
 0.000162064,  -0.0261307
 0.000162068,  -0.0261307
 0.000162072,  -0.0258794
 0.000162076,   -0.026005
  0.00016208,  -0.0258794
 0.000162084,  -0.0258794
 0.000162088,  -0.0257538
 0.000162092,  -0.0258794
 0.000162096,  -0.0257538
   0.0001621,  -0.0256281
 0.000162104,  -0.0257538
 0.000162108,  -0.0256281
 0.000162112,  -0.0253769
 0.000162116,  -0.0253769
  0.00016212,  -0.0255025
 0.000162124,  -0.0253769
 0.000162128,  -0.0251256
 0.000162132,  -0.0252513
 0.000162136,  -0.0253769
  0.00016214,  -0.0251256
 0.000162144,      -0.025
 0.000162148,  -0.0251256
 0.000162152,      -0.025
 0.000162156,  -0.0248744
  0.00016216,  -0.0247487
 0.000162164,      -0.025
 0.000162168,  -0.0248744
 0.000162172,  -0.0246231
 0.000162176,  -0.0246231
  0.00016218,  -0.0248744
 0.000162184,  -0.0246231
 0.000162188,  -0.0243719
 0.000162192,  -0.0244975
 0.000162196,  -0.0244975
   0.0001622,  -0.0244975
 0.000162204,  -0.0241206
 0.000162208,  -0.0242462
 0.000162212,  -0.0241206
 0.000162216,  -0.0241206
  0.00016222,  -0.0242462
 0.000162224,   -0.023995
 0.000162228,  -0.0238693
 0.000162232,  -0.0238693
 0.000162236,  -0.0238693
  0.00016224,  -0.0237437
 0.000162244,  -0.0236181
 0.000162248,  -0.0237437
 0.000162252,  -0.0236181
 0.000162256,  -0.0234925
  0.00016226,  -0.0236181
 0.000162264,  -0.0237437
 0.000162268,  -0.0234925
 0.000162272,  -0.0232412
 0.000162276,  -0.0233668
  0.00016228,  -0.0233668
 0.000162284,  -0.0232412
 0.000162288,  -0.0231156
 0.000162292,  -0.0232412
 0.000162296,  -0.0232412
   0.0001623,  -0.0231156
 0.000162304,  -0.0229899
 0.000162308,  -0.0229899
 0.000162312,  -0.0228643
 0.000162316,  -0.0228643
  0.00016232,  -0.0227387
 0.000162324,  -0.0227387
 0.000162328,  -0.0226131
 0.000162332,  -0.0223618
 0.000162336,  -0.0226131
  0.00016234,  -0.0226131
 0.000162344,  -0.0223618
 0.000162348,  -0.0223618
 0.000162352,  -0.0221106
 0.000162356,  -0.0222362
  0.00016236,  -0.0222362
 0.000162364,  -0.0222362
 0.000162368,  -0.0221106
 0.000162372,  -0.0219849
 0.000162376,  -0.0219849
  0.00016238,  -0.0219849
 0.000162384,  -0.0218593
 0.000162388,  -0.0218593
 0.000162392,  -0.0217337
 0.000162396,   -0.021608
   0.0001624,   -0.021608
 0.000162404,  -0.0214824
 0.000162408,   -0.021608
 0.000162412,  -0.0213568
 0.000162416,  -0.0212312
  0.00016242,  -0.0212312
 0.000162424,  -0.0213568
 0.000162428,  -0.0211055
 0.000162432,  -0.0211055
 0.000162436,  -0.0209799
  0.00016244,  -0.0208543
 0.000162444,  -0.0209799
 0.000162448,  -0.0207286
 0.000162452,  -0.0208543
 0.000162456,   -0.020603
  0.00016246,   -0.020603
 0.000162464,  -0.0207286
 0.000162468,  -0.0204774
 0.000162472,  -0.0204774
 0.000162476,  -0.0204774
  0.00016248,  -0.0202261
 0.000162484,  -0.0204774
 0.000162488,  -0.0204774
 0.000162492,  -0.0202261
 0.000162496,  -0.0201005
   0.0001625,  -0.0201005
 0.000162504,  -0.0204774
 0.000162508,  -0.0199749
 0.000162512,  -0.0198492
 0.000162516,  -0.0201005
  0.00016252,  -0.0197236
 0.000162524,   -0.019598
 0.000162528,  -0.0197236
 0.000162532,  -0.0197236
 0.000162536,   -0.019598
  0.00016254,  -0.0193467
 0.000162544,   -0.019598
 0.000162548,  -0.0194724
 0.000162552,  -0.0192211
 0.000162556,  -0.0192211
  0.00016256,  -0.0192211
 0.000162564,  -0.0192211
 0.000162568,  -0.0189698
 0.000162572,  -0.0190955
 0.000162576,  -0.0189698
  0.00016258,  -0.0187186
 0.000162584,   -0.018593
 0.000162588,  -0.0187186
 0.000162592,  -0.0187186
 0.000162596,  -0.0183417
   0.0001626,  -0.0184673
 0.000162604,  -0.0183417
 0.000162608,  -0.0182161
 0.000162612,  -0.0182161
 0.000162616,  -0.0182161
  0.00016262,  -0.0180905
 0.000162624,  -0.0179648
 0.000162628,  -0.0179648
 0.000162632,  -0.0179648
 0.000162636,  -0.0177136
  0.00016264,  -0.0177136
 0.000162644,  -0.0178392
 0.000162648,  -0.0175879
 0.000162652,  -0.0177136
 0.000162656,  -0.0175879
  0.00016266,  -0.0174623
 0.000162664,  -0.0173367
 0.000162668,  -0.0173367
 0.000162672,  -0.0174623
 0.000162676,  -0.0173367
  0.00016268,  -0.0172111
 0.000162684,  -0.0170854
 0.000162688,  -0.0172111
 0.000162692,  -0.0169598
 0.000162696,  -0.0170854
   0.0001627,  -0.0168342
 0.000162704,  -0.0167085
 0.000162708,  -0.0168342
 0.000162712,  -0.0167085
 0.000162716,  -0.0164573
  0.00016272,  -0.0163317
 0.000162724,  -0.0163317
 0.000162728,  -0.0163317
 0.000162732,   -0.016206
 0.000162736,  -0.0158291
  0.00016274,  -0.0159548
 0.000162744,  -0.0159548
 0.000162748,  -0.0158291
 0.000162752,  -0.0158291
 0.000162756,  -0.0157035
  0.00016276,  -0.0157035
 0.000162764,  -0.0153266
 0.000162768,  -0.0154523
 0.000162772,  -0.0155779
 0.000162776,  -0.0153266
  0.00016278,   -0.015201
 0.000162784,  -0.0149497
 0.000162788,  -0.0150754
 0.000162792,  -0.0150754
 0.000162796,  -0.0148241
   0.0001628,  -0.0149497
 0.000162804,  -0.0150754
 0.000162808,  -0.0146985
 0.000162812,  -0.0145729
 0.000162816,  -0.0148241
  0.00016282,  -0.0148241
 0.000162824,  -0.0144472
 0.000162828,   -0.014196
 0.000162832,  -0.0143216
 0.000162836,  -0.0144472
  0.00016284,   -0.014196
 0.000162844,  -0.0140704
 0.000162848,  -0.0139447
 0.000162852,  -0.0138191
 0.000162856,  -0.0136935
  0.00016286,  -0.0136935
 0.000162864,  -0.0136935
 0.000162868,  -0.0134422
 0.000162872,  -0.0133166
 0.000162876,  -0.0134422
  0.00016288,  -0.0133166
 0.000162884,  -0.0130653
 0.000162888,  -0.0130653
 0.000162892,  -0.0130653
 0.000162896,   -0.013191
   0.0001629,  -0.0130653
 0.000162904,  -0.0129397
 0.000162908,  -0.0128141
 0.000162912,  -0.0126884
 0.000162916,  -0.0128141
  0.00016292,  -0.0126884
 0.000162924,  -0.0125628
 0.000162928,  -0.0124372
 0.000162932,  -0.0124372
 0.000162936,  -0.0121859
  0.00016294,  -0.0121859
 0.000162944,  -0.0120603
 0.000162948,  -0.0121859
 0.000162952,  -0.0119347
 0.000162956,  -0.0116834
  0.00016296,  -0.0119347
 0.000162964,   -0.011809
 0.000162968,  -0.0116834
 0.000162972,  -0.0113065
 0.000162976,  -0.0114322
  0.00016298,  -0.0115578
 0.000162984,  -0.0111809
 0.000162988,  -0.0111809
 0.000162992,  -0.0113065
 0.000162996,  -0.0110553
    0.000163,   -0.010804
 0.000163004,   -0.010804
 0.000163008,   -0.010804
 0.000163012,  -0.0106784
 0.000163016,  -0.0104271
  0.00016302,  -0.0105528
 0.000163024,  -0.0105528
 0.000163028,  -0.0101759
 0.000163032,  -0.0101759
 0.000163036,  -0.0101759
  0.00016304,  -0.0101759
 0.000163044,  -0.0100503
 0.000163048,  -0.0100503
 0.000163052,  -0.0100503
 0.000163056,   -0.009799
  0.00016306,   -0.009799
 0.000163064,   -0.009799
 0.000163068,   -0.009799
 0.000163072, -0.00942211
 0.000163076, -0.00942211
  0.00016308, -0.00954774
 0.000163084, -0.00942211
 0.000163088, -0.00929648
 0.000163092, -0.00917085
 0.000163096, -0.00929648
   0.0001631, -0.00904523
 0.000163104, -0.00904523
 0.000163108, -0.00904523
 0.000163112,  -0.0089196
 0.000163116, -0.00866834
  0.00016312, -0.00854271
 0.000163124, -0.00879397
 0.000163128, -0.00866834
 0.000163132, -0.00829146
 0.000163136, -0.00816583
  0.00016314, -0.00829146
 0.000163144,  -0.0080402
 0.000163148, -0.00791457
 0.000163152, -0.00791457
 0.000163156, -0.00778894
  0.00016316, -0.00753769
 0.000163164, -0.00753769
 0.000163168, -0.00766332
 0.000163172, -0.00766332
 0.000163176,  -0.0071608
  0.00016318,  -0.0071608
 0.000163184, -0.00753769
 0.000163188,  -0.0071608
 0.000163192, -0.00690955
 0.000163196, -0.00690955
   0.0001632, -0.00728643
 0.000163204,  -0.0071608
 0.000163208, -0.00678392
 0.000163212, -0.00690955
 0.000163216, -0.00678392
  0.00016322, -0.00665829
 0.000163224, -0.00665829
 0.000163228, -0.00665829
 0.000163232, -0.00640704
 0.000163236, -0.00628141
  0.00016324, -0.00628141
 0.000163244, -0.00615578
 0.000163248, -0.00603015
 0.000163252, -0.00590452
 0.000163256, -0.00590452
  0.00016326, -0.00565327
 0.000163264, -0.00590452
 0.000163268, -0.00577889
 0.000163272, -0.00552764
 0.000163276, -0.00552764
  0.00016328, -0.00540201
 0.000163284, -0.00552764
 0.000163288, -0.00565327
 0.000163292, -0.00540201
 0.000163296, -0.00515075
   0.0001633, -0.00527638
 0.000163304, -0.00515075
 0.000163308, -0.00502513
 0.000163312, -0.00477387
 0.000163316, -0.00477387
  0.00016332, -0.00464824
 0.000163324, -0.00452261
 0.000163328, -0.00464824
 0.000163332, -0.00464824
 0.000163336, -0.00439698
  0.00016334, -0.00439698
 0.000163344, -0.00452261
 0.000163348, -0.00427136
 0.000163352, -0.00414573
 0.000163356, -0.00414573
  0.00016336, -0.00414573
 0.000163364,  -0.0040201
 0.000163368,  -0.0040201
 0.000163372,  -0.0040201
 0.000163376, -0.00376884
  0.00016338, -0.00364322
 0.000163384, -0.00364322
 0.000163388, -0.00364322
 0.000163392, -0.00351759
 0.000163396, -0.00339196
   0.0001634, -0.00339196
 0.000163404, -0.00351759
 0.000163408,  -0.0031407
 0.000163412,  -0.0031407
 0.000163416,  -0.0031407
  0.00016342, -0.00301508
 0.000163424,  -0.0031407
 0.000163428, -0.00276382
 0.000163432, -0.00263819
 0.000163436, -0.00276382
  0.00016344, -0.00263819
 0.000163444, -0.00263819
 0.000163448, -0.00238693
 0.000163452, -0.00226131
 0.000163456, -0.00251256
  0.00016346, -0.00238693
 0.000163464, -0.00238693
 0.000163468, -0.00226131
 0.000163472, -0.00226131
 0.000163476, -0.00238693
  0.00016348, -0.00226131
 0.000163484, -0.00213568
 0.000163488, -0.00213568
 0.000163492, -0.00188442
 0.000163496, -0.00188442
   0.0001635, -0.00213568
 0.000163504, -0.00213568
 0.000163508, -0.00175879
 0.000163512, -0.00163317
 0.000163516, -0.00188442
  0.00016352, -0.00188442
 0.000163524, -0.00150754
 0.000163528, -0.00138191
 0.000163532, -0.00163317
 0.000163536, -0.00150754
  0.00016354, -0.00138191
 0.000163544, -0.00138191
 0.000163548, -0.00125628
 0.000163552, -0.00125628
 0.000163556, -0.00100503
  0.00016356, -0.00138191
 0.000163564, -0.00125628
 0.000163568,-0.000879397
 0.000163572,-0.000879397
 0.000163576, -0.00100503
  0.00016358, -0.00100503
 0.000163584,-0.000753769
 0.000163588,-0.000753769
 0.000163592,-0.000753769
 0.000163596,-0.000628141
   0.0001636,-0.000502513
 0.000163604,-0.000502513
 0.000163608,-0.000376884
 0.000163612,-0.000376884
 0.000163616,-0.000376884
  0.00016362,-0.000251256
 0.000163624,-0.000251256
 0.000163628,-0.000125628
 0.000163632,-0.000251256
 0.000163636,-0.000251256
  0.00016364,           0
 0.000163644,           0
 0.000163648,-0.000125628
 0.000163652,           0
 0.000163656, 0.000125628
  0.00016366,           0
 0.000163664, 0.000125628
 0.000163668, 0.000251256
 0.000163672, 0.000125628
 0.000163676,           0
  0.00016368, 0.000251256
 0.000163684, 0.000502513
 0.000163688, 0.000376884
 0.000163692, 0.000125628
 0.000163696, 0.000502513
   0.0001637, 0.000502513
 0.000163704, 0.000376884
 0.000163708, 0.000502513
 0.000163712, 0.000628141
 0.000163716, 0.000628141
  0.00016372, 0.000502513
 0.000163724, 0.000628141
 0.000163728,  0.00100503
 0.000163732, 0.000628141
 0.000163736, 0.000628141
  0.00016374,  0.00100503
 0.000163744,  0.00113065
 0.000163748,  0.00100503
 0.000163752, 0.000879397
 0.000163756,  0.00113065
  0.00016376,  0.00100503
 0.000163764,  0.00113065
 0.000163768,  0.00113065
 0.000163772,  0.00113065
 0.000163776,  0.00100503
  0.00016378,  0.00125628
 0.000163784,  0.00138191
 0.000163788,  0.00125628
 0.000163792,  0.00125628
 0.000163796,  0.00125628
   0.0001638,  0.00150754
 0.000163804,  0.00150754
 0.000163808,  0.00150754
 0.000163812,  0.00175879
 0.000163816,  0.00150754
  0.00016382,  0.00163317
 0.000163824,  0.00175879
 0.000163828,  0.00175879
 0.000163832,  0.00188442
 0.000163836,  0.00175879
  0.00016384,  0.00188442
 0.000163844,  0.00188442
 0.000163848,  0.00188442
 0.000163852,  0.00201005
 0.000163856,  0.00188442
  0.00016386,  0.00201005
 0.000163864,  0.00201005
 0.000163868,  0.00188442
 0.000163872,  0.00201005
 0.000163876,  0.00226131
  0.00016388,  0.00213568
 0.000163884,  0.00226131
 0.000163888,  0.00226131
 0.000163892,  0.00226131
 0.000163896,  0.00238693
   0.0001639,  0.00226131
 0.000163904,  0.00251256
 0.000163908,  0.00226131
 0.000163912,  0.00251256
 0.000163916,  0.00251256
  0.00016392,  0.00251256
 0.000163924,  0.00263819
 0.000163928,  0.00251256
 0.000163932,  0.00276382
 0.000163936,  0.00263819
  0.00016394,  0.00263819
 0.000163944,  0.00251256
 0.000163948,  0.00276382
 0.000163952,  0.00263819
 0.000163956,  0.00288945
  0.00016396,  0.00301508
 0.000163964,  0.00276382
 0.000163968,  0.00276382
 0.000163972,  0.00301508
 0.000163976,   0.0031407
  0.00016398,  0.00301508
 0.000163984,  0.00288945
 0.000163988,   0.0031407
 0.000163992,   0.0031407
 0.000163996,  0.00301508
