    0.000121,    0.010804
 0.000121004,   0.0100503
 0.000121008,  0.00929648
 0.000121012,  0.00854271
 0.000121016,  0.00778894
  0.00012102,  0.00703518
 0.000121024,  0.00628141
 0.000121028,  0.00552764
 0.000121032,  0.00477387
 0.000121036,   0.0040201
  0.00012104,  0.00326633
 0.000121044,  0.00251256
 0.000121048,  0.00175879
 0.000121052,  0.00100503
 0.000121056, 0.000251256
  0.00012106,-0.000502513
 0.000121064, -0.00125628
 0.000121068, -0.00201005
 0.000121072, -0.00276382
 0.000121076, -0.00376884
  0.00012108, -0.00452261
 0.000121084, -0.00552764
 0.000121088, -0.00628141
 0.000121092, -0.00678392
 0.000121096, -0.00753769
   0.0001211, -0.00829146
 0.000121104, -0.00929648
 0.000121108,  -0.0103015
 0.000121112,   -0.010804
 0.000121116,   -0.011809
  0.00012112,  -0.0125628
 0.000121124,  -0.0133166
 0.000121128,  -0.0140704
 0.000121132,  -0.0148241
 0.000121136,  -0.0158291
  0.00012114,  -0.0163317
 0.000121144,  -0.0170854
 0.000121148,  -0.0183417
 0.000121152,  -0.0190955
 0.000121156,  -0.0201005
  0.00012116,  -0.0208543
 0.000121164,   -0.021608
 0.000121168,  -0.0223618
 0.000121172,  -0.0231156
 0.000121176,  -0.0241206
  0.00012118,  -0.0251256
 0.000121184,  -0.0256281
 0.000121188,  -0.0266332
 0.000121192,  -0.0273869
 0.000121196,  -0.0281407
   0.0001212,  -0.0288945
 0.000121204,  -0.0296482
 0.000121208,   -0.030402
 0.000121212,   -0.031407
 0.000121216,  -0.0321608
  0.00012122,  -0.0329146
 0.000121224,  -0.0336683
 0.000121228,  -0.0344221
 0.000121232,  -0.0351759
 0.000121236,  -0.0359296
  0.00012124,  -0.0366834
 0.000121244,  -0.0376884
 0.000121248,   -0.038191
 0.000121252,   -0.039196
 0.000121256,   -0.040201
  0.00012126,  -0.0409548
 0.000121264,  -0.0414573
 0.000121268,  -0.0422111
 0.000121272,  -0.0432161
 0.000121276,  -0.0439698
  0.00012128,  -0.0444724
 0.000121284,  -0.0452261
 0.000121288,  -0.0459799
 0.000121292,  -0.0467337
 0.000121296,  -0.0474874
   0.0001213,  -0.0479899
 0.000121304,   -0.048995
 0.000121308,  -0.0497487
 0.000121312,  -0.0502513
 0.000121316,   -0.051005
  0.00012132,  -0.0517588
 0.000121324,  -0.0522613
 0.000121328,  -0.0530151
 0.000121332,  -0.0537688
 0.000121336,  -0.0545226
  0.00012134,  -0.0552764
 0.000121344,  -0.0555276
 0.000121348,  -0.0567839
 0.000121352,  -0.0575377
 0.000121356,  -0.0577889
  0.00012136,  -0.0585427
 0.000121364,  -0.0592965
 0.000121368,   -0.059799
 0.000121372,  -0.0603015
 0.000121376,  -0.0610553
  0.00012138,   -0.061809
 0.000121384,  -0.0623116
 0.000121388,  -0.0628141
 0.000121392,  -0.0635678
 0.000121396,  -0.0640704
   0.0001214,  -0.0645729
 0.000121404,  -0.0650754
 0.000121408,  -0.0655779
 0.000121412,  -0.0663317
 0.000121416,  -0.0665829
  0.00012142,  -0.0673367
 0.000121424,  -0.0680905
 0.000121428,  -0.0683417
 0.000121432,  -0.0688442
 0.000121436,  -0.0693467
  0.00012144,  -0.0701005
 0.000121444,   -0.070603
 0.000121448,  -0.0708543
 0.000121452,   -0.071608
 0.000121456,  -0.0721105
  0.00012146,  -0.0723618
 0.000121464,  -0.0731156
 0.000121468,  -0.0733668
 0.000121472,  -0.0736181
 0.000121476,  -0.0741206
  0.00012148,  -0.0746231
 0.000121484,  -0.0751256
 0.000121488,  -0.0753769
 0.000121492,  -0.0756281
 0.000121496,  -0.0761307
   0.0001215,  -0.0766332
 0.000121504,  -0.0768844
 0.000121508,  -0.0771357
 0.000121512,  -0.0776382
 0.000121516,  -0.0781407
  0.00012152,   -0.078392
 0.000121524,  -0.0786432
 0.000121528,  -0.0791457
 0.000121532,   -0.079397
 0.000121536,  -0.0796482
  0.00012154,  -0.0798995
 0.000121544,  -0.0801508
 0.000121548,  -0.0806533
 0.000121552,  -0.0809045
 0.000121556,  -0.0809045
  0.00012156,   -0.081407
 0.000121564,   -0.081407
 0.000121568,  -0.0816583
 0.000121572,  -0.0821608
 0.000121576,  -0.0821608
  0.00012158,  -0.0826633
 0.000121584,  -0.0826633
 0.000121588,  -0.0829146
 0.000121592,  -0.0831658
 0.000121596,  -0.0831658
   0.0001216,  -0.0836683
 0.000121604,  -0.0836683
 0.000121608,  -0.0836683
 0.000121612,  -0.0839196
 0.000121616,  -0.0841709
  0.00012162,  -0.0844221
 0.000121624,  -0.0844221
 0.000121628,  -0.0844221
 0.000121632,  -0.0844221
 0.000121636,  -0.0846734
  0.00012164,  -0.0846734
 0.000121644,  -0.0849246
 0.000121648,  -0.0849246
 0.000121652,  -0.0849246
 0.000121656,  -0.0851759
  0.00012166,  -0.0851759
 0.000121664,  -0.0851759
 0.000121668,  -0.0851759
 0.000121672,  -0.0854271
 0.000121676,  -0.0854271
  0.00012168,  -0.0854271
 0.000121684,  -0.0856784
 0.000121688,  -0.0854271
 0.000121692,  -0.0854271
 0.000121696,  -0.0854271
   0.0001217,  -0.0856784
 0.000121704,  -0.0854271
 0.000121708,  -0.0854271
 0.000121712,  -0.0854271
 0.000121716,  -0.0854271
  0.00012172,  -0.0854271
 0.000121724,  -0.0851759
 0.000121728,  -0.0854271
 0.000121732,  -0.0851759
 0.000121736,  -0.0851759
  0.00012174,  -0.0851759
 0.000121744,  -0.0851759
 0.000121748,  -0.0849246
 0.000121752,  -0.0849246
 0.000121756,  -0.0849246
  0.00012176,  -0.0849246
 0.000121764,  -0.0846734
 0.000121768,  -0.0844221
 0.000121772,  -0.0844221
 0.000121776,  -0.0844221
  0.00012178,  -0.0841709
 0.000121784,  -0.0841709
 0.000121788,  -0.0841709
 0.000121792,  -0.0839196
 0.000121796,  -0.0836683
   0.0001218,  -0.0836683
 0.000121804,  -0.0834171
 0.000121808,  -0.0834171
 0.000121812,  -0.0831658
 0.000121816,  -0.0829146
  0.00012182,  -0.0826633
 0.000121824,  -0.0826633
 0.000121828,  -0.0826633
 0.000121832,  -0.0824121
 0.000121836,  -0.0821608
  0.00012184,  -0.0819095
 0.000121844,  -0.0819095
 0.000121848,  -0.0816583
 0.000121852,   -0.081407
 0.000121856,   -0.081407
  0.00012186,  -0.0811558
 0.000121864,  -0.0809045
 0.000121868,  -0.0806533
 0.000121872,  -0.0806533
 0.000121876,   -0.080402
  0.00012188,  -0.0798995
 0.000121884,  -0.0798995
 0.000121888,  -0.0796482
 0.000121892,   -0.079397
 0.000121896,  -0.0791457
   0.0001219,  -0.0788945
 0.000121904,  -0.0786432
 0.000121908,   -0.078392
 0.000121912,   -0.078392
 0.000121916,  -0.0781407
  0.00012192,  -0.0778894
 0.000121924,  -0.0776382
 0.000121928,  -0.0776382
 0.000121932,  -0.0773869
 0.000121936,  -0.0771357
  0.00012194,  -0.0768844
 0.000121944,  -0.0763819
 0.000121948,  -0.0763819
 0.000121952,  -0.0761307
 0.000121956,  -0.0758794
  0.00012196,  -0.0756281
 0.000121964,  -0.0753769
 0.000121968,  -0.0753769
 0.000121972,  -0.0751256
 0.000121976,  -0.0748744
  0.00012198,  -0.0746231
 0.000121984,  -0.0743719
 0.000121988,  -0.0741206
 0.000121992,  -0.0741206
 0.000121996,  -0.0738693
    0.000122,  -0.0736181
 0.000122004,  -0.0736181
 0.000122008,  -0.0731156
 0.000122012,  -0.0728643
 0.000122016,  -0.0726131
  0.00012202,  -0.0726131
 0.000122024,  -0.0726131
 0.000122028,  -0.0721105
 0.000122032,  -0.0718593
 0.000122036,   -0.071608
  0.00012204,  -0.0713568
 0.000122044,  -0.0713568
 0.000122048,  -0.0711055
 0.000122052,  -0.0708543
 0.000122056,   -0.070603
  0.00012206,  -0.0703518
 0.000122064,  -0.0703518
 0.000122068,  -0.0701005
 0.000122072,  -0.0698492
 0.000122076,  -0.0698492
  0.00012208,   -0.069598
 0.000122084,  -0.0693467
 0.000122088,  -0.0690955
 0.000122092,  -0.0690955
 0.000122096,  -0.0688442
   0.0001221,   -0.068593
 0.000122104,  -0.0683417
 0.000122108,  -0.0683417
 0.000122112,  -0.0680905
 0.000122116,  -0.0678392
  0.00012212,  -0.0678392
 0.000122124,  -0.0678392
 0.000122128,  -0.0675879
 0.000122132,  -0.0673367
 0.000122136,  -0.0673367
  0.00012214,  -0.0670854
 0.000122144,  -0.0668342
 0.000122148,  -0.0670854
 0.000122152,  -0.0668342
 0.000122156,  -0.0665829
  0.00012216,  -0.0663317
 0.000122164,  -0.0663317
 0.000122168,  -0.0663317
 0.000122172,  -0.0663317
 0.000122176,  -0.0660804
  0.00012218,  -0.0658291
 0.000122184,  -0.0660804
 0.000122188,  -0.0658291
 0.000122192,  -0.0655779
 0.000122196,  -0.0653266
   0.0001222,  -0.0653266
 0.000122204,  -0.0653266
 0.000122208,  -0.0650754
 0.000122212,  -0.0653266
 0.000122216,  -0.0650754
  0.00012222,  -0.0650754
 0.000122224,  -0.0650754
 0.000122228,  -0.0648241
 0.000122232,  -0.0648241
 0.000122236,  -0.0648241
  0.00012224,  -0.0645729
 0.000122244,  -0.0648241
 0.000122248,  -0.0648241
 0.000122252,  -0.0648241
 0.000122256,  -0.0645729
  0.00012226,  -0.0645729
 0.000122264,  -0.0645729
 0.000122268,  -0.0645729
 0.000122272,  -0.0643216
 0.000122276,  -0.0645729
  0.00012228,  -0.0645729
 0.000122284,  -0.0643216
 0.000122288,  -0.0643216
 0.000122292,  -0.0643216
 0.000122296,  -0.0643216
   0.0001223,  -0.0643216
 0.000122304,  -0.0643216
 0.000122308,  -0.0643216
 0.000122312,  -0.0643216
 0.000122316,  -0.0643216
  0.00012232,  -0.0645729
 0.000122324,  -0.0645729
 0.000122328,  -0.0643216
 0.000122332,  -0.0643216
 0.000122336,  -0.0643216
  0.00012234,  -0.0645729
 0.000122344,  -0.0645729
 0.000122348,  -0.0645729
 0.000122352,  -0.0645729
 0.000122356,  -0.0648241
  0.00012236,  -0.0648241
 0.000122364,  -0.0645729
 0.000122368,  -0.0645729
 0.000122372,  -0.0648241
 0.000122376,  -0.0648241
  0.00012238,  -0.0650754
 0.000122384,  -0.0650754
 0.000122388,  -0.0650754
 0.000122392,  -0.0650754
 0.000122396,  -0.0650754
   0.0001224,  -0.0650754
 0.000122404,  -0.0653266
 0.000122408,  -0.0650754
 0.000122412,  -0.0650754
 0.000122416,  -0.0655779
  0.00012242,  -0.0655779
 0.000122424,  -0.0655779
 0.000122428,  -0.0655779
 0.000122432,  -0.0655779
 0.000122436,  -0.0655779
  0.00012244,  -0.0658291
 0.000122444,  -0.0658291
 0.000122448,  -0.0660804
 0.000122452,  -0.0660804
 0.000122456,  -0.0660804
  0.00012246,  -0.0660804
 0.000122464,  -0.0663317
 0.000122468,  -0.0663317
 0.000122472,  -0.0663317
 0.000122476,  -0.0665829
  0.00012248,  -0.0668342
 0.000122484,  -0.0668342
 0.000122488,  -0.0668342
 0.000122492,  -0.0668342
 0.000122496,  -0.0670854
   0.0001225,  -0.0670854
 0.000122504,  -0.0668342
 0.000122508,  -0.0670854
 0.000122512,  -0.0673367
 0.000122516,  -0.0670854
  0.00012252,  -0.0673367
 0.000122524,  -0.0673367
 0.000122528,  -0.0675879
 0.000122532,  -0.0673367
 0.000122536,  -0.0675879
  0.00012254,  -0.0678392
 0.000122544,  -0.0675879
 0.000122548,  -0.0678392
 0.000122552,  -0.0680905
 0.000122556,  -0.0680905
  0.00012256,  -0.0680905
 0.000122564,  -0.0680905
 0.000122568,  -0.0680905
 0.000122572,  -0.0680905
 0.000122576,  -0.0683417
  0.00012258,  -0.0683417
 0.000122584,  -0.0683417
 0.000122588,  -0.0680905
 0.000122592,  -0.0683417
 0.000122596,  -0.0683417
   0.0001226,  -0.0683417
 0.000122604,  -0.0683417
 0.000122608,  -0.0683417
 0.000122612,   -0.068593
 0.000122616,   -0.068593
  0.00012262,   -0.068593
 0.000122624,   -0.068593
 0.000122628,   -0.068593
 0.000122632,   -0.068593
 0.000122636,  -0.0688442
  0.00012264,   -0.068593
 0.000122644,   -0.068593
 0.000122648,   -0.068593
 0.000122652,   -0.068593
 0.000122656,  -0.0688442
  0.00012266,   -0.068593
 0.000122664,   -0.068593
 0.000122668,  -0.0683417
 0.000122672,   -0.068593
 0.000122676,   -0.068593
  0.00012268,   -0.068593
 0.000122684,   -0.068593
 0.000122688,   -0.068593
 0.000122692,   -0.068593
 0.000122696,  -0.0683417
   0.0001227,  -0.0680905
 0.000122704,  -0.0680905
 0.000122708,  -0.0683417
 0.000122712,  -0.0680905
 0.000122716,  -0.0680905
  0.00012272,  -0.0680905
 0.000122724,  -0.0678392
 0.000122728,  -0.0680905
 0.000122732,  -0.0678392
 0.000122736,  -0.0675879
  0.00012274,  -0.0675879
 0.000122744,  -0.0675879
 0.000122748,  -0.0675879
 0.000122752,  -0.0673367
 0.000122756,  -0.0673367
  0.00012276,  -0.0670854
 0.000122764,  -0.0670854
 0.000122768,  -0.0668342
 0.000122772,  -0.0665829
 0.000122776,  -0.0665829
  0.00012278,  -0.0663317
 0.000122784,  -0.0660804
 0.000122788,  -0.0658291
 0.000122792,  -0.0658291
 0.000122796,  -0.0655779
   0.0001228,  -0.0653266
 0.000122804,  -0.0653266
 0.000122808,  -0.0650754
 0.000122812,  -0.0645729
 0.000122816,  -0.0648241
  0.00012282,  -0.0645729
 0.000122824,  -0.0643216
 0.000122828,  -0.0640704
 0.000122832,  -0.0638191
 0.000122836,  -0.0635678
  0.00012284,  -0.0633166
 0.000122844,  -0.0633166
 0.000122848,  -0.0630653
 0.000122852,  -0.0628141
 0.000122856,  -0.0625628
  0.00012286,  -0.0623116
 0.000122864,  -0.0620603
 0.000122868,  -0.0615578
 0.000122872,  -0.0613065
 0.000122876,  -0.0610553
  0.00012288,  -0.0610553
 0.000122884,   -0.060804
 0.000122888,  -0.0603015
 0.000122892,  -0.0600502
 0.000122896,  -0.0595477
   0.0001229,  -0.0592965
 0.000122904,  -0.0590452
 0.000122908,   -0.058794
 0.000122912,  -0.0585427
 0.000122916,  -0.0580402
  0.00012292,  -0.0580402
 0.000122924,  -0.0575377
 0.000122928,  -0.0570352
 0.000122932,  -0.0567839
 0.000122936,  -0.0565327
  0.00012294,  -0.0560302
 0.000122944,  -0.0560302
 0.000122948,  -0.0555276
 0.000122952,  -0.0552764
 0.000122956,  -0.0547739
  0.00012296,  -0.0542714
 0.000122964,  -0.0540201
 0.000122968,  -0.0535176
 0.000122972,  -0.0530151
 0.000122976,  -0.0527638
  0.00012298,  -0.0522613
 0.000122984,    -0.05201
 0.000122988,  -0.0515075
 0.000122992,  -0.0512563
 0.000122996,  -0.0507538
    0.000123,  -0.0502513
 0.000123004,       -0.05
 0.000123008,  -0.0494975
 0.000123012,   -0.048995
 0.000123016,  -0.0487437
  0.00012302,  -0.0482412
 0.000123024,  -0.0477387
 0.000123028,  -0.0474874
 0.000123032,  -0.0469849
 0.000123036,  -0.0464824
  0.00012304,  -0.0459799
 0.000123044,  -0.0454774
 0.000123048,  -0.0452261
 0.000123052,  -0.0447236
 0.000123056,  -0.0442211
  0.00012306,  -0.0437186
 0.000123064,  -0.0432161
 0.000123068,  -0.0427136
 0.000123072,  -0.0424623
 0.000123076,  -0.0419598
  0.00012308,  -0.0414573
 0.000123084,  -0.0409548
 0.000123088,  -0.0407035
 0.000123092,   -0.040201
 0.000123096,  -0.0394472
   0.0001231,   -0.039196
 0.000123104,  -0.0386935
 0.000123108,   -0.038191
 0.000123112,  -0.0376884
 0.000123116,  -0.0374372
  0.00012312,  -0.0369347
 0.000123124,  -0.0361809
 0.000123128,  -0.0356784
 0.000123132,  -0.0354271
 0.000123136,  -0.0349246
  0.00012314,  -0.0344221
 0.000123144,  -0.0339196
 0.000123148,  -0.0334171
 0.000123152,  -0.0329146
 0.000123156,  -0.0324121
  0.00012316,  -0.0319095
 0.000123164,  -0.0316583
 0.000123168,  -0.0309045
 0.000123172,   -0.030402
 0.000123176,  -0.0301508
  0.00012318,  -0.0296482
 0.000123184,   -0.029397
 0.000123188,  -0.0286432
 0.000123192,  -0.0281407
 0.000123196,  -0.0278894
   0.0001232,  -0.0273869
 0.000123204,  -0.0268844
 0.000123208,  -0.0263819
 0.000123212,  -0.0258794
 0.000123216,  -0.0253769
  0.00012322,  -0.0248744
 0.000123224,  -0.0243719
 0.000123228,  -0.0241206
 0.000123232,  -0.0236181
 0.000123236,  -0.0231156
  0.00012324,  -0.0226131
 0.000123244,  -0.0221106
 0.000123248,   -0.021608
 0.000123252,  -0.0213568
 0.000123256,  -0.0208543
  0.00012326,  -0.0203518
 0.000123264,  -0.0198492
 0.000123268,  -0.0193467
 0.000123272,  -0.0190955
 0.000123276,   -0.018593
  0.00012328,  -0.0183417
 0.000123284,  -0.0178392
 0.000123288,  -0.0173367
 0.000123292,  -0.0170854
 0.000123296,  -0.0165829
   0.0001233,  -0.0163317
 0.000123304,  -0.0155779
 0.000123308,  -0.0153266
 0.000123312,  -0.0150754
 0.000123316,  -0.0148241
  0.00012332,  -0.0143216
 0.000123324,  -0.0138191
 0.000123328,  -0.0135678
 0.000123332,  -0.0133166
 0.000123336,  -0.0128141
  0.00012334,  -0.0123116
 0.000123344,  -0.0120603
 0.000123348,   -0.011809
 0.000123352,  -0.0115578
 0.000123356,  -0.0113065
  0.00012336,   -0.010804
 0.000123364,  -0.0105528
 0.000123368,  -0.0100503
 0.000123372,  -0.0100503
 0.000123376, -0.00954774
  0.00012338, -0.00929648
 0.000123384, -0.00904523
 0.000123388, -0.00879397
 0.000123392, -0.00854271
 0.000123396, -0.00829146
   0.0001234,  -0.0080402
 0.000123404, -0.00778894
 0.000123408, -0.00778894
 0.000123412, -0.00728643
 0.000123416, -0.00703518
  0.00012342, -0.00703518
 0.000123424, -0.00678392
 0.000123428, -0.00653266
 0.000123432, -0.00628141
 0.000123436, -0.00603015
  0.00012344, -0.00603015
 0.000123444, -0.00552764
 0.000123448, -0.00552764
 0.000123452, -0.00552764
 0.000123456, -0.00552764
  0.00012346, -0.00527638
 0.000123464, -0.00502513
 0.000123468, -0.00502513
 0.000123472, -0.00477387
 0.000123476, -0.00452261
  0.00012348, -0.00452261
 0.000123484, -0.00452261
 0.000123488, -0.00452261
 0.000123492, -0.00427136
 0.000123496,  -0.0040201
   0.0001235, -0.00427136
 0.000123504,  -0.0040201
 0.000123508,  -0.0040201
 0.000123512,  -0.0040201
 0.000123516, -0.00376884
  0.00012352,  -0.0040201
 0.000123524,  -0.0040201
 0.000123528,  -0.0040201
 0.000123532,  -0.0040201
 0.000123536,  -0.0040201
  0.00012354,  -0.0040201
 0.000123544, -0.00427136
 0.000123548, -0.00427136
 0.000123552, -0.00427136
 0.000123556, -0.00427136
  0.00012356, -0.00452261
 0.000123564, -0.00477387
 0.000123568, -0.00452261
 0.000123572, -0.00477387
 0.000123576, -0.00502513
  0.00012358, -0.00502513
 0.000123584, -0.00527638
 0.000123588, -0.00527638
 0.000123592, -0.00552764
 0.000123596, -0.00577889
   0.0001236, -0.00603015
 0.000123604, -0.00628141
 0.000123608, -0.00628141
 0.000123612, -0.00653266
 0.000123616, -0.00653266
  0.00012362, -0.00703518
 0.000123624, -0.00703518
 0.000123628, -0.00753769
 0.000123632, -0.00753769
 0.000123636, -0.00778894
  0.00012364, -0.00829146
 0.000123644, -0.00854271
 0.000123648, -0.00879397
 0.000123652, -0.00904523
 0.000123656, -0.00929648
  0.00012366,   -0.009799
 0.000123664,  -0.0100503
 0.000123668,  -0.0103015
 0.000123672,   -0.010804
 0.000123676,  -0.0110553
  0.00012368,  -0.0113065
 0.000123684,   -0.011809
 0.000123688,  -0.0120603
 0.000123692,  -0.0125628
 0.000123696,  -0.0130653
   0.0001237,  -0.0133166
 0.000123704,  -0.0140704
 0.000123708,  -0.0143216
 0.000123712,  -0.0148241
 0.000123716,  -0.0153266
  0.00012372,  -0.0158291
 0.000123724,  -0.0160804
 0.000123728,  -0.0165829
 0.000123732,  -0.0170854
 0.000123736,  -0.0178392
  0.00012374,  -0.0183417
 0.000123744,  -0.0188442
 0.000123748,  -0.0190955
 0.000123752,   -0.019598
 0.000123756,  -0.0203518
  0.00012376,  -0.0208543
 0.000123764,  -0.0213568
 0.000123768,  -0.0221106
 0.000123772,  -0.0226131
 0.000123776,  -0.0231156
  0.00012378,  -0.0238693
 0.000123784,  -0.0243719
 0.000123788,  -0.0251256
 0.000123792,  -0.0256281
 0.000123796,  -0.0261307
   0.0001238,  -0.0268844
 0.000123804,  -0.0276382
 0.000123808,  -0.0281407
 0.000123812,  -0.0288945
 0.000123816,  -0.0296482
  0.00012382,   -0.030402
 0.000123824,  -0.0309045
 0.000123828,  -0.0316583
 0.000123832,  -0.0324121
 0.000123836,  -0.0329146
  0.00012384,  -0.0336683
 0.000123844,  -0.0344221
 0.000123848,  -0.0351759
 0.000123852,  -0.0359296
 0.000123856,  -0.0366834
  0.00012386,  -0.0374372
 0.000123864,   -0.038191
 0.000123868,  -0.0389447
 0.000123872,  -0.0396985
 0.000123876,  -0.0404523
  0.00012388,   -0.041206
 0.000123884,  -0.0419598
 0.000123888,  -0.0427136
 0.000123892,  -0.0434673
 0.000123896,  -0.0444724
   0.0001239,  -0.0452261
 0.000123904,  -0.0459799
 0.000123908,  -0.0464824
 0.000123912,  -0.0477387
 0.000123916,  -0.0484925
  0.00012392,  -0.0492462
 0.000123924,       -0.05
 0.000123928,  -0.0507538
 0.000123932,  -0.0517588
 0.000123936,  -0.0525126
  0.00012394,  -0.0532663
 0.000123944,  -0.0542714
 0.000123948,  -0.0552764
 0.000123952,  -0.0560302
 0.000123956,  -0.0567839
  0.00012396,  -0.0577889
 0.000123964,  -0.0585427
 0.000123968,  -0.0592965
 0.000123972,  -0.0603015
 0.000123976,  -0.0613065
  0.00012398,  -0.0623116
 0.000123984,  -0.0628141
 0.000123988,  -0.0638191
 0.000123992,  -0.0648241
 0.000123996,  -0.0658291
    0.000124,  -0.0665829
 0.000124004,  -0.0673367
 0.000124008,   -0.068593
 0.000124012,  -0.0693467
 0.000124016,  -0.0701005
  0.00012402,  -0.0711055
 0.000124024,  -0.0718593
 0.000124028,  -0.0728643
 0.000124032,  -0.0736181
 0.000124036,  -0.0746231
  0.00012404,  -0.0756281
 0.000124044,  -0.0761307
 0.000124048,  -0.0771357
 0.000124052,  -0.0781407
 0.000124056,  -0.0791457
  0.00012406,  -0.0798995
 0.000124064,  -0.0806533
 0.000124068,  -0.0816583
 0.000124072,  -0.0826633
 0.000124076,  -0.0834171
  0.00012408,  -0.0841709
 0.000124084,  -0.0851759
 0.000124088,  -0.0859296
 0.000124092,  -0.0869347
 0.000124096,  -0.0876884
   0.0001241,  -0.0886935
 0.000124104,  -0.0896985
 0.000124108,  -0.0904523
 0.000124112,   -0.091206
 0.000124116,  -0.0919598
  0.00012412,  -0.0929648
 0.000124124,  -0.0937186
 0.000124128,  -0.0944724
 0.000124132,  -0.0954774
 0.000124136,  -0.0962312
  0.00012414,  -0.0969849
 0.000124144,  -0.0979899
 0.000124148,   -0.098995
 0.000124152,  -0.0997487
 0.000124156,   -0.100503
  0.00012416,   -0.101256
 0.000124164,    -0.10201
 0.000124168,   -0.102764
 0.000124172,   -0.103266
 0.000124176,   -0.104523
  0.00012418,   -0.105276
 0.000124184,    -0.10603
 0.000124188,   -0.106533
 0.000124192,   -0.107286
 0.000124196,    -0.10804
   0.0001242,   -0.108794
 0.000124204,   -0.109548
 0.000124208,   -0.110553
 0.000124212,   -0.111055
 0.000124216,   -0.111558
  0.00012422,   -0.112312
 0.000124224,   -0.113317
 0.000124228,   -0.113819
 0.000124232,   -0.114573
 0.000124236,   -0.115075
  0.00012424,   -0.115829
 0.000124244,   -0.116583
 0.000124248,   -0.117085
 0.000124252,   -0.117839
 0.000124256,   -0.118342
  0.00012426,   -0.119095
 0.000124264,   -0.119598
 0.000124268,   -0.120352
 0.000124272,   -0.121106
 0.000124276,   -0.121357
  0.00012428,   -0.122111
 0.000124284,   -0.122864
 0.000124288,   -0.123367
 0.000124292,   -0.123618
 0.000124296,   -0.124372
   0.0001243,   -0.124874
 0.000124304,   -0.125377
 0.000124308,   -0.125879
 0.000124312,   -0.126382
 0.000124316,   -0.126884
  0.00012432,   -0.127387
 0.000124324,   -0.127889
 0.000124328,   -0.128392
 0.000124332,   -0.128643
 0.000124336,   -0.129146
  0.00012434,   -0.129397
 0.000124344,     -0.1299
 0.000124348,   -0.130402
 0.000124352,   -0.130653
 0.000124356,   -0.131156
  0.00012436,   -0.131407
 0.000124364,   -0.131658
 0.000124368,   -0.132161
 0.000124372,   -0.132412
 0.000124376,   -0.132663
  0.00012438,   -0.132915
 0.000124384,   -0.133166
 0.000124388,   -0.133668
 0.000124392,   -0.133668
 0.000124396,    -0.13392
   0.0001244,   -0.134171
 0.000124404,   -0.134422
 0.000124408,   -0.134673
 0.000124412,   -0.134925
 0.000124416,   -0.135176
  0.00012442,   -0.135427
 0.000124424,   -0.135176
 0.000124428,   -0.135427
 0.000124432,   -0.135678
 0.000124436,   -0.135678
  0.00012444,    -0.13593
 0.000124444,    -0.13593
 0.000124448,    -0.13593
 0.000124452,   -0.136181
 0.000124456,   -0.136181
  0.00012446,   -0.136432
 0.000124464,   -0.136181
 0.000124468,   -0.136181
 0.000124472,   -0.136181
 0.000124476,   -0.136181
  0.00012448,   -0.136181
 0.000124484,   -0.136181
 0.000124488,    -0.13593
 0.000124492,   -0.135678
 0.000124496,   -0.135678
   0.0001245,   -0.135678
 0.000124504,   -0.135427
 0.000124508,   -0.135176
 0.000124512,   -0.135176
 0.000124516,   -0.135176
  0.00012452,   -0.134673
 0.000124524,   -0.134422
 0.000124528,   -0.134422
 0.000124532,    -0.13392
 0.000124536,    -0.13392
  0.00012454,   -0.133417
 0.000124544,   -0.133417
 0.000124548,   -0.133166
 0.000124552,   -0.132663
 0.000124556,   -0.132412
  0.00012456,   -0.132161
 0.000124564,   -0.131658
 0.000124568,   -0.131407
 0.000124572,   -0.130905
 0.000124576,   -0.130653
  0.00012458,   -0.130151
 0.000124584,   -0.129648
 0.000124588,   -0.129146
 0.000124592,   -0.128643
 0.000124596,   -0.128141
   0.0001246,   -0.127638
 0.000124604,   -0.126884
 0.000124608,   -0.126633
 0.000124612,   -0.126131
 0.000124616,   -0.125377
  0.00012462,   -0.124874
 0.000124624,   -0.124372
 0.000124628,   -0.123618
 0.000124632,   -0.122864
 0.000124636,   -0.122362
  0.00012464,   -0.121608
 0.000124644,   -0.121106
 0.000124648,   -0.120352
 0.000124652,   -0.119598
 0.000124656,   -0.118844
  0.00012466,    -0.11809
 0.000124664,   -0.117337
 0.000124668,   -0.116332
 0.000124672,   -0.115578
 0.000124676,   -0.114824
  0.00012468,    -0.11407
 0.000124684,   -0.113317
 0.000124688,   -0.112563
 0.000124692,   -0.111558
 0.000124696,   -0.110553
   0.0001247,   -0.109799
 0.000124704,   -0.108794
 0.000124708,    -0.10804
 0.000124712,   -0.106784
 0.000124716,   -0.105779
  0.00012472,   -0.105025
 0.000124724,    -0.10402
 0.000124728,   -0.103266
 0.000124732,    -0.10201
 0.000124736,   -0.101005
  0.00012474,  -0.0997487
 0.000124744,  -0.0984925
 0.000124748,  -0.0977387
 0.000124752,  -0.0964824
 0.000124756,  -0.0954774
  0.00012476,  -0.0942211
 0.000124764,  -0.0929648
 0.000124768,  -0.0919598
 0.000124772,  -0.0907035
 0.000124776,  -0.0894472
  0.00012478,   -0.088191
 0.000124784,  -0.0871859
 0.000124788,  -0.0859296
 0.000124792,  -0.0849246
 0.000124796,  -0.0834171
   0.0001248,  -0.0824121
 0.000124804,  -0.0809045
 0.000124808,  -0.0796482
 0.000124812,   -0.078392
 0.000124816,  -0.0768844
  0.00012482,  -0.0756281
 0.000124824,  -0.0741206
 0.000124828,  -0.0728643
 0.000124832,  -0.0713568
 0.000124836,  -0.0701005
  0.00012484,   -0.068593
 0.000124844,  -0.0673367
 0.000124848,  -0.0658291
 0.000124852,  -0.0643216
 0.000124856,  -0.0628141
  0.00012486,  -0.0613065
 0.000124864,   -0.059799
 0.000124868,  -0.0582915
 0.000124872,  -0.0567839
 0.000124876,  -0.0555276
  0.00012488,  -0.0537688
 0.000124884,  -0.0522613
 0.000124888,  -0.0505025
 0.000124892,   -0.048995
 0.000124896,  -0.0474874
   0.0001249,  -0.0459799
 0.000124904,  -0.0444724
 0.000124908,  -0.0429648
 0.000124912,  -0.0409548
 0.000124916,  -0.0394472
  0.00012492,  -0.0379397
 0.000124924,  -0.0361809
 0.000124928,  -0.0346734
 0.000124932,  -0.0329146
 0.000124936,  -0.0311558
  0.00012494,  -0.0296482
 0.000124944,  -0.0278894
 0.000124948,  -0.0263819
 0.000124952,  -0.0246231
 0.000124956,  -0.0226131
  0.00012496,  -0.0211055
 0.000124964,  -0.0193467
 0.000124968,  -0.0175879
 0.000124972,  -0.0155779
 0.000124976,  -0.0138191
  0.00012498,  -0.0123116
 0.000124984,  -0.0105528
 0.000124988, -0.00854271
 0.000124992, -0.00678392
 0.000124996, -0.00502513
    0.000125, -0.00351759
 0.000125004, -0.00150754
 0.000125008, 0.000251256
 0.000125012,  0.00201005
 0.000125016,   0.0040201
  0.00012502,  0.00577889
 0.000125024,  0.00753769
 0.000125028,  0.00954774
 0.000125032,   0.0113065
 0.000125036,   0.0133166
  0.00012504,   0.0150754
 0.000125044,   0.0168342
 0.000125048,   0.0188442
 0.000125052,    0.020603
 0.000125056,   0.0226131
  0.00012506,   0.0246231
 0.000125064,   0.0266332
 0.000125068,   0.0286432
 0.000125072,    0.030402
 0.000125076,   0.0326633
  0.00012508,   0.0344221
 0.000125084,   0.0364322
 0.000125088,   0.0384422
 0.000125092,   0.0407035
 0.000125096,   0.0424623
   0.0001251,   0.0442211
 0.000125104,   0.0462312
 0.000125108,   0.0484925
 0.000125112,   0.0505025
 0.000125116,   0.0522613
  0.00012512,   0.0542714
 0.000125124,   0.0562814
 0.000125128,   0.0582915
 0.000125132,   0.0603015
 0.000125136,   0.0620603
  0.00012514,   0.0643216
 0.000125144,   0.0660804
 0.000125148,   0.0680905
 0.000125152,   0.0701005
 0.000125156,   0.0721105
  0.00012516,   0.0741206
 0.000125164,   0.0761307
 0.000125168,    0.078392
 0.000125172,   0.0801508
 0.000125176,   0.0821608
  0.00012518,   0.0841709
 0.000125184,   0.0861809
 0.000125188,    0.088191
 0.000125192,    0.090201
 0.000125196,   0.0924623
   0.0001252,   0.0942211
 0.000125204,   0.0964824
 0.000125208,   0.0984925
 0.000125212,    0.100251
 0.000125216,    0.102261
  0.00012522,    0.104271
 0.000125224,    0.106533
 0.000125228,    0.108291
 0.000125232,    0.110302
 0.000125236,    0.112312
  0.00012524,    0.114322
 0.000125244,    0.116332
 0.000125248,    0.118342
 0.000125252,    0.120352
 0.000125256,    0.122362
  0.00012526,    0.124121
 0.000125264,    0.125879
 0.000125268,    0.128141
 0.000125272,    0.130151
 0.000125276,     0.13191
  0.00012528,    0.134171
 0.000125284,     0.13593
 0.000125288,     0.13794
 0.000125292,    0.139698
 0.000125296,    0.141709
   0.0001253,    0.143719
 0.000125304,    0.145477
 0.000125308,    0.147236
 0.000125312,    0.149246
 0.000125316,    0.151256
  0.00012532,    0.153015
 0.000125324,    0.154774
 0.000125328,    0.156533
 0.000125332,    0.158543
 0.000125336,    0.160302
  0.00012534,     0.16206
 0.000125344,     0.16407
 0.000125348,    0.165829
 0.000125352,    0.167588
 0.000125356,    0.169347
  0.00012536,    0.171106
 0.000125364,    0.172864
 0.000125368,    0.174623
 0.000125372,    0.176382
 0.000125376,    0.178141
  0.00012538,    0.179648
 0.000125384,    0.181407
 0.000125388,    0.183417
 0.000125392,    0.184925
 0.000125396,    0.186432
   0.0001254,    0.188191
 0.000125404,    0.189698
 0.000125408,    0.191457
 0.000125412,    0.192965
 0.000125416,    0.194472
  0.00012542,    0.196231
 0.000125424,    0.197739
 0.000125428,    0.199246
 0.000125432,    0.200754
 0.000125436,    0.202261
  0.00012544,    0.203769
 0.000125444,    0.205276
 0.000125448,    0.206784
 0.000125452,    0.208291
 0.000125456,    0.209548
  0.00012546,    0.211307
 0.000125464,    0.212814
 0.000125468,    0.214322
 0.000125472,    0.215578
 0.000125476,    0.216834
  0.00012548,    0.218342
 0.000125484,    0.219849
 0.000125488,    0.221106
 0.000125492,    0.222362
 0.000125496,    0.223869
   0.0001255,    0.225377
 0.000125504,    0.226382
 0.000125508,    0.227638
 0.000125512,    0.228894
 0.000125516,    0.230151
  0.00012552,    0.231407
 0.000125524,    0.232663
 0.000125528,    0.233668
 0.000125532,    0.234925
 0.000125536,    0.236181
  0.00012554,    0.237437
 0.000125544,    0.238693
 0.000125548,    0.239698
 0.000125552,    0.240955
 0.000125556,     0.24196
  0.00012556,    0.242965
 0.000125564,     0.24397
 0.000125568,    0.244975
 0.000125572,     0.24598
 0.000125576,    0.246734
  0.00012558,    0.247739
 0.000125584,    0.248744
 0.000125588,    0.249749
 0.000125592,    0.250754
 0.000125596,    0.251508
   0.0001256,    0.252261
 0.000125604,    0.253015
 0.000125608,     0.25402
 0.000125612,    0.254774
 0.000125616,    0.255528
  0.00012562,    0.256281
 0.000125624,    0.257035
 0.000125628,    0.257789
 0.000125632,    0.258543
 0.000125636,    0.259296
  0.00012564,    0.259799
 0.000125644,    0.260553
 0.000125648,    0.261055
 0.000125652,    0.261809
 0.000125656,    0.262312
  0.00012566,    0.262814
 0.000125664,    0.263568
 0.000125668,     0.26407
 0.000125672,    0.264573
 0.000125676,    0.265075
  0.00012568,    0.265578
 0.000125684,    0.265829
 0.000125688,    0.266332
 0.000125692,    0.267085
 0.000125696,    0.267337
   0.0001257,    0.267337
 0.000125704,    0.267839
 0.000125708,     0.26809
 0.000125712,    0.268342
 0.000125716,    0.268593
  0.00012572,    0.269095
 0.000125724,    0.269095
 0.000125728,    0.269347
 0.000125732,    0.269598
 0.000125736,    0.269849
  0.00012574,    0.269849
 0.000125744,    0.269849
 0.000125748,    0.269849
 0.000125752,    0.269849
 0.000125756,    0.270101
  0.00012576,    0.270101
 0.000125764,    0.270101
 0.000125768,    0.270101
 0.000125772,    0.270101
 0.000125776,    0.270101
  0.00012578,    0.269849
 0.000125784,    0.269849
 0.000125788,    0.269598
 0.000125792,    0.269598
 0.000125796,    0.269347
   0.0001258,    0.269347
 0.000125804,    0.268844
 0.000125808,    0.268844
 0.000125812,    0.268593
 0.000125816,     0.26809
  0.00012582,    0.267839
 0.000125824,    0.267588
 0.000125828,    0.267588
 0.000125832,    0.267337
 0.000125836,    0.266834
  0.00012584,    0.266332
 0.000125844,     0.26608
 0.000125848,    0.265578
 0.000125852,    0.264824
 0.000125856,    0.264322
  0.00012586,     0.26407
 0.000125864,    0.263568
 0.000125868,    0.262814
 0.000125872,    0.262312
 0.000125876,    0.261809
  0.00012588,    0.261055
 0.000125884,    0.260553
 0.000125888,    0.259799
 0.000125892,    0.259296
 0.000125896,    0.258543
   0.0001259,    0.257789
 0.000125904,    0.257286
 0.000125908,    0.256533
 0.000125912,    0.255779
 0.000125916,    0.254774
  0.00012592,     0.25402
 0.000125924,    0.253518
 0.000125928,    0.252513
 0.000125932,    0.251759
 0.000125936,    0.251005
  0.00012594,        0.25
 0.000125944,    0.249246
 0.000125948,     0.24799
 0.000125952,    0.246985
 0.000125956,    0.246231
  0.00012596,    0.244975
 0.000125964,     0.24397
 0.000125968,    0.243216
 0.000125972,    0.242211
 0.000125976,    0.241206
  0.00012598,     0.23995
 0.000125984,    0.238945
 0.000125988,     0.23794
 0.000125992,    0.236683
 0.000125996,    0.235678
    0.000126,    0.234422
 0.000126004,    0.233166
 0.000126008,    0.232161
 0.000126012,    0.230905
 0.000126016,    0.229648
  0.00012602,    0.228392
 0.000126024,    0.227136
 0.000126028,    0.225879
 0.000126032,    0.224623
 0.000126036,    0.223367
  0.00012604,    0.222111
 0.000126044,    0.220603
 0.000126048,    0.219095
 0.000126052,    0.217839
 0.000126056,    0.216583
  0.00012606,    0.215075
 0.000126064,    0.213568
 0.000126068,     0.21206
 0.000126072,    0.210804
 0.000126076,    0.209296
  0.00012608,    0.207789
 0.000126084,    0.206533
 0.000126088,    0.204774
 0.000126092,    0.203518
 0.000126096,     0.20201
   0.0001261,    0.200503
 0.000126104,    0.198995
 0.000126108,    0.197487
 0.000126112,     0.19598
 0.000126116,    0.194221
  0.00012612,    0.192714
 0.000126124,    0.191206
 0.000126128,    0.189698
 0.000126132,    0.188191
 0.000126136,    0.186683
  0.00012614,    0.184925
 0.000126144,    0.183166
 0.000126148,    0.181407
 0.000126152,    0.179648
 0.000126156,    0.178141
  0.00012616,    0.176633
 0.000126164,    0.174874
 0.000126168,    0.173116
 0.000126172,    0.171106
 0.000126176,    0.169598
  0.00012618,    0.167588
 0.000126184,    0.165829
 0.000126188,    0.164322
 0.000126192,    0.162563
 0.000126196,    0.160804
   0.0001262,    0.158794
 0.000126204,    0.157286
 0.000126208,    0.155276
 0.000126212,    0.153518
 0.000126216,    0.151508
  0.00012622,        0.15
 0.000126224,    0.148241
 0.000126228,     0.14598
 0.000126232,    0.144472
 0.000126236,    0.142462
  0.00012624,    0.140955
 0.000126244,    0.138945
 0.000126248,    0.136935
 0.000126252,    0.135176
 0.000126256,    0.133166
  0.00012626,    0.131407
 0.000126264,    0.129397
 0.000126268,    0.127638
 0.000126272,    0.125628
 0.000126276,    0.123618
  0.00012628,    0.121859
 0.000126284,      0.1201
 0.000126288,     0.11809
 0.000126292,     0.11608
 0.000126296,    0.114322
   0.0001263,    0.112312
 0.000126304,    0.110553
 0.000126308,    0.108543
 0.000126312,    0.106533
 0.000126316,    0.104774
  0.00012632,    0.102764
 0.000126324,    0.100754
 0.000126328,    0.098995
 0.000126332,   0.0969849
 0.000126336,   0.0949749
  0.00012634,   0.0932161
 0.000126344,    0.091206
 0.000126348,    0.089196
 0.000126352,   0.0874372
 0.000126356,   0.0854271
  0.00012636,   0.0836683
 0.000126364,    0.081407
 0.000126368,   0.0796482
 0.000126372,   0.0776382
 0.000126376,   0.0758794
  0.00012638,   0.0741206
 0.000126384,   0.0721105
 0.000126388,   0.0703518
 0.000126392,   0.0683417
 0.000126396,   0.0665829
   0.0001264,   0.0645729
 0.000126404,   0.0628141
 0.000126408,    0.060804
 0.000126412,    0.058794
 0.000126416,   0.0570352
  0.00012642,   0.0552764
 0.000126424,   0.0532663
 0.000126428,   0.0512563
 0.000126432,   0.0494975
 0.000126436,   0.0477387
  0.00012644,   0.0459799
 0.000126444,   0.0439698
 0.000126448,   0.0419598
 0.000126452,   0.0404523
 0.000126456,   0.0384422
  0.00012646,   0.0366834
 0.000126464,   0.0349246
 0.000126468,   0.0331658
 0.000126472,   0.0311558
 0.000126476,    0.029397
  0.00012648,   0.0276382
 0.000126484,   0.0258794
 0.000126488,   0.0238693
 0.000126492,   0.0223618
 0.000126496,    0.020603
   0.0001265,   0.0188442
 0.000126504,   0.0173367
 0.000126508,   0.0155779
 0.000126512,   0.0138191
 0.000126516,   0.0120603
  0.00012652,   0.0103015
 0.000126524,  0.00879397
 0.000126528,  0.00703518
 0.000126532,  0.00552764
 0.000126536,  0.00376884
  0.00012654,  0.00226131
 0.000126544, 0.000502513
 0.000126548, -0.00100503
 0.000126552, -0.00276382
 0.000126556, -0.00452261
  0.00012656, -0.00577889
 0.000126564, -0.00728643
 0.000126568, -0.00904523
 0.000126572,   -0.010804
 0.000126576,  -0.0123116
  0.00012658,  -0.0135678
 0.000126584,  -0.0153266
 0.000126588,  -0.0168342
 0.000126592,  -0.0183417
 0.000126596,  -0.0198492
   0.0001266,   -0.021608
 0.000126604,  -0.0228643
 0.000126608,  -0.0243719
 0.000126612,  -0.0258794
 0.000126616,  -0.0273869
  0.00012662,  -0.0288945
 0.000126624,   -0.030402
 0.000126628,  -0.0316583
 0.000126632,  -0.0329146
 0.000126636,  -0.0344221
  0.00012664,  -0.0356784
 0.000126644,  -0.0374372
 0.000126648,  -0.0386935
 0.000126652,  -0.0399497
 0.000126656,   -0.041206
  0.00012666,  -0.0427136
 0.000126664,  -0.0439698
 0.000126668,  -0.0452261
 0.000126672,  -0.0464824
 0.000126676,  -0.0479899
  0.00012668,  -0.0492462
 0.000126684,  -0.0502513
 0.000126688,  -0.0517588
 0.000126692,  -0.0527638
 0.000126696,  -0.0540201
   0.0001267,  -0.0550251
 0.000126704,  -0.0565327
 0.000126708,  -0.0577889
 0.000126712,   -0.058794
 0.000126716,   -0.059799
  0.00012672,  -0.0613065
 0.000126724,  -0.0625628
 0.000126728,  -0.0633166
 0.000126732,  -0.0645729
 0.000126736,  -0.0655779
  0.00012674,  -0.0665829
 0.000126744,  -0.0675879
 0.000126748,   -0.068593
 0.000126752,  -0.0698492
 0.000126756,   -0.070603
  0.00012676,   -0.071608
 0.000126764,  -0.0728643
 0.000126768,  -0.0736181
 0.000126772,  -0.0746231
 0.000126776,  -0.0756281
  0.00012678,  -0.0763819
 0.000126784,  -0.0773869
 0.000126788,  -0.0781407
 0.000126792,  -0.0791457
 0.000126796,  -0.0798995
   0.0001268,  -0.0806533
 0.000126804,  -0.0816583
 0.000126808,  -0.0824121
 0.000126812,  -0.0831658
 0.000126816,  -0.0841709
  0.00012682,  -0.0846734
 0.000126824,  -0.0854271
 0.000126828,  -0.0861809
 0.000126832,  -0.0869347
 0.000126836,  -0.0874372
  0.00012684,   -0.088191
 0.000126844,  -0.0889447
 0.000126848,  -0.0899497
 0.000126852,  -0.0904523
 0.000126856,  -0.0909548
  0.00012686,  -0.0914573
 0.000126864,  -0.0919598
 0.000126868,  -0.0929648
 0.000126872,  -0.0934673
 0.000126876,  -0.0939699
  0.00012688,  -0.0944724
 0.000126884,  -0.0949749
 0.000126888,  -0.0954774
 0.000126892,  -0.0962312
 0.000126896,  -0.0962312
   0.0001269,  -0.0969849
 0.000126904,  -0.0974874
 0.000126908,  -0.0979899
 0.000126912,  -0.0984925
 0.000126916,  -0.0987437
  0.00012692,  -0.0992462
 0.000126924,  -0.0997487
 0.000126928,        -0.1
 0.000126932,   -0.100251
 0.000126936,   -0.100503
  0.00012694,   -0.101005
 0.000126944,   -0.101508
 0.000126948,   -0.101759
 0.000126952,    -0.10201
 0.000126956,   -0.102261
  0.00012696,   -0.102513
 0.000126964,   -0.102764
 0.000126968,   -0.103015
 0.000126972,   -0.103266
 0.000126976,   -0.103518
  0.00012698,   -0.103769
 0.000126984,    -0.10402
 0.000126988,    -0.10402
 0.000126992,   -0.104271
 0.000126996,   -0.104523
    0.000127,   -0.104523
 0.000127004,   -0.104523
 0.000127008,   -0.104523
 0.000127012,   -0.104774
 0.000127016,   -0.104774
  0.00012702,   -0.105025
 0.000127024,   -0.104774
 0.000127028,   -0.104774
 0.000127032,   -0.105025
 0.000127036,   -0.105025
  0.00012704,   -0.105025
 0.000127044,   -0.104774
 0.000127048,   -0.105025
 0.000127052,   -0.105025
 0.000127056,   -0.105025
  0.00012706,   -0.105025
 0.000127064,   -0.104774
 0.000127068,   -0.104774
 0.000127072,   -0.104774
 0.000127076,   -0.104523
  0.00012708,   -0.104523
 0.000127084,   -0.104271
 0.000127088,   -0.104271
 0.000127092,   -0.104271
 0.000127096,    -0.10402
   0.0001271,   -0.103769
 0.000127104,   -0.103518
 0.000127108,   -0.103518
 0.000127112,   -0.103266
 0.000127116,   -0.103015
  0.00012712,   -0.103015
 0.000127124,   -0.102764
 0.000127128,   -0.102261
 0.000127132,    -0.10201
 0.000127136,   -0.101508
  0.00012714,   -0.101508
 0.000127144,   -0.101256
 0.000127148,   -0.101005
 0.000127152,   -0.100754
 0.000127156,   -0.100251
  0.00012716,        -0.1
 0.000127164,  -0.0994975
 0.000127168,  -0.0992462
 0.000127172,   -0.098995
 0.000127176,  -0.0987437
  0.00012718,  -0.0984925
 0.000127184,  -0.0982412
 0.000127188,  -0.0979899
 0.000127192,  -0.0972362
 0.000127196,  -0.0969849
   0.0001272,  -0.0967337
 0.000127204,  -0.0962312
 0.000127208,  -0.0957286
 0.000127212,  -0.0954774
 0.000127216,  -0.0952261
  0.00012722,  -0.0947236
 0.000127224,  -0.0942211
 0.000127228,  -0.0939699
 0.000127232,  -0.0934673
 0.000127236,  -0.0929648
  0.00012724,  -0.0924623
 0.000127244,  -0.0922111
 0.000127248,  -0.0917085
 0.000127252,   -0.091206
 0.000127256,  -0.0907035
  0.00012726,  -0.0904523
 0.000127264,  -0.0896985
 0.000127268,   -0.089196
 0.000127272,  -0.0886935
 0.000127276,   -0.088191
  0.00012728,  -0.0876884
 0.000127284,  -0.0871859
 0.000127288,  -0.0866834
 0.000127292,  -0.0861809
 0.000127296,  -0.0854271
   0.0001273,  -0.0851759
 0.000127304,  -0.0846734
 0.000127308,  -0.0839196
 0.000127312,  -0.0834171
 0.000127316,  -0.0831658
  0.00012732,  -0.0826633
 0.000127324,  -0.0819095
 0.000127328,   -0.081407
 0.000127332,  -0.0809045
 0.000127336,   -0.080402
  0.00012734,  -0.0796482
 0.000127344,  -0.0791457
 0.000127348,  -0.0786432
 0.000127352,  -0.0781407
 0.000127356,  -0.0773869
  0.00012736,  -0.0768844
 0.000127364,  -0.0763819
 0.000127368,  -0.0756281
 0.000127372,  -0.0751256
 0.000127376,  -0.0748744
  0.00012738,  -0.0741206
 0.000127384,  -0.0733668
 0.000127388,  -0.0728643
 0.000127392,  -0.0723618
 0.000127396,   -0.071608
   0.0001274,  -0.0711055
 0.000127404,   -0.070603
 0.000127408,  -0.0698492
 0.000127412,  -0.0690955
 0.000127416,  -0.0688442
  0.00012742,  -0.0683417
 0.000127424,  -0.0675879
 0.000127428,  -0.0670854
 0.000127432,  -0.0663317
 0.000127436,  -0.0658291
  0.00012744,  -0.0650754
 0.000127444,  -0.0645729
 0.000127448,  -0.0640704
 0.000127452,  -0.0633166
 0.000127456,  -0.0625628
  0.00012746,  -0.0623116
 0.000127464,  -0.0615578
 0.000127468,   -0.060804
 0.000127472,  -0.0603015
 0.000127476,  -0.0595477
  0.00012748,  -0.0590452
 0.000127484,  -0.0585427
 0.000127488,  -0.0577889
 0.000127492,  -0.0572864
 0.000127496,  -0.0565327
   0.0001275,  -0.0560302
 0.000127504,  -0.0555276
 0.000127508,  -0.0550251
 0.000127512,  -0.0542714
 0.000127516,  -0.0537688
  0.00012752,  -0.0530151
 0.000127524,  -0.0525126
 0.000127528,    -0.05201
 0.000127532,  -0.0515075
 0.000127536,  -0.0507538
  0.00012754,  -0.0502513
 0.000127544,  -0.0497487
 0.000127548,  -0.0492462
 0.000127552,  -0.0484925
 0.000127556,  -0.0479899
  0.00012756,  -0.0474874
 0.000127564,  -0.0469849
 0.000127568,  -0.0464824
 0.000127572,  -0.0457286
 0.000127576,  -0.0454774
  0.00012758,  -0.0447236
 0.000127584,  -0.0442211
 0.000127588,  -0.0437186
 0.000127592,  -0.0432161
 0.000127596,  -0.0427136
   0.0001276,  -0.0422111
 0.000127604,  -0.0417085
 0.000127608,   -0.041206
 0.000127612,  -0.0404523
 0.000127616,   -0.040201
  0.00012762,  -0.0394472
 0.000127624,   -0.039196
 0.000127628,  -0.0384422
 0.000127632,  -0.0379397
 0.000127636,  -0.0374372
  0.00012764,  -0.0371859
 0.000127644,  -0.0364322
 0.000127648,  -0.0359296
 0.000127652,  -0.0356784
 0.000127656,  -0.0351759
  0.00012766,  -0.0346734
 0.000127664,  -0.0341709
 0.000127668,  -0.0334171
 0.000127672,  -0.0331658
 0.000127676,  -0.0326633
  0.00012768,  -0.0324121
 0.000127684,  -0.0319095
 0.000127688,  -0.0311558
 0.000127692,  -0.0309045
 0.000127696,   -0.030402
   0.0001277,  -0.0301508
 0.000127704,  -0.0296482
 0.000127708,  -0.0291457
 0.000127712,  -0.0288945
 0.000127716,   -0.028392
  0.00012772,  -0.0278894
 0.000127724,  -0.0276382
 0.000127728,  -0.0268844
 0.000127732,  -0.0266332
 0.000127736,  -0.0263819
  0.00012774,  -0.0258794
 0.000127744,  -0.0253769
 0.000127748,  -0.0248744
 0.000127752,  -0.0246231
 0.000127756,  -0.0243719
  0.00012776,  -0.0238693
 0.000127764,  -0.0233668
 0.000127768,  -0.0231156
 0.000127772,  -0.0226131
 0.000127776,  -0.0223618
  0.00012778,  -0.0221106
 0.000127784,   -0.021608
 0.000127788,  -0.0211055
 0.000127792,  -0.0208543
 0.000127796,   -0.020603
   0.0001278,  -0.0201005
 0.000127804,   -0.019598
 0.000127808,  -0.0193467
 0.000127812,  -0.0190955
 0.000127816,   -0.018593
  0.00012782,  -0.0183417
 0.000127824,  -0.0180905
 0.000127828,  -0.0175879
 0.000127832,  -0.0173367
 0.000127836,  -0.0170854
  0.00012784,  -0.0168342
 0.000127844,  -0.0165829
 0.000127848,  -0.0160804
 0.000127852,  -0.0158291
 0.000127856,  -0.0155779
  0.00012786,  -0.0153266
 0.000127864,  -0.0150754
 0.000127868,  -0.0145729
 0.000127872,  -0.0145729
 0.000127876,  -0.0140704
  0.00012788,  -0.0140704
 0.000127884,  -0.0135678
 0.000127888,  -0.0133166
 0.000127892,  -0.0130653
 0.000127896,  -0.0128141
   0.0001279,  -0.0125628
 0.000127904,  -0.0120603
 0.000127908,  -0.0120603
 0.000127912,   -0.011809
 0.000127916,  -0.0115578
  0.00012792,  -0.0110553
 0.000127924,  -0.0110553
 0.000127928,   -0.010804
 0.000127932,  -0.0103015
 0.000127936,  -0.0103015
  0.00012794,   -0.009799
 0.000127944, -0.00954774
 0.000127948, -0.00954774
 0.000127952, -0.00929648
 0.000127956, -0.00929648
  0.00012796, -0.00854271
 0.000127964, -0.00854271
 0.000127968, -0.00829146
 0.000127972, -0.00829146
 0.000127976, -0.00778894
  0.00012798, -0.00753769
 0.000127984, -0.00753769
 0.000127988, -0.00728643
 0.000127992, -0.00703518
 0.000127996, -0.00678392
    0.000128, -0.00653266
 0.000128004, -0.00628141
 0.000128008, -0.00628141
 0.000128012, -0.00603015
 0.000128016, -0.00577889
  0.00012802, -0.00577889
 0.000128024, -0.00527638
 0.000128028, -0.00527638
 0.000128032, -0.00527638
 0.000128036, -0.00477387
  0.00012804, -0.00477387
 0.000128044, -0.00452261
 0.000128048, -0.00452261
 0.000128052, -0.00427136
 0.000128056,  -0.0040201
  0.00012806, -0.00376884
 0.000128064, -0.00351759
 0.000128068, -0.00351759
 0.000128072, -0.00326633
 0.000128076, -0.00326633
  0.00012808, -0.00301508
 0.000128084, -0.00276382
 0.000128088, -0.00276382
 0.000128092, -0.00251256
 0.000128096, -0.00226131
   0.0001281, -0.00226131
 0.000128104, -0.00201005
 0.000128108, -0.00175879
 0.000128112, -0.00175879
 0.000128116, -0.00150754
  0.00012812, -0.00150754
 0.000128124, -0.00125628
 0.000128128, -0.00100503
 0.000128132, -0.00100503
 0.000128136,-0.000753769
  0.00012814,-0.000502513
 0.000128144,-0.000502513
 0.000128148,-0.000502513
 0.000128152,-0.000251256
 0.000128156,           0
  0.00012816,           0
 0.000128164, 0.000251256
 0.000128168, 0.000251256
 0.000128172, 0.000502513
 0.000128176, 0.000753769
  0.00012818, 0.000753769
 0.000128184,  0.00100503
 0.000128188,  0.00100503
 0.000128192,  0.00100503
 0.000128196,  0.00125628
   0.0001282,  0.00150754
 0.000128204,  0.00175879
 0.000128208,  0.00175879
 0.000128212,  0.00175879
 0.000128216,  0.00226131
  0.00012822,  0.00226131
 0.000128224,  0.00251256
 0.000128228,  0.00251256
 0.000128232,  0.00251256
 0.000128236,  0.00301508
  0.00012824,  0.00301508
 0.000128244,  0.00301508
 0.000128248,  0.00326633
 0.000128252,  0.00351759
 0.000128256,  0.00351759
  0.00012826,  0.00376884
 0.000128264,   0.0040201
 0.000128268,   0.0040201
 0.000128272,  0.00427136
 0.000128276,  0.00427136
  0.00012828,  0.00452261
 0.000128284,  0.00452261
 0.000128288,  0.00477387
 0.000128292,  0.00502513
 0.000128296,  0.00527638
   0.0001283,  0.00527638
 0.000128304,  0.00527638
 0.000128308,  0.00552764
 0.000128312,  0.00577889
 0.000128316,  0.00577889
  0.00012832,  0.00603015
 0.000128324,  0.00628141
 0.000128328,  0.00653266
 0.000128332,  0.00653266
 0.000128336,  0.00678392
  0.00012834,  0.00703518
 0.000128344,  0.00703518
 0.000128348,  0.00728643
 0.000128352,  0.00753769
 0.000128356,  0.00778894
  0.00012836,  0.00778894
 0.000128364,   0.0080402
 0.000128368,   0.0080402
 0.000128372,  0.00829146
 0.000128376,  0.00854271
  0.00012838,  0.00879397
 0.000128384,  0.00879397
 0.000128388,  0.00904523
 0.000128392,  0.00929648
 0.000128396,  0.00954774
   0.0001284,    0.009799
 0.000128404,    0.009799
 0.000128408,   0.0100503
 0.000128412,   0.0103015
 0.000128416,   0.0103015
  0.00012842,   0.0105528
 0.000128424,    0.010804
 0.000128428,   0.0110553
 0.000128432,   0.0110553
 0.000128436,   0.0115578
  0.00012844,   0.0115578
 0.000128444,    0.011809
 0.000128448,   0.0120603
 0.000128452,   0.0123116
 0.000128456,   0.0125628
  0.00012846,   0.0128141
 0.000128464,   0.0128141
 0.000128468,   0.0133166
 0.000128472,   0.0133166
 0.000128476,   0.0135678
  0.00012848,   0.0138191
 0.000128484,   0.0140704
 0.000128488,   0.0143216
 0.000128492,   0.0145729
 0.000128496,   0.0148241
   0.0001285,   0.0150754
 0.000128504,   0.0153266
 0.000128508,   0.0153266
 0.000128512,   0.0158291
 0.000128516,   0.0160804
  0.00012852,   0.0163317
 0.000128524,   0.0165829
 0.000128528,   0.0168342
 0.000128532,   0.0170854
 0.000128536,   0.0173367
  0.00012854,   0.0175879
 0.000128544,   0.0178392
 0.000128548,   0.0180905
 0.000128552,   0.0183417
 0.000128556,    0.018593
  0.00012856,   0.0188442
 0.000128564,   0.0190955
 0.000128568,   0.0193467
 0.000128572,   0.0198492
 0.000128576,   0.0201005
  0.00012858,   0.0201005
 0.000128584,    0.020603
 0.000128588,   0.0208543
 0.000128592,   0.0211055
 0.000128596,    0.021608
   0.0001286,   0.0218593
 0.000128604,   0.0223618
 0.000128608,   0.0223618
 0.000128612,   0.0226131
 0.000128616,   0.0231156
  0.00012862,   0.0233668
 0.000128624,   0.0236181
 0.000128628,   0.0241206
 0.000128632,   0.0243719
 0.000128636,   0.0246231
  0.00012864,   0.0248744
 0.000128644,   0.0253769
 0.000128648,   0.0258794
 0.000128652,   0.0258794
 0.000128656,   0.0261307
  0.00012866,   0.0266332
 0.000128664,   0.0268844
 0.000128668,   0.0273869
 0.000128672,   0.0276382
 0.000128676,   0.0276382
  0.00012868,   0.0281407
 0.000128684,    0.028392
 0.000128688,   0.0288945
 0.000128692,   0.0291457
 0.000128696,    0.029397
   0.0001287,   0.0298995
 0.000128704,   0.0301508
 0.000128708,    0.030402
 0.000128712,   0.0309045
 0.000128716,   0.0311558
  0.00012872,   0.0316583
 0.000128724,   0.0319095
 0.000128728,   0.0321608
 0.000128732,   0.0326633
 0.000128736,   0.0329146
  0.00012874,   0.0334171
 0.000128744,   0.0336683
 0.000128748,   0.0341709
 0.000128752,   0.0344221
 0.000128756,   0.0346734
  0.00012876,   0.0351759
 0.000128764,   0.0356784
 0.000128768,   0.0356784
 0.000128772,   0.0361809
 0.000128776,   0.0364322
  0.00012878,   0.0369347
 0.000128784,   0.0371859
 0.000128788,   0.0376884
 0.000128792,   0.0379397
 0.000128796,   0.0384422
   0.0001288,   0.0386935
 0.000128804,    0.039196
 0.000128808,   0.0394472
 0.000128812,   0.0399497
 0.000128816,    0.040201
  0.00012882,   0.0407035
 0.000128824,   0.0409548
 0.000128828,    0.041206
 0.000128832,   0.0417085
 0.000128836,   0.0422111
  0.00012884,   0.0424623
 0.000128844,   0.0427136
 0.000128848,   0.0432161
 0.000128852,   0.0434673
 0.000128856,   0.0439698
  0.00012886,   0.0444724
 0.000128864,   0.0447236
 0.000128868,   0.0449749
 0.000128872,   0.0454774
 0.000128876,   0.0459799
  0.00012888,   0.0464824
 0.000128884,   0.0467337
 0.000128888,   0.0469849
 0.000128892,   0.0472362
 0.000128896,   0.0474874
   0.0001289,   0.0479899
 0.000128904,   0.0484925
 0.000128908,   0.0484925
 0.000128912,    0.048995
 0.000128916,   0.0494975
  0.00012892,   0.0497487
 0.000128924,        0.05
 0.000128928,   0.0502513
 0.000128932,    0.051005
 0.000128936,   0.0515075
  0.00012894,   0.0517588
 0.000128944,     0.05201
 0.000128948,   0.0522613
 0.000128952,   0.0527638
 0.000128956,   0.0530151
  0.00012896,   0.0532663
 0.000128964,   0.0537688
 0.000128968,   0.0542714
 0.000128972,   0.0542714
 0.000128976,   0.0547739
  0.00012898,   0.0550251
 0.000128984,   0.0555276
 0.000128988,   0.0555276
 0.000128992,   0.0560302
 0.000128996,   0.0565327
    0.000129,   0.0567839
 0.000129004,   0.0570352
 0.000129008,   0.0572864
 0.000129012,   0.0577889
 0.000129016,   0.0580402
  0.00012902,   0.0582915
 0.000129024,    0.058794
 0.000129028,   0.0590452
 0.000129032,   0.0592965
 0.000129036,    0.059799
  0.00012904,   0.0600502
 0.000129044,   0.0603015
 0.000129048,   0.0605528
 0.000129052,    0.060804
 0.000129056,   0.0613065
  0.00012906,   0.0613065
 0.000129064,    0.061809
 0.000129068,   0.0623116
 0.000129072,   0.0623116
 0.000129076,   0.0625628
  0.00012908,   0.0630653
 0.000129084,   0.0633166
 0.000129088,   0.0633166
 0.000129092,   0.0638191
 0.000129096,   0.0640704
   0.0001291,   0.0643216
 0.000129104,   0.0648241
 0.000129108,   0.0650754
 0.000129112,   0.0653266
 0.000129116,   0.0655779
  0.00012912,   0.0658291
 0.000129124,   0.0660804
 0.000129128,   0.0663317
 0.000129132,   0.0665829
 0.000129136,   0.0668342
  0.00012914,   0.0670854
 0.000129144,   0.0673367
 0.000129148,   0.0673367
 0.000129152,   0.0678392
 0.000129156,   0.0680905
  0.00012916,   0.0680905
 0.000129164,   0.0683417
 0.000129168,    0.068593
 0.000129172,   0.0688442
 0.000129176,   0.0690955
  0.00012918,   0.0693467
 0.000129184,    0.069598
 0.000129188,   0.0698492
 0.000129192,   0.0698492
 0.000129196,   0.0703518
   0.0001292,    0.070603
 0.000129204,    0.070603
 0.000129208,   0.0708543
 0.000129212,   0.0711055
 0.000129216,   0.0713568
  0.00012922,   0.0713568
 0.000129224,    0.071608
 0.000129228,   0.0721105
 0.000129232,   0.0721105
 0.000129236,   0.0721105
  0.00012924,   0.0723618
 0.000129244,   0.0726131
 0.000129248,   0.0726131
 0.000129252,   0.0728643
 0.000129256,   0.0731156
  0.00012926,   0.0733668
 0.000129264,   0.0733668
 0.000129268,   0.0733668
 0.000129272,   0.0738693
 0.000129276,   0.0738693
  0.00012928,   0.0738693
 0.000129284,   0.0738693
 0.000129288,   0.0741206
 0.000129292,   0.0743719
 0.000129296,   0.0743719
   0.0001293,   0.0746231
 0.000129304,   0.0746231
 0.000129308,   0.0746231
 0.000129312,   0.0748744
 0.000129316,   0.0748744
  0.00012932,   0.0748744
 0.000129324,   0.0751256
 0.000129328,   0.0753769
 0.000129332,   0.0753769
 0.000129336,   0.0753769
  0.00012934,   0.0753769
 0.000129344,   0.0758794
 0.000129348,   0.0756281
 0.000129352,   0.0756281
 0.000129356,   0.0758794
  0.00012936,   0.0761307
 0.000129364,   0.0758794
 0.000129368,   0.0761307
 0.000129372,   0.0761307
 0.000129376,   0.0763819
  0.00012938,   0.0761307
 0.000129384,   0.0763819
 0.000129388,   0.0763819
 0.000129392,   0.0763819
 0.000129396,   0.0763819
   0.0001294,   0.0766332
 0.000129404,   0.0766332
 0.000129408,   0.0766332
 0.000129412,   0.0766332
 0.000129416,   0.0766332
  0.00012942,   0.0766332
 0.000129424,   0.0766332
 0.000129428,   0.0768844
 0.000129432,   0.0766332
 0.000129436,   0.0766332
  0.00012944,   0.0768844
 0.000129444,   0.0768844
 0.000129448,   0.0766332
 0.000129452,   0.0768844
 0.000129456,   0.0768844
  0.00012946,   0.0771357
 0.000129464,   0.0771357
 0.000129468,   0.0771357
 0.000129472,   0.0768844
 0.000129476,   0.0768844
  0.00012948,   0.0771357
 0.000129484,   0.0768844
 0.000129488,   0.0768844
 0.000129492,   0.0768844
 0.000129496,   0.0771357
   0.0001295,   0.0768844
 0.000129504,   0.0771357
 0.000129508,   0.0768844
 0.000129512,   0.0768844
 0.000129516,   0.0768844
  0.00012952,   0.0768844
 0.000129524,   0.0768844
 0.000129528,   0.0766332
 0.000129532,   0.0766332
 0.000129536,   0.0768844
  0.00012954,   0.0766332
 0.000129544,   0.0763819
 0.000129548,   0.0763819
 0.000129552,   0.0763819
 0.000129556,   0.0766332
  0.00012956,   0.0763819
 0.000129564,   0.0763819
 0.000129568,   0.0763819
 0.000129572,   0.0761307
 0.000129576,   0.0761307
  0.00012958,   0.0758794
 0.000129584,   0.0758794
 0.000129588,   0.0758794
 0.000129592,   0.0756281
 0.000129596,   0.0756281
   0.0001296,   0.0756281
 0.000129604,   0.0756281
 0.000129608,   0.0753769
 0.000129612,   0.0753769
 0.000129616,   0.0753769
  0.00012962,   0.0753769
 0.000129624,   0.0751256
 0.000129628,   0.0751256
 0.000129632,   0.0751256
 0.000129636,   0.0748744
  0.00012964,   0.0748744
 0.000129644,   0.0746231
 0.000129648,   0.0746231
 0.000129652,   0.0746231
 0.000129656,   0.0746231
  0.00012966,   0.0743719
 0.000129664,   0.0743719
 0.000129668,   0.0743719
 0.000129672,   0.0738693
 0.000129676,   0.0738693
  0.00012968,   0.0738693
 0.000129684,   0.0738693
 0.000129688,   0.0736181
 0.000129692,   0.0738693
 0.000129696,   0.0736181
   0.0001297,   0.0731156
 0.000129704,   0.0731156
 0.000129708,   0.0731156
 0.000129712,   0.0728643
 0.000129716,   0.0726131
  0.00012972,   0.0726131
 0.000129724,   0.0726131
 0.000129728,   0.0723618
 0.000129732,   0.0723618
 0.000129736,   0.0723618
  0.00012974,   0.0721105
 0.000129744,   0.0718593
 0.000129748,   0.0718593
 0.000129752,    0.071608
 0.000129756,    0.071608
  0.00012976,    0.071608
 0.000129764,   0.0713568
 0.000129768,   0.0713568
 0.000129772,   0.0711055
 0.000129776,   0.0708543
  0.00012978,   0.0708543
 0.000129784,    0.070603
 0.000129788,    0.070603
 0.000129792,   0.0703518
 0.000129796,   0.0703518
   0.0001298,   0.0701005
 0.000129804,   0.0698492
 0.000129808,   0.0701005
 0.000129812,   0.0698492
 0.000129816,    0.069598
  0.00012982,   0.0693467
 0.000129824,   0.0693467
 0.000129828,   0.0693467
 0.000129832,   0.0690955
 0.000129836,   0.0690955
  0.00012984,   0.0688442
 0.000129844,   0.0688442
 0.000129848,    0.068593
 0.000129852,   0.0683417
 0.000129856,   0.0680905
  0.00012986,   0.0680905
 0.000129864,   0.0680905
 0.000129868,   0.0678392
 0.000129872,   0.0675879
 0.000129876,   0.0673367
  0.00012988,   0.0673367
 0.000129884,   0.0670854
 0.000129888,   0.0670854
 0.000129892,   0.0668342
 0.000129896,   0.0665829
   0.0001299,   0.0665829
 0.000129904,   0.0663317
 0.000129908,   0.0663317
 0.000129912,   0.0660804
 0.000129916,   0.0660804
  0.00012992,   0.0658291
 0.000129924,   0.0658291
 0.000129928,   0.0655779
 0.000129932,   0.0655779
 0.000129936,   0.0655779
  0.00012994,   0.0650754
 0.000129944,   0.0650754
 0.000129948,   0.0648241
 0.000129952,   0.0645729
 0.000129956,   0.0645729
  0.00012996,   0.0645729
 0.000129964,   0.0640704
 0.000129968,   0.0640704
 0.000129972,   0.0640704
 0.000129976,   0.0638191
  0.00012998,   0.0635678
 0.000129984,   0.0633166
 0.000129988,   0.0635678
 0.000129992,   0.0633166
 0.000129996,   0.0630653
     0.00013,   0.0630653
 0.000130004,   0.0628141
 0.000130008,   0.0625628
 0.000130012,   0.0625628
 0.000130016,   0.0623116
  0.00013002,   0.0623116
 0.000130024,   0.0620603
 0.000130028,   0.0620603
 0.000130032,    0.061809
 0.000130036,   0.0615578
  0.00013004,   0.0615578
 0.000130044,   0.0613065
 0.000130048,   0.0610553
 0.000130052,    0.060804
 0.000130056,    0.060804
  0.00013006,   0.0605528
 0.000130064,   0.0605528
 0.000130068,   0.0605528
 0.000130072,   0.0603015
 0.000130076,   0.0600502
  0.00013008,    0.059799
 0.000130084,    0.059799
 0.000130088,   0.0595477
 0.000130092,   0.0595477
 0.000130096,   0.0592965
   0.0001301,   0.0592965
 0.000130104,   0.0592965
 0.000130108,    0.058794
 0.000130112,    0.058794
 0.000130116,   0.0585427
  0.00013012,   0.0585427
 0.000130124,   0.0585427
 0.000130128,   0.0582915
 0.000130132,   0.0580402
 0.000130136,   0.0580402
  0.00013014,   0.0580402
 0.000130144,   0.0577889
 0.000130148,   0.0575377
 0.000130152,   0.0572864
 0.000130156,   0.0572864
  0.00013016,   0.0572864
 0.000130164,   0.0570352
 0.000130168,   0.0567839
 0.000130172,   0.0565327
 0.000130176,   0.0565327
  0.00013018,   0.0565327
 0.000130184,   0.0560302
 0.000130188,   0.0560302
 0.000130192,   0.0560302
 0.000130196,   0.0557789
   0.0001302,   0.0555276
 0.000130204,   0.0555276
 0.000130208,   0.0552764
 0.000130212,   0.0552764
 0.000130216,   0.0550251
  0.00013022,   0.0547739
 0.000130224,   0.0545226
 0.000130228,   0.0545226
 0.000130232,   0.0545226
 0.000130236,   0.0545226
  0.00013024,   0.0542714
 0.000130244,   0.0540201
 0.000130248,   0.0537688
 0.000130252,   0.0537688
 0.000130256,   0.0537688
  0.00013026,   0.0535176
 0.000130264,   0.0535176
 0.000130268,   0.0532663
 0.000130272,   0.0532663
 0.000130276,   0.0530151
  0.00013028,   0.0527638
 0.000130284,   0.0525126
 0.000130288,   0.0525126
 0.000130292,   0.0525126
 0.000130296,   0.0522613
   0.0001303,   0.0522613
 0.000130304,     0.05201
 0.000130308,     0.05201
 0.000130312,   0.0517588
 0.000130316,   0.0517588
  0.00013032,   0.0515075
 0.000130324,   0.0512563
 0.000130328,   0.0512563
 0.000130332,   0.0512563
 0.000130336,    0.051005
  0.00013034,    0.051005
 0.000130344,   0.0505025
 0.000130348,   0.0507538
 0.000130352,   0.0507538
 0.000130356,   0.0502513
  0.00013036,   0.0502513
 0.000130364,   0.0502513
 0.000130368,   0.0502513
 0.000130372,   0.0497487
 0.000130376,   0.0497487
  0.00013038,   0.0497487
 0.000130384,   0.0494975
 0.000130388,   0.0492462
 0.000130392,   0.0492462
 0.000130396,   0.0492462
   0.0001304,    0.048995
 0.000130404,   0.0487437
 0.000130408,   0.0487437
 0.000130412,   0.0487437
 0.000130416,   0.0484925
  0.00013042,   0.0484925
 0.000130424,   0.0482412
 0.000130428,   0.0479899
 0.000130432,   0.0482412
 0.000130436,   0.0479899
  0.00013044,   0.0479899
 0.000130444,   0.0477387
 0.000130448,   0.0477387
 0.000130452,   0.0477387
 0.000130456,   0.0474874
  0.00013046,   0.0474874
 0.000130464,   0.0474874
 0.000130468,   0.0472362
 0.000130472,   0.0469849
 0.000130476,   0.0469849
  0.00013048,   0.0469849
 0.000130484,   0.0469849
 0.000130488,   0.0467337
 0.000130492,   0.0467337
 0.000130496,   0.0467337
   0.0001305,   0.0464824
 0.000130504,   0.0464824
 0.000130508,   0.0462312
 0.000130512,   0.0462312
 0.000130516,   0.0462312
  0.00013052,   0.0459799
 0.000130524,   0.0459799
 0.000130528,   0.0459799
 0.000130532,   0.0457286
 0.000130536,   0.0457286
  0.00013054,   0.0457286
 0.000130544,   0.0457286
 0.000130548,   0.0454774
 0.000130552,   0.0454774
 0.000130556,   0.0454774
  0.00013056,   0.0452261
 0.000130564,   0.0452261
 0.000130568,   0.0452261
 0.000130572,   0.0452261
 0.000130576,   0.0449749
  0.00013058,   0.0449749
 0.000130584,   0.0447236
 0.000130588,   0.0447236
 0.000130592,   0.0447236
 0.000130596,   0.0447236
   0.0001306,   0.0447236
 0.000130604,   0.0444724
 0.000130608,   0.0444724
 0.000130612,   0.0444724
 0.000130616,   0.0442211
  0.00013062,   0.0442211
 0.000130624,   0.0442211
 0.000130628,   0.0444724
 0.000130632,   0.0442211
 0.000130636,   0.0442211
  0.00013064,   0.0442211
 0.000130644,   0.0439698
 0.000130648,   0.0439698
 0.000130652,   0.0439698
 0.000130656,   0.0442211
  0.00013066,   0.0439698
 0.000130664,   0.0439698
 0.000130668,   0.0439698
 0.000130672,   0.0439698
 0.000130676,   0.0439698
  0.00013068,   0.0437186
 0.000130684,   0.0439698
 0.000130688,   0.0439698
 0.000130692,   0.0437186
 0.000130696,   0.0437186
   0.0001307,   0.0437186
 0.000130704,   0.0439698
 0.000130708,   0.0437186
 0.000130712,   0.0437186
 0.000130716,   0.0437186
  0.00013072,   0.0437186
 0.000130724,   0.0437186
 0.000130728,   0.0437186
 0.000130732,   0.0434673
 0.000130736,   0.0437186
  0.00013074,   0.0439698
 0.000130744,   0.0437186
 0.000130748,   0.0437186
 0.000130752,   0.0434673
 0.000130756,   0.0437186
  0.00013076,   0.0437186
 0.000130764,   0.0437186
 0.000130768,   0.0439698
 0.000130772,   0.0437186
 0.000130776,   0.0437186
  0.00013078,   0.0439698
 0.000130784,   0.0439698
 0.000130788,   0.0439698
 0.000130792,   0.0439698
 0.000130796,   0.0439698
   0.0001308,   0.0442211
 0.000130804,   0.0442211
 0.000130808,   0.0439698
 0.000130812,   0.0439698
 0.000130816,   0.0442211
  0.00013082,   0.0444724
 0.000130824,   0.0444724
 0.000130828,   0.0442211
 0.000130832,   0.0444724
 0.000130836,   0.0447236
  0.00013084,   0.0444724
 0.000130844,   0.0444724
 0.000130848,   0.0444724
 0.000130852,   0.0447236
 0.000130856,   0.0447236
  0.00013086,   0.0449749
 0.000130864,   0.0449749
 0.000130868,   0.0449749
 0.000130872,   0.0449749
 0.000130876,   0.0452261
  0.00013088,   0.0452261
 0.000130884,   0.0452261
 0.000130888,   0.0452261
 0.000130892,   0.0454774
 0.000130896,   0.0457286
   0.0001309,   0.0457286
 0.000130904,   0.0457286
 0.000130908,   0.0457286
 0.000130912,   0.0459799
 0.000130916,   0.0459799
  0.00013092,   0.0462312
 0.000130924,   0.0462312
 0.000130928,   0.0464824
 0.000130932,   0.0464824
 0.000130936,   0.0464824
  0.00013094,   0.0467337
 0.000130944,   0.0469849
 0.000130948,   0.0469849
 0.000130952,   0.0469849
 0.000130956,   0.0472362
  0.00013096,   0.0474874
 0.000130964,   0.0474874
 0.000130968,   0.0474874
 0.000130972,   0.0479899
 0.000130976,   0.0477387
  0.00013098,   0.0479899
 0.000130984,   0.0482412
 0.000130988,   0.0482412
 0.000130992,   0.0482412
 0.000130996,   0.0482412
