     8.4E-05,  -0.0505025
  8.4004E-05,  -0.0505025
  8.4008E-05,  -0.0505025
  8.4012E-05,  -0.0502513
  8.4016E-05,  -0.0502513
   8.402E-05,  -0.0502513
  8.4024E-05,       -0.05
  8.4028E-05,       -0.05
  8.4032E-05,       -0.05
  8.4036E-05,  -0.0497487
   8.404E-05,  -0.0494975
  8.4044E-05,  -0.0494975
  8.4048E-05,  -0.0494975
  8.4052E-05,  -0.0494975
  8.4056E-05,  -0.0492462
   8.406E-05,  -0.0492462
  8.4064E-05,  -0.0492462
  8.4068E-05,  -0.0487437
  8.4072E-05,  -0.0487437
  8.4076E-05,  -0.0487437
   8.408E-05,  -0.0487437
  8.4084E-05,  -0.0484925
  8.4088E-05,  -0.0482412
  8.4092E-05,  -0.0484925
  8.4096E-05,  -0.0484925
    8.41E-05,  -0.0479899
  8.4104E-05,  -0.0482412
  8.4108E-05,  -0.0482412
  8.4112E-05,  -0.0482412
  8.4116E-05,  -0.0479899
   8.412E-05,  -0.0477387
  8.4124E-05,  -0.0482412
  8.4128E-05,  -0.0477387
  8.4132E-05,  -0.0474874
  8.4136E-05,  -0.0474874
   8.414E-05,  -0.0474874
  8.4144E-05,  -0.0474874
  8.4148E-05,  -0.0469849
  8.4152E-05,  -0.0474874
  8.4156E-05,  -0.0474874
   8.416E-05,  -0.0469849
  8.4164E-05,  -0.0467337
  8.4168E-05,  -0.0467337
  8.4172E-05,  -0.0467337
  8.4176E-05,  -0.0464824
   8.418E-05,  -0.0464824
  8.4184E-05,  -0.0464824
  8.4188E-05,  -0.0464824
  8.4192E-05,  -0.0462312
  8.4196E-05,  -0.0462312
    8.42E-05,  -0.0462312
  8.4204E-05,  -0.0459799
  8.4208E-05,  -0.0459799
  8.4212E-05,  -0.0454774
  8.4216E-05,  -0.0457286
   8.422E-05,  -0.0459799
  8.4224E-05,  -0.0452261
  8.4228E-05,  -0.0452261
  8.4232E-05,  -0.0454774
  8.4236E-05,  -0.0452261
   8.424E-05,  -0.0449749
  8.4244E-05,  -0.0449749
  8.4248E-05,  -0.0452261
  8.4252E-05,  -0.0449749
  8.4256E-05,  -0.0444724
   8.426E-05,  -0.0447236
  8.4264E-05,  -0.0449749
  8.4268E-05,  -0.0444724
  8.4272E-05,  -0.0444724
  8.4276E-05,  -0.0444724
   8.428E-05,  -0.0444724
  8.4284E-05,  -0.0442211
  8.4288E-05,  -0.0439698
  8.4292E-05,  -0.0442211
  8.4296E-05,  -0.0442211
    8.43E-05,  -0.0437186
  8.4304E-05,  -0.0437186
  8.4308E-05,  -0.0437186
  8.4312E-05,  -0.0437186
  8.4316E-05,  -0.0434673
   8.432E-05,  -0.0434673
  8.4324E-05,  -0.0434673
  8.4328E-05,  -0.0432161
  8.4332E-05,  -0.0429648
  8.4336E-05,  -0.0432161
   8.434E-05,  -0.0432161
  8.4344E-05,  -0.0432161
  8.4348E-05,  -0.0429648
  8.4352E-05,  -0.0424623
  8.4356E-05,  -0.0429648
   8.436E-05,  -0.0429648
  8.4364E-05,  -0.0427136
  8.4368E-05,  -0.0424623
  8.4372E-05,  -0.0422111
  8.4376E-05,  -0.0424623
   8.438E-05,  -0.0422111
  8.4384E-05,  -0.0422111
  8.4388E-05,  -0.0422111
  8.4392E-05,  -0.0422111
  8.4396E-05,  -0.0419598
    8.44E-05,  -0.0419598
  8.4404E-05,  -0.0419598
  8.4408E-05,  -0.0419598
  8.4412E-05,  -0.0417085
  8.4416E-05,  -0.0417085
   8.442E-05,  -0.0419598
  8.4424E-05,  -0.0417085
  8.4428E-05,   -0.041206
  8.4432E-05,   -0.041206
  8.4436E-05,  -0.0414573
   8.444E-05,  -0.0414573
  8.4444E-05,   -0.041206
  8.4448E-05,  -0.0409548
  8.4452E-05,   -0.041206
  8.4456E-05,  -0.0409548
   8.446E-05,  -0.0407035
  8.4464E-05,  -0.0407035
  8.4468E-05,  -0.0407035
  8.4472E-05,  -0.0407035
  8.4476E-05,   -0.040201
   8.448E-05,  -0.0404523
  8.4484E-05,  -0.0407035
  8.4488E-05,  -0.0404523
  8.4492E-05,  -0.0399497
  8.4496E-05,  -0.0404523
    8.45E-05,   -0.040201
  8.4504E-05,  -0.0399497
  8.4508E-05,  -0.0396985
  8.4512E-05,   -0.040201
  8.4516E-05,  -0.0404523
   8.452E-05,  -0.0396985
  8.4524E-05,  -0.0396985
  8.4528E-05,  -0.0399497
  8.4532E-05,  -0.0399497
  8.4536E-05,  -0.0394472
   8.454E-05,  -0.0394472
  8.4544E-05,  -0.0399497
  8.4548E-05,  -0.0396985
  8.4552E-05,  -0.0394472
  8.4556E-05,  -0.0394472
   8.456E-05,  -0.0394472
  8.4564E-05,  -0.0394472
  8.4568E-05,   -0.039196
  8.4572E-05,   -0.039196
  8.4576E-05,   -0.039196
   8.458E-05,   -0.039196
  8.4584E-05,  -0.0389447
  8.4588E-05,   -0.039196
  8.4592E-05,  -0.0389447
  8.4596E-05,  -0.0386935
    8.46E-05,  -0.0386935
  8.4604E-05,  -0.0384422
  8.4608E-05,  -0.0384422
  8.4612E-05,  -0.0384422
  8.4616E-05,   -0.038191
   8.462E-05,  -0.0384422
  8.4624E-05,  -0.0384422
  8.4628E-05,   -0.038191
  8.4632E-05,   -0.038191
  8.4636E-05,  -0.0379397
   8.464E-05,   -0.038191
  8.4644E-05,  -0.0379397
  8.4648E-05,  -0.0379397
  8.4652E-05,  -0.0379397
  8.4656E-05,  -0.0379397
   8.466E-05,  -0.0379397
  8.4664E-05,  -0.0376884
  8.4668E-05,  -0.0376884
  8.4672E-05,  -0.0379397
  8.4676E-05,  -0.0379397
   8.468E-05,  -0.0374372
  8.4684E-05,  -0.0376884
  8.4688E-05,  -0.0376884
  8.4692E-05,  -0.0374372
  8.4696E-05,  -0.0371859
    8.47E-05,  -0.0371859
  8.4704E-05,  -0.0374372
  8.4708E-05,  -0.0369347
  8.4712E-05,  -0.0369347
  8.4716E-05,  -0.0371859
   8.472E-05,  -0.0371859
  8.4724E-05,  -0.0369347
  8.4728E-05,  -0.0366834
  8.4732E-05,  -0.0369347
  8.4736E-05,  -0.0369347
   8.474E-05,  -0.0364322
  8.4744E-05,  -0.0361809
  8.4748E-05,  -0.0366834
  8.4752E-05,  -0.0366834
  8.4756E-05,  -0.0361809
   8.476E-05,  -0.0364322
  8.4764E-05,  -0.0364322
  8.4768E-05,  -0.0361809
  8.4772E-05,  -0.0356784
  8.4776E-05,  -0.0361809
   8.478E-05,  -0.0364322
  8.4784E-05,  -0.0359296
  8.4788E-05,  -0.0359296
  8.4792E-05,  -0.0359296
  8.4796E-05,  -0.0359296
    8.48E-05,  -0.0356784
  8.4804E-05,  -0.0354271
  8.4808E-05,  -0.0356784
  8.4812E-05,  -0.0356784
  8.4816E-05,  -0.0351759
   8.482E-05,  -0.0354271
  8.4824E-05,  -0.0356784
  8.4828E-05,  -0.0351759
  8.4832E-05,  -0.0351759
  8.4836E-05,  -0.0346734
   8.484E-05,  -0.0351759
  8.4844E-05,  -0.0349246
  8.4848E-05,  -0.0346734
  8.4852E-05,  -0.0349246
  8.4856E-05,  -0.0349246
   8.486E-05,  -0.0349246
  8.4864E-05,  -0.0346734
  8.4868E-05,  -0.0346734
  8.4872E-05,  -0.0346734
  8.4876E-05,  -0.0344221
   8.488E-05,  -0.0344221
  8.4884E-05,  -0.0344221
  8.4888E-05,  -0.0346734
  8.4892E-05,  -0.0344221
  8.4896E-05,  -0.0341709
    8.49E-05,  -0.0339196
  8.4904E-05,  -0.0341709
  8.4908E-05,  -0.0339196
  8.4912E-05,  -0.0339196
  8.4916E-05,  -0.0339196
   8.492E-05,  -0.0339196
  8.4924E-05,  -0.0336683
  8.4928E-05,  -0.0334171
  8.4932E-05,  -0.0334171
  8.4936E-05,  -0.0334171
   8.494E-05,  -0.0331658
  8.4944E-05,  -0.0331658
  8.4948E-05,  -0.0331658
  8.4952E-05,  -0.0331658
  8.4956E-05,  -0.0329146
   8.496E-05,  -0.0326633
  8.4964E-05,  -0.0326633
  8.4968E-05,  -0.0326633
  8.4972E-05,  -0.0326633
  8.4976E-05,  -0.0324121
   8.498E-05,  -0.0324121
  8.4984E-05,  -0.0321608
  8.4988E-05,  -0.0324121
  8.4992E-05,  -0.0321608
  8.4996E-05,  -0.0319095
     8.5E-05,  -0.0321608
  8.5004E-05,  -0.0319095
  8.5008E-05,  -0.0316583
  8.5012E-05,  -0.0316583
  8.5016E-05,  -0.0316583
   8.502E-05,   -0.031407
  8.5024E-05,  -0.0311558
  8.5028E-05,  -0.0311558
  8.5032E-05,   -0.031407
  8.5036E-05,  -0.0306533
   8.504E-05,  -0.0306533
  8.5044E-05,  -0.0311558
  8.5048E-05,  -0.0309045
  8.5052E-05,   -0.030402
  8.5056E-05,  -0.0301508
   8.506E-05,  -0.0306533
  8.5064E-05,   -0.030402
  8.5068E-05,  -0.0298995
  8.5072E-05,  -0.0298995
  8.5076E-05,  -0.0301508
   8.508E-05,  -0.0296482
  8.5084E-05,   -0.029397
  8.5088E-05,   -0.029397
  8.5092E-05,   -0.029397
  8.5096E-05,   -0.029397
    8.51E-05,  -0.0288945
  8.5104E-05,  -0.0288945
  8.5108E-05,  -0.0288945
  8.5112E-05,  -0.0286432
  8.5116E-05,  -0.0286432
   8.512E-05,   -0.028392
  8.5124E-05,   -0.028392
  8.5128E-05,  -0.0278894
  8.5132E-05,  -0.0278894
  8.5136E-05,  -0.0281407
   8.514E-05,  -0.0278894
  8.5144E-05,  -0.0273869
  8.5148E-05,  -0.0273869
  8.5152E-05,  -0.0273869
  8.5156E-05,  -0.0273869
   8.516E-05,  -0.0271357
  8.5164E-05,  -0.0268844
  8.5168E-05,  -0.0268844
  8.5172E-05,  -0.0266332
  8.5176E-05,  -0.0261307
   8.518E-05,  -0.0263819
  8.5184E-05,  -0.0263819
  8.5188E-05,  -0.0261307
  8.5192E-05,  -0.0258794
  8.5196E-05,  -0.0256281
    8.52E-05,  -0.0256281
  8.5204E-05,  -0.0253769
  8.5208E-05,  -0.0251256
  8.5212E-05,  -0.0251256
  8.5216E-05,  -0.0248744
   8.522E-05,  -0.0248744
  8.5224E-05,  -0.0243719
  8.5228E-05,  -0.0241206
  8.5232E-05,  -0.0243719
  8.5236E-05,  -0.0241206
   8.524E-05,  -0.0238693
  8.5244E-05,  -0.0238693
  8.5248E-05,  -0.0233668
  8.5252E-05,  -0.0233668
  8.5256E-05,  -0.0231156
   8.526E-05,  -0.0231156
  8.5264E-05,  -0.0231156
  8.5268E-05,  -0.0226131
  8.5272E-05,  -0.0223618
  8.5276E-05,  -0.0223618
   8.528E-05,  -0.0221106
  8.5284E-05,  -0.0218593
  8.5288E-05,   -0.021608
  8.5292E-05,  -0.0213568
  8.5296E-05,   -0.021608
    8.53E-05,  -0.0211055
  8.5304E-05,  -0.0208543
  8.5308E-05,   -0.020603
  8.5312E-05,   -0.020603
  8.5316E-05,  -0.0203518
   8.532E-05,  -0.0201005
  8.5324E-05,  -0.0198492
  8.5328E-05,  -0.0198492
  8.5332E-05,  -0.0193467
  8.5336E-05,  -0.0188442
   8.534E-05,  -0.0188442
  8.5344E-05,  -0.0188442
  8.5348E-05,   -0.018593
  8.5352E-05,  -0.0180905
  8.5356E-05,  -0.0183417
   8.536E-05,  -0.0183417
  8.5364E-05,  -0.0175879
  8.5368E-05,  -0.0170854
  8.5372E-05,  -0.0175879
  8.5376E-05,  -0.0173367
   8.538E-05,  -0.0165829
  8.5384E-05,  -0.0163317
  8.5388E-05,  -0.0165829
  8.5392E-05,  -0.0163317
  8.5396E-05,  -0.0155779
    8.54E-05,  -0.0155779
  8.5404E-05,  -0.0158291
  8.5408E-05,  -0.0150754
  8.5412E-05,  -0.0148241
  8.5416E-05,  -0.0148241
   8.542E-05,  -0.0145729
  8.5424E-05,  -0.0140704
  8.5428E-05,  -0.0138191
  8.5432E-05,  -0.0140704
  8.5436E-05,  -0.0138191
   8.544E-05,  -0.0130653
  8.5444E-05,  -0.0130653
  8.5448E-05,  -0.0130653
  8.5452E-05,  -0.0128141
  8.5456E-05,  -0.0125628
   8.546E-05,  -0.0120603
  8.5464E-05,  -0.0120603
  8.5468E-05,   -0.011809
  8.5472E-05,  -0.0113065
  8.5476E-05,  -0.0113065
   8.548E-05,  -0.0110553
  8.5484E-05,   -0.010804
  8.5488E-05,  -0.0105528
  8.5492E-05,  -0.0100503
  8.5496E-05,  -0.0100503
    8.55E-05,   -0.009799
  8.5504E-05, -0.00954774
  8.5508E-05, -0.00929648
  8.5512E-05, -0.00879397
  8.5516E-05, -0.00879397
   8.552E-05, -0.00854271
  8.5524E-05,  -0.0080402
  8.5528E-05,  -0.0080402
  8.5532E-05, -0.00778894
  8.5536E-05, -0.00728643
   8.554E-05, -0.00703518
  8.5544E-05, -0.00703518
  8.5548E-05, -0.00678392
  8.5552E-05, -0.00628141
  8.5556E-05, -0.00603015
   8.556E-05, -0.00603015
  8.5564E-05, -0.00552764
  8.5568E-05, -0.00527638
  8.5572E-05, -0.00527638
  8.5576E-05, -0.00502513
   8.558E-05, -0.00477387
  8.5584E-05, -0.00427136
  8.5588E-05, -0.00427136
  8.5592E-05,  -0.0040201
  8.5596E-05, -0.00351759
    8.56E-05, -0.00326633
  8.5604E-05, -0.00301508
  8.5608E-05, -0.00301508
  8.5612E-05, -0.00276382
  8.5616E-05, -0.00226131
   8.562E-05, -0.00201005
  8.5624E-05, -0.00201005
  8.5628E-05, -0.00150754
  8.5632E-05, -0.00125628
  8.5636E-05, -0.00100503
   8.564E-05,-0.000753769
  8.5644E-05,-0.000502513
  8.5648E-05,-0.000251256
  8.5652E-05,-0.000251256
  8.5656E-05,           0
   8.566E-05, 0.000502513
  8.5664E-05, 0.000753769
  8.5668E-05,  0.00100503
  8.5672E-05,  0.00100503
  8.5676E-05,  0.00150754
   8.568E-05,  0.00201005
  8.5684E-05,  0.00201005
  8.5688E-05,  0.00201005
  8.5692E-05,  0.00251256
  8.5696E-05,  0.00301508
    8.57E-05,  0.00301508
  8.5704E-05,  0.00326633
  8.5708E-05,  0.00351759
  8.5712E-05,   0.0040201
  8.5716E-05,  0.00376884
   8.572E-05,   0.0040201
  8.5724E-05,  0.00477387
  8.5728E-05,  0.00477387
  8.5732E-05,  0.00502513
  8.5736E-05,  0.00527638
   8.574E-05,  0.00577889
  8.5744E-05,  0.00603015
  8.5748E-05,  0.00603015
  8.5752E-05,  0.00628141
  8.5756E-05,  0.00678392
   8.576E-05,  0.00678392
  8.5764E-05,  0.00703518
  8.5768E-05,  0.00728643
  8.5772E-05,  0.00753769
  8.5776E-05,  0.00778894
   8.578E-05,  0.00778894
  8.5784E-05,  0.00829146
  8.5788E-05,  0.00854271
  8.5792E-05,  0.00854271
  8.5796E-05,  0.00879397
    8.58E-05,  0.00929648
  8.5804E-05,  0.00954774
  8.5808E-05,    0.009799
  8.5812E-05,    0.009799
  8.5816E-05,   0.0103015
   8.582E-05,   0.0105528
  8.5824E-05,   0.0105528
  8.5828E-05,    0.010804
  8.5832E-05,   0.0110553
  8.5836E-05,   0.0113065
   8.584E-05,   0.0115578
  8.5844E-05,    0.011809
  8.5848E-05,   0.0120603
  8.5852E-05,   0.0120603
  8.5856E-05,   0.0123116
   8.586E-05,   0.0125628
  8.5864E-05,   0.0128141
  8.5868E-05,   0.0128141
  8.5872E-05,   0.0133166
  8.5876E-05,   0.0133166
   8.588E-05,   0.0135678
  8.5884E-05,   0.0138191
  8.5888E-05,   0.0138191
  8.5892E-05,   0.0140704
  8.5896E-05,   0.0145729
    8.59E-05,   0.0148241
  8.5904E-05,   0.0148241
  8.5908E-05,   0.0150754
  8.5912E-05,   0.0153266
  8.5916E-05,   0.0153266
   8.592E-05,   0.0153266
  8.5924E-05,   0.0158291
  8.5928E-05,   0.0160804
  8.5932E-05,   0.0160804
  8.5936E-05,   0.0160804
   8.594E-05,   0.0165829
  8.5944E-05,   0.0168342
  8.5948E-05,   0.0168342
  8.5952E-05,   0.0168342
  8.5956E-05,   0.0173367
   8.596E-05,   0.0175879
  8.5964E-05,   0.0173367
  8.5968E-05,   0.0175879
  8.5972E-05,   0.0178392
  8.5976E-05,   0.0183417
   8.598E-05,   0.0180905
  8.5984E-05,   0.0183417
  8.5988E-05,   0.0188442
  8.5992E-05,   0.0188442
  8.5996E-05,   0.0188442
     8.6E-05,   0.0188442
  8.6004E-05,   0.0190955
  8.6008E-05,    0.019598
  8.6012E-05,   0.0193467
  8.6016E-05,    0.019598
   8.602E-05,   0.0201005
  8.6024E-05,   0.0198492
  8.6028E-05,   0.0201005
  8.6032E-05,   0.0203518
  8.6036E-05,    0.020603
   8.604E-05,    0.020603
  8.6044E-05,   0.0203518
  8.6048E-05,   0.0208543
  8.6052E-05,   0.0213568
  8.6056E-05,   0.0211055
   8.606E-05,   0.0208543
  8.6064E-05,   0.0213568
  8.6068E-05,    0.021608
  8.6072E-05,    0.021608
  8.6076E-05,    0.021608
   8.608E-05,    0.021608
  8.6084E-05,   0.0218593
  8.6088E-05,   0.0218593
  8.6092E-05,   0.0221106
  8.6096E-05,   0.0223618
    8.61E-05,   0.0223618
  8.6104E-05,   0.0223618
  8.6108E-05,   0.0223618
  8.6112E-05,   0.0226131
  8.6116E-05,   0.0228643
   8.612E-05,   0.0226131
  8.6124E-05,   0.0228643
  8.6128E-05,   0.0228643
  8.6132E-05,   0.0231156
  8.6136E-05,   0.0233668
   8.614E-05,   0.0233668
  8.6144E-05,   0.0233668
  8.6148E-05,   0.0236181
  8.6152E-05,   0.0233668
  8.6156E-05,   0.0236181
   8.616E-05,   0.0238693
  8.6164E-05,   0.0238693
  8.6168E-05,   0.0238693
  8.6172E-05,   0.0238693
  8.6176E-05,   0.0241206
   8.618E-05,   0.0241206
  8.6184E-05,   0.0238693
  8.6188E-05,   0.0241206
  8.6192E-05,   0.0243719
  8.6196E-05,   0.0243719
    8.62E-05,   0.0243719
  8.6204E-05,   0.0241206
  8.6208E-05,   0.0246231
  8.6212E-05,   0.0243719
  8.6216E-05,   0.0243719
   8.622E-05,   0.0243719
  8.6224E-05,   0.0246231
  8.6228E-05,   0.0246231
  8.6232E-05,   0.0243719
  8.6236E-05,   0.0246231
   8.624E-05,   0.0248744
  8.6244E-05,   0.0246231
  8.6248E-05,   0.0243719
  8.6252E-05,   0.0246231
  8.6256E-05,   0.0248744
   8.626E-05,   0.0246231
  8.6264E-05,   0.0246231
  8.6268E-05,   0.0248744
  8.6272E-05,   0.0251256
  8.6276E-05,   0.0246231
   8.628E-05,   0.0246231
  8.6284E-05,   0.0248744
  8.6288E-05,   0.0248744
  8.6292E-05,   0.0246231
  8.6296E-05,   0.0246231
    8.63E-05,   0.0248744
  8.6304E-05,   0.0248744
  8.6308E-05,   0.0248744
  8.6312E-05,   0.0246231
  8.6316E-05,   0.0248744
   8.632E-05,   0.0248744
  8.6324E-05,   0.0246231
  8.6328E-05,   0.0246231
  8.6332E-05,   0.0248744
  8.6336E-05,   0.0251256
   8.634E-05,   0.0246231
  8.6344E-05,   0.0246231
  8.6348E-05,   0.0248744
  8.6352E-05,   0.0248744
  8.6356E-05,   0.0246231
   8.636E-05,   0.0246231
  8.6364E-05,   0.0248744
  8.6368E-05,   0.0246231
  8.6372E-05,   0.0243719
  8.6376E-05,   0.0246231
   8.638E-05,   0.0246231
  8.6384E-05,   0.0243719
  8.6388E-05,   0.0241206
  8.6392E-05,   0.0243719
  8.6396E-05,   0.0246231
    8.64E-05,   0.0243719
  8.6404E-05,   0.0241206
  8.6408E-05,   0.0243719
  8.6412E-05,   0.0243719
  8.6416E-05,   0.0241206
   8.642E-05,   0.0241206
  8.6424E-05,   0.0241206
  8.6428E-05,   0.0241206
  8.6432E-05,   0.0238693
  8.6436E-05,   0.0236181
   8.644E-05,   0.0238693
  8.6444E-05,   0.0238693
  8.6448E-05,   0.0236181
  8.6452E-05,   0.0236181
  8.6456E-05,   0.0233668
   8.646E-05,   0.0236181
  8.6464E-05,   0.0233668
  8.6468E-05,   0.0231156
  8.6472E-05,   0.0233668
  8.6476E-05,   0.0233668
   8.648E-05,   0.0231156
  8.6484E-05,   0.0231156
  8.6488E-05,   0.0231156
  8.6492E-05,   0.0231156
  8.6496E-05,   0.0228643
    8.65E-05,   0.0228643
  8.6504E-05,   0.0228643
  8.6508E-05,   0.0228643
  8.6512E-05,   0.0226131
  8.6516E-05,   0.0226131
   8.652E-05,   0.0226131
  8.6524E-05,   0.0226131
  8.6528E-05,   0.0223618
  8.6532E-05,   0.0221106
  8.6536E-05,   0.0226131
   8.654E-05,   0.0223618
  8.6544E-05,   0.0221106
  8.6548E-05,   0.0218593
  8.6552E-05,   0.0221106
  8.6556E-05,   0.0218593
   8.656E-05,    0.021608
  8.6564E-05,    0.021608
  8.6568E-05,   0.0218593
  8.6572E-05,    0.021608
  8.6576E-05,   0.0211055
   8.658E-05,   0.0213568
  8.6584E-05,   0.0213568
  8.6588E-05,   0.0211055
  8.6592E-05,   0.0208543
  8.6596E-05,   0.0208543
    8.66E-05,   0.0213568
  8.6604E-05,    0.020603
  8.6608E-05,    0.020603
  8.6612E-05,   0.0208543
  8.6616E-05,   0.0208543
   8.662E-05,    0.020603
  8.6624E-05,   0.0203518
  8.6628E-05,    0.020603
  8.6632E-05,    0.020603
  8.6636E-05,   0.0201005
   8.664E-05,   0.0201005
  8.6644E-05,   0.0203518
  8.6648E-05,   0.0201005
  8.6652E-05,   0.0198492
  8.6656E-05,   0.0198492
   8.666E-05,   0.0198492
  8.6664E-05,   0.0198492
  8.6668E-05,   0.0193467
  8.6672E-05,   0.0193467
  8.6676E-05,   0.0193467
   8.668E-05,   0.0193467
  8.6684E-05,   0.0190955
  8.6688E-05,   0.0190955
  8.6692E-05,   0.0190955
  8.6696E-05,   0.0190955
    8.67E-05,   0.0188442
  8.6704E-05,   0.0188442
  8.6708E-05,   0.0188442
  8.6712E-05,    0.018593
  8.6716E-05,    0.018593
   8.672E-05,   0.0183417
  8.6724E-05,   0.0183417
  8.6728E-05,   0.0183417
  8.6732E-05,   0.0180905
  8.6736E-05,   0.0180905
   8.674E-05,   0.0180905
  8.6744E-05,   0.0178392
  8.6748E-05,   0.0178392
  8.6752E-05,   0.0175879
  8.6756E-05,   0.0175879
   8.676E-05,   0.0175879
  8.6764E-05,   0.0173367
  8.6768E-05,   0.0173367
  8.6772E-05,   0.0175879
  8.6776E-05,   0.0173367
   8.678E-05,   0.0170854
  8.6784E-05,   0.0168342
  8.6788E-05,   0.0170854
  8.6792E-05,   0.0170854
  8.6796E-05,   0.0168342
    8.68E-05,   0.0165829
  8.6804E-05,   0.0168342
  8.6808E-05,   0.0165829
  8.6812E-05,   0.0165829
  8.6816E-05,   0.0163317
   8.682E-05,   0.0165829
  8.6824E-05,   0.0163317
  8.6828E-05,   0.0160804
  8.6832E-05,   0.0163317
  8.6836E-05,   0.0165829
   8.684E-05,   0.0160804
  8.6844E-05,   0.0158291
  8.6848E-05,   0.0160804
  8.6852E-05,   0.0163317
  8.6856E-05,   0.0158291
   8.686E-05,   0.0155779
  8.6864E-05,   0.0160804
  8.6868E-05,   0.0158291
  8.6872E-05,   0.0155779
  8.6876E-05,   0.0158291
   8.688E-05,   0.0158291
  8.6884E-05,   0.0158291
  8.6888E-05,   0.0153266
  8.6892E-05,   0.0155779
  8.6896E-05,   0.0158291
    8.69E-05,   0.0153266
  8.6904E-05,   0.0153266
  8.6908E-05,   0.0153266
  8.6912E-05,   0.0153266
  8.6916E-05,   0.0150754
   8.692E-05,   0.0148241
  8.6924E-05,   0.0150754
  8.6928E-05,   0.0153266
  8.6932E-05,   0.0148241
  8.6936E-05,   0.0148241
   8.694E-05,   0.0150754
  8.6944E-05,   0.0148241
  8.6948E-05,   0.0145729
  8.6952E-05,   0.0145729
  8.6956E-05,   0.0148241
   8.696E-05,   0.0148241
  8.6964E-05,   0.0145729
  8.6968E-05,   0.0145729
  8.6972E-05,   0.0145729
  8.6976E-05,   0.0145729
   8.698E-05,   0.0143216
  8.6984E-05,   0.0143216
  8.6988E-05,   0.0143216
  8.6992E-05,   0.0143216
  8.6996E-05,   0.0140704
     8.7E-05,   0.0143216
  8.7004E-05,   0.0143216
  8.7008E-05,   0.0143216
  8.7012E-05,   0.0140704
  8.7016E-05,   0.0140704
   8.702E-05,   0.0143216
  8.7024E-05,   0.0140704
  8.7028E-05,   0.0140704
  8.7032E-05,   0.0140704
  8.7036E-05,   0.0143216
   8.704E-05,   0.0143216
  8.7044E-05,   0.0140704
  8.7048E-05,   0.0140704
  8.7052E-05,   0.0143216
  8.7056E-05,   0.0140704
   8.706E-05,   0.0140704
  8.7064E-05,   0.0143216
  8.7068E-05,   0.0143216
  8.7072E-05,   0.0140704
  8.7076E-05,   0.0140704
   8.708E-05,   0.0140704
  8.7084E-05,   0.0140704
  8.7088E-05,   0.0140704
  8.7092E-05,   0.0138191
  8.7096E-05,   0.0140704
    8.71E-05,   0.0140704
  8.7104E-05,   0.0140704
  8.7108E-05,   0.0138191
  8.7112E-05,   0.0138191
  8.7116E-05,   0.0140704
   8.712E-05,   0.0138191
  8.7124E-05,   0.0138191
  8.7128E-05,   0.0140704
  8.7132E-05,   0.0143216
  8.7136E-05,   0.0140704
   8.714E-05,   0.0140704
  8.7144E-05,   0.0140704
  8.7148E-05,   0.0143216
  8.7152E-05,   0.0140704
  8.7156E-05,   0.0138191
   8.716E-05,   0.0143216
  8.7164E-05,   0.0140704
  8.7168E-05,   0.0140704
  8.7172E-05,   0.0140704
  8.7176E-05,   0.0143216
   8.718E-05,   0.0143216
  8.7184E-05,   0.0140704
  8.7188E-05,   0.0143216
  8.7192E-05,   0.0145729
  8.7196E-05,   0.0145729
    8.72E-05,   0.0143216
  8.7204E-05,   0.0145729
  8.7208E-05,   0.0148241
  8.7212E-05,   0.0148241
  8.7216E-05,   0.0143216
   8.722E-05,   0.0145729
  8.7224E-05,   0.0148241
  8.7228E-05,   0.0145729
  8.7232E-05,   0.0145729
  8.7236E-05,   0.0148241
   8.724E-05,   0.0148241
  8.7244E-05,   0.0148241
  8.7248E-05,   0.0145729
  8.7252E-05,   0.0148241
  8.7256E-05,   0.0150754
   8.726E-05,   0.0145729
  8.7264E-05,   0.0148241
  8.7268E-05,   0.0153266
  8.7272E-05,   0.0153266
  8.7276E-05,   0.0148241
   8.728E-05,   0.0148241
  8.7284E-05,   0.0153266
  8.7288E-05,   0.0153266
  8.7292E-05,   0.0150754
  8.7296E-05,   0.0153266
    8.73E-05,   0.0155779
  8.7304E-05,   0.0153266
  8.7308E-05,   0.0155779
  8.7312E-05,   0.0155779
  8.7316E-05,   0.0158291
   8.732E-05,   0.0158291
  8.7324E-05,   0.0155779
  8.7328E-05,   0.0158291
  8.7332E-05,   0.0160804
  8.7336E-05,   0.0160804
   8.734E-05,   0.0158291
  8.7344E-05,   0.0158291
  8.7348E-05,   0.0163317
  8.7352E-05,   0.0160804
  8.7356E-05,   0.0160804
   8.736E-05,   0.0163317
  8.7364E-05,   0.0165829
  8.7368E-05,   0.0165829
  8.7372E-05,   0.0163317
  8.7376E-05,   0.0165829
   8.738E-05,   0.0168342
  8.7384E-05,   0.0165829
  8.7388E-05,   0.0165829
  8.7392E-05,   0.0168342
  8.7396E-05,   0.0170854
    8.74E-05,   0.0170854
  8.7404E-05,   0.0170854
  8.7408E-05,   0.0170854
  8.7412E-05,   0.0173367
  8.7416E-05,   0.0173367
   8.742E-05,   0.0173367
  8.7424E-05,   0.0173367
  8.7428E-05,   0.0173367
  8.7432E-05,   0.0175879
  8.7436E-05,   0.0173367
   8.744E-05,   0.0175879
  8.7444E-05,   0.0178392
  8.7448E-05,   0.0175879
  8.7452E-05,   0.0175879
  8.7456E-05,   0.0178392
   8.746E-05,   0.0180905
  8.7464E-05,   0.0178392
  8.7468E-05,   0.0180905
  8.7472E-05,   0.0183417
  8.7476E-05,    0.018593
   8.748E-05,   0.0180905
  8.7484E-05,   0.0183417
  8.7488E-05,    0.018593
  8.7492E-05,   0.0188442
  8.7496E-05,    0.018593
    8.75E-05,   0.0188442
  8.7504E-05,   0.0190955
  8.7508E-05,   0.0190955
  8.7512E-05,   0.0188442
  8.7516E-05,   0.0190955
   8.752E-05,   0.0193467
  8.7524E-05,   0.0190955
  8.7528E-05,   0.0193467
  8.7532E-05,   0.0198492
  8.7536E-05,   0.0198492
   8.754E-05,    0.019598
  8.7544E-05,   0.0193467
  8.7548E-05,   0.0198492
  8.7552E-05,   0.0201005
  8.7556E-05,   0.0198492
   8.756E-05,   0.0198492
  8.7564E-05,   0.0201005
  8.7568E-05,   0.0201005
  8.7572E-05,   0.0203518
  8.7576E-05,   0.0203518
   8.758E-05,    0.020603
  8.7584E-05,    0.020603
  8.7588E-05,    0.020603
  8.7592E-05,   0.0208543
  8.7596E-05,   0.0208543
    8.76E-05,   0.0211055
  8.7604E-05,   0.0211055
  8.7608E-05,   0.0213568
  8.7612E-05,   0.0213568
  8.7616E-05,   0.0213568
   8.762E-05,   0.0211055
  8.7624E-05,   0.0213568
  8.7628E-05,    0.021608
  8.7632E-05,   0.0218593
  8.7636E-05,    0.021608
   8.764E-05,    0.021608
  8.7644E-05,   0.0221106
  8.7648E-05,   0.0221106
  8.7652E-05,   0.0221106
  8.7656E-05,   0.0223618
   8.766E-05,   0.0223618
  8.7664E-05,   0.0223618
  8.7668E-05,   0.0226131
  8.7672E-05,   0.0226131
  8.7676E-05,   0.0228643
   8.768E-05,   0.0228643
  8.7684E-05,   0.0228643
  8.7688E-05,   0.0231156
  8.7692E-05,   0.0231156
  8.7696E-05,   0.0231156
    8.77E-05,   0.0233668
  8.7704E-05,   0.0233668
  8.7708E-05,   0.0236181
  8.7712E-05,   0.0236181
  8.7716E-05,   0.0236181
   8.772E-05,   0.0238693
  8.7724E-05,   0.0241206
  8.7728E-05,   0.0241206
  8.7732E-05,   0.0241206
  8.7736E-05,   0.0243719
   8.774E-05,   0.0243719
  8.7744E-05,   0.0246231
  8.7748E-05,   0.0246231
  8.7752E-05,   0.0246231
  8.7756E-05,   0.0248744
   8.776E-05,   0.0248744
  8.7764E-05,   0.0248744
  8.7768E-05,   0.0248744
  8.7772E-05,   0.0253769
  8.7776E-05,   0.0251256
   8.778E-05,   0.0251256
  8.7784E-05,   0.0256281
  8.7788E-05,   0.0256281
  8.7792E-05,   0.0256281
  8.7796E-05,   0.0253769
    8.78E-05,   0.0258794
  8.7804E-05,   0.0261307
  8.7808E-05,   0.0258794
  8.7812E-05,   0.0258794
  8.7816E-05,   0.0263819
   8.782E-05,   0.0263819
  8.7824E-05,   0.0261307
  8.7828E-05,   0.0263819
  8.7832E-05,   0.0266332
  8.7836E-05,   0.0268844
   8.784E-05,   0.0266332
  8.7844E-05,   0.0268844
  8.7848E-05,   0.0273869
  8.7852E-05,   0.0271357
  8.7856E-05,   0.0271357
   8.786E-05,   0.0273869
  8.7864E-05,   0.0276382
  8.7868E-05,   0.0276382
  8.7872E-05,   0.0276382
  8.7876E-05,   0.0281407
   8.788E-05,   0.0281407
  8.7884E-05,   0.0278894
  8.7888E-05,   0.0281407
  8.7892E-05,   0.0281407
  8.7896E-05,    0.028392
    8.79E-05,    0.028392
  8.7904E-05,   0.0286432
  8.7908E-05,   0.0286432
  8.7912E-05,   0.0288945
  8.7916E-05,   0.0288945
   8.792E-05,   0.0288945
  8.7924E-05,   0.0288945
  8.7928E-05,   0.0291457
  8.7932E-05,   0.0291457
  8.7936E-05,    0.029397
   8.794E-05,    0.029397
  8.7944E-05,   0.0296482
  8.7948E-05,   0.0296482
  8.7952E-05,   0.0296482
  8.7956E-05,   0.0296482
   8.796E-05,   0.0298995
  8.7964E-05,   0.0301508
  8.7968E-05,   0.0301508
  8.7972E-05,   0.0301508
  8.7976E-05,    0.030402
   8.798E-05,    0.030402
  8.7984E-05,    0.030402
  8.7988E-05,    0.030402
  8.7992E-05,   0.0309045
  8.7996E-05,   0.0309045
     8.8E-05,   0.0306533
  8.8004E-05,   0.0311558
  8.8008E-05,    0.031407
  8.8012E-05,   0.0311558
  8.8016E-05,    0.031407
   8.802E-05,    0.031407
  8.8024E-05,   0.0316583
  8.8028E-05,   0.0316583
  8.8032E-05,   0.0316583
  8.8036E-05,   0.0321608
   8.804E-05,   0.0319095
  8.8044E-05,   0.0319095
  8.8048E-05,   0.0319095
  8.8052E-05,   0.0324121
  8.8056E-05,   0.0324121
   8.806E-05,   0.0321608
  8.8064E-05,   0.0324121
  8.8068E-05,   0.0326633
  8.8072E-05,   0.0326633
  8.8076E-05,   0.0326633
   8.808E-05,   0.0329146
  8.8084E-05,   0.0331658
  8.8088E-05,   0.0329146
  8.8092E-05,   0.0329146
  8.8096E-05,   0.0331658
    8.81E-05,   0.0334171
  8.8104E-05,   0.0334171
  8.8108E-05,   0.0331658
  8.8112E-05,   0.0336683
  8.8116E-05,   0.0336683
   8.812E-05,   0.0336683
  8.8124E-05,   0.0336683
  8.8128E-05,   0.0339196
  8.8132E-05,   0.0341709
  8.8136E-05,   0.0339196
   8.814E-05,   0.0341709
  8.8144E-05,   0.0344221
  8.8148E-05,   0.0344221
  8.8152E-05,   0.0344221
  8.8156E-05,   0.0344221
   8.816E-05,   0.0346734
  8.8164E-05,   0.0346734
  8.8168E-05,   0.0346734
  8.8172E-05,   0.0349246
  8.8176E-05,   0.0351759
   8.818E-05,   0.0349246
  8.8184E-05,   0.0349246
  8.8188E-05,   0.0349246
  8.8192E-05,   0.0354271
  8.8196E-05,   0.0354271
    8.82E-05,   0.0351759
  8.8204E-05,   0.0354271
  8.8208E-05,   0.0356784
  8.8212E-05,   0.0354271
  8.8216E-05,   0.0356784
   8.822E-05,   0.0354271
  8.8224E-05,   0.0356784
  8.8228E-05,   0.0359296
  8.8232E-05,   0.0359296
  8.8236E-05,   0.0361809
   8.824E-05,   0.0361809
  8.8244E-05,   0.0361809
  8.8248E-05,   0.0361809
  8.8252E-05,   0.0361809
  8.8256E-05,   0.0364322
   8.826E-05,   0.0364322
  8.8264E-05,   0.0361809
  8.8268E-05,   0.0364322
  8.8272E-05,   0.0366834
  8.8276E-05,   0.0364322
   8.828E-05,   0.0364322
  8.8284E-05,   0.0366834
  8.8288E-05,   0.0369347
  8.8292E-05,   0.0366834
  8.8296E-05,   0.0366834
    8.83E-05,   0.0369347
  8.8304E-05,   0.0371859
  8.8308E-05,   0.0371859
  8.8312E-05,   0.0369347
  8.8316E-05,   0.0371859
   8.832E-05,   0.0374372
  8.8324E-05,   0.0371859
  8.8328E-05,   0.0374372
  8.8332E-05,   0.0376884
  8.8336E-05,   0.0376884
   8.834E-05,   0.0374372
  8.8344E-05,   0.0374372
  8.8348E-05,   0.0376884
  8.8352E-05,   0.0376884
  8.8356E-05,   0.0374372
   8.836E-05,   0.0376884
  8.8364E-05,   0.0379397
  8.8368E-05,   0.0376884
  8.8372E-05,   0.0374372
  8.8376E-05,   0.0376884
   8.838E-05,   0.0379397
  8.8384E-05,   0.0376884
  8.8388E-05,   0.0374372
  8.8392E-05,   0.0376884
  8.8396E-05,    0.038191
    8.84E-05,   0.0379397
  8.8404E-05,   0.0379397
  8.8408E-05,    0.038191
  8.8412E-05,   0.0384422
  8.8416E-05,    0.038191
   8.842E-05,   0.0379397
  8.8424E-05,    0.038191
  8.8428E-05,   0.0384422
  8.8432E-05,    0.038191
  8.8436E-05,    0.038191
   8.844E-05,   0.0384422
  8.8444E-05,   0.0384422
  8.8448E-05,    0.038191
  8.8452E-05,    0.038191
  8.8456E-05,   0.0384422
   8.846E-05,   0.0386935
  8.8464E-05,    0.038191
  8.8468E-05,   0.0384422
  8.8472E-05,   0.0386935
  8.8476E-05,   0.0384422
   8.848E-05,    0.038191
  8.8484E-05,   0.0384422
  8.8488E-05,   0.0386935
  8.8492E-05,   0.0386935
  8.8496E-05,   0.0384422
    8.85E-05,   0.0384422
  8.8504E-05,   0.0386935
  8.8508E-05,   0.0384422
  8.8512E-05,   0.0384422
  8.8516E-05,   0.0384422
   8.852E-05,   0.0386935
  8.8524E-05,   0.0384422
  8.8528E-05,   0.0384422
  8.8532E-05,   0.0386935
  8.8536E-05,   0.0386935
   8.854E-05,   0.0386935
  8.8544E-05,   0.0384422
  8.8548E-05,   0.0384422
  8.8552E-05,   0.0386935
  8.8556E-05,   0.0386935
   8.856E-05,   0.0384422
  8.8564E-05,   0.0386935
  8.8568E-05,   0.0386935
  8.8572E-05,   0.0386935
  8.8576E-05,   0.0384422
   8.858E-05,   0.0384422
  8.8584E-05,   0.0386935
  8.8588E-05,   0.0384422
  8.8592E-05,   0.0384422
  8.8596E-05,   0.0386935
    8.86E-05,   0.0386935
  8.8604E-05,   0.0384422
  8.8608E-05,    0.038191
  8.8612E-05,   0.0384422
  8.8616E-05,   0.0384422
   8.862E-05,   0.0384422
  8.8624E-05,    0.038191
  8.8628E-05,   0.0384422
  8.8632E-05,   0.0384422
  8.8636E-05,   0.0379397
   8.864E-05,    0.038191
  8.8644E-05,    0.038191
  8.8648E-05,   0.0384422
  8.8652E-05,   0.0379397
  8.8656E-05,   0.0379397
   8.866E-05,   0.0384422
  8.8664E-05,    0.038191
  8.8668E-05,   0.0376884
  8.8672E-05,   0.0376884
  8.8676E-05,   0.0379397
   8.868E-05,   0.0379397
  8.8684E-05,   0.0376884
  8.8688E-05,   0.0379397
  8.8692E-05,    0.038191
  8.8696E-05,   0.0379397
    8.87E-05,   0.0374372
  8.8704E-05,   0.0376884
  8.8708E-05,   0.0379397
  8.8712E-05,   0.0376884
  8.8716E-05,   0.0371859
   8.872E-05,   0.0376884
  8.8724E-05,   0.0379397
  8.8728E-05,   0.0374372
  8.8732E-05,   0.0371859
  8.8736E-05,   0.0374372
   8.874E-05,   0.0376884
  8.8744E-05,   0.0371859
  8.8748E-05,   0.0369347
  8.8752E-05,   0.0374372
  8.8756E-05,   0.0371859
   8.876E-05,   0.0369347
  8.8764E-05,   0.0369347
  8.8768E-05,   0.0371859
  8.8772E-05,   0.0371859
  8.8776E-05,   0.0366834
   8.878E-05,   0.0366834
  8.8784E-05,   0.0369347
  8.8788E-05,   0.0366834
  8.8792E-05,   0.0364322
  8.8796E-05,   0.0364322
    8.88E-05,   0.0366834
  8.8804E-05,   0.0366834
  8.8808E-05,   0.0364322
  8.8812E-05,   0.0364322
  8.8816E-05,   0.0364322
   8.882E-05,   0.0364322
  8.8824E-05,   0.0361809
  8.8828E-05,   0.0364322
  8.8832E-05,   0.0364322
  8.8836E-05,   0.0361809
   8.884E-05,   0.0361809
  8.8844E-05,   0.0359296
  8.8848E-05,   0.0361809
  8.8852E-05,   0.0361809
  8.8856E-05,   0.0359296
   8.886E-05,   0.0356784
  8.8864E-05,   0.0356784
  8.8868E-05,   0.0359296
  8.8872E-05,   0.0356784
  8.8876E-05,   0.0354271
   8.888E-05,   0.0356784
  8.8884E-05,   0.0356784
  8.8888E-05,   0.0354271
  8.8892E-05,   0.0351759
  8.8896E-05,   0.0354271
    8.89E-05,   0.0354271
  8.8904E-05,   0.0349246
  8.8908E-05,   0.0351759
  8.8912E-05,   0.0351759
  8.8916E-05,   0.0349246
   8.892E-05,   0.0346734
  8.8924E-05,   0.0349246
  8.8928E-05,   0.0351759
  8.8932E-05,   0.0349246
  8.8936E-05,   0.0344221
   8.894E-05,   0.0346734
  8.8944E-05,   0.0349246
  8.8948E-05,   0.0344221
  8.8952E-05,   0.0341709
  8.8956E-05,   0.0346734
   8.896E-05,   0.0346734
  8.8964E-05,   0.0341709
  8.8968E-05,   0.0341709
  8.8972E-05,   0.0346734
  8.8976E-05,   0.0344221
   8.898E-05,   0.0339196
  8.8984E-05,   0.0341709
  8.8988E-05,   0.0344221
  8.8992E-05,   0.0341709
  8.8996E-05,   0.0336683
     8.9E-05,   0.0339196
  8.9004E-05,   0.0341709
  8.9008E-05,   0.0339196
  8.9012E-05,   0.0334171
  8.9016E-05,   0.0339196
   8.902E-05,   0.0339196
  8.9024E-05,   0.0334171
  8.9028E-05,   0.0334171
  8.9032E-05,   0.0334171
  8.9036E-05,   0.0336683
   8.904E-05,   0.0331658
  8.9044E-05,   0.0331658
  8.9048E-05,   0.0334171
  8.9052E-05,   0.0334171
  8.9056E-05,   0.0331658
   8.906E-05,   0.0329146
  8.9064E-05,   0.0329146
  8.9068E-05,   0.0331658
  8.9072E-05,   0.0329146
  8.9076E-05,   0.0329146
   8.908E-05,   0.0329146
  8.9084E-05,   0.0329146
  8.9088E-05,   0.0326633
  8.9092E-05,   0.0326633
  8.9096E-05,   0.0329146
    8.91E-05,   0.0326633
  8.9104E-05,   0.0326633
  8.9108E-05,   0.0326633
  8.9112E-05,   0.0326633
  8.9116E-05,   0.0326633
   8.912E-05,   0.0324121
  8.9124E-05,   0.0324121
  8.9128E-05,   0.0324121
  8.9132E-05,   0.0324121
  8.9136E-05,   0.0321608
   8.914E-05,   0.0321608
  8.9144E-05,   0.0324121
  8.9148E-05,   0.0319095
  8.9152E-05,   0.0319095
  8.9156E-05,   0.0319095
   8.916E-05,   0.0319095
  8.9164E-05,   0.0319095
  8.9168E-05,   0.0316583
  8.9172E-05,   0.0316583
  8.9176E-05,   0.0316583
   8.918E-05,   0.0316583
  8.9184E-05,    0.031407
  8.9188E-05,    0.031407
  8.9192E-05,    0.031407
  8.9196E-05,    0.031407
    8.92E-05,   0.0311558
  8.9204E-05,   0.0311558
  8.9208E-05,    0.031407
  8.9212E-05,   0.0311558
  8.9216E-05,   0.0311558
   8.922E-05,   0.0309045
  8.9224E-05,   0.0311558
  8.9228E-05,   0.0311558
  8.9232E-05,   0.0309045
  8.9236E-05,   0.0309045
   8.924E-05,   0.0311558
  8.9244E-05,   0.0309045
  8.9248E-05,   0.0306533
  8.9252E-05,   0.0309045
  8.9256E-05,   0.0309045
   8.926E-05,   0.0306533
  8.9264E-05,    0.030402
  8.9268E-05,   0.0306533
  8.9272E-05,   0.0309045
  8.9276E-05,    0.030402
   8.928E-05,    0.030402
  8.9284E-05,   0.0306533
  8.9288E-05,    0.030402
  8.9292E-05,   0.0301508
  8.9296E-05,   0.0301508
    8.93E-05,    0.030402
  8.9304E-05,   0.0301508
  8.9308E-05,   0.0298995
  8.9312E-05,   0.0301508
  8.9316E-05,    0.030402
   8.932E-05,   0.0298995
  8.9324E-05,   0.0298995
  8.9328E-05,   0.0296482
  8.9332E-05,   0.0298995
  8.9336E-05,   0.0298995
   8.934E-05,   0.0296482
  8.9344E-05,   0.0298995
  8.9348E-05,   0.0296482
  8.9352E-05,    0.029397
  8.9356E-05,    0.029397
   8.936E-05,   0.0296482
  8.9364E-05,   0.0296482
  8.9368E-05,   0.0296482
  8.9372E-05,    0.029397
  8.9376E-05,   0.0296482
   8.938E-05,    0.029397
  8.9384E-05,   0.0291457
  8.9388E-05,    0.029397
  8.9392E-05,    0.029397
  8.9396E-05,    0.029397
    8.94E-05,   0.0291457
  8.9404E-05,   0.0291457
  8.9408E-05,   0.0291457
  8.9412E-05,   0.0291457
  8.9416E-05,   0.0288945
   8.942E-05,   0.0288945
  8.9424E-05,   0.0288945
  8.9428E-05,   0.0291457
  8.9432E-05,   0.0288945
  8.9436E-05,   0.0288945
   8.944E-05,   0.0288945
  8.9444E-05,   0.0286432
  8.9448E-05,   0.0286432
  8.9452E-05,   0.0286432
  8.9456E-05,   0.0286432
   8.946E-05,   0.0286432
  8.9464E-05,    0.028392
  8.9468E-05,    0.028392
  8.9472E-05,    0.028392
  8.9476E-05,   0.0281407
   8.948E-05,   0.0281407
  8.9484E-05,   0.0281407
  8.9488E-05,   0.0281407
  8.9492E-05,   0.0278894
  8.9496E-05,   0.0278894
    8.95E-05,   0.0278894
  8.9504E-05,   0.0281407
  8.9508E-05,   0.0281407
  8.9512E-05,   0.0276382
  8.9516E-05,   0.0276382
   8.952E-05,   0.0276382
  8.9524E-05,   0.0278894
  8.9528E-05,   0.0273869
  8.9532E-05,   0.0273869
  8.9536E-05,   0.0276382
   8.954E-05,   0.0273869
  8.9544E-05,   0.0271357
  8.9548E-05,   0.0273869
  8.9552E-05,   0.0273869
  8.9556E-05,   0.0273869
   8.956E-05,   0.0268844
  8.9564E-05,   0.0273869
  8.9568E-05,   0.0273869
  8.9572E-05,   0.0268844
  8.9576E-05,   0.0268844
   8.958E-05,   0.0271357
  8.9584E-05,   0.0271357
  8.9588E-05,   0.0266332
  8.9592E-05,   0.0266332
  8.9596E-05,   0.0268844
    8.96E-05,   0.0268844
  8.9604E-05,   0.0263819
  8.9608E-05,   0.0266332
  8.9612E-05,   0.0266332
  8.9616E-05,   0.0263819
   8.962E-05,   0.0261307
  8.9624E-05,   0.0263819
  8.9628E-05,   0.0266332
  8.9632E-05,   0.0261307
  8.9636E-05,   0.0261307
   8.964E-05,   0.0263819
  8.9644E-05,   0.0261307
  8.9648E-05,   0.0258794
  8.9652E-05,   0.0258794
  8.9656E-05,   0.0258794
   8.966E-05,   0.0258794
  8.9664E-05,   0.0256281
  8.9668E-05,   0.0256281
  8.9672E-05,   0.0258794
  8.9676E-05,   0.0256281
   8.968E-05,   0.0253769
  8.9684E-05,   0.0253769
  8.9688E-05,   0.0251256
  8.9692E-05,   0.0253769
  8.9696E-05,   0.0251256
    8.97E-05,   0.0251256
  8.9704E-05,   0.0251256
  8.9708E-05,   0.0248744
  8.9712E-05,   0.0251256
  8.9716E-05,   0.0246231
   8.972E-05,   0.0246231
  8.9724E-05,   0.0248744
  8.9728E-05,   0.0248744
  8.9732E-05,   0.0243719
  8.9736E-05,   0.0246231
   8.974E-05,   0.0246231
  8.9744E-05,   0.0243719
  8.9748E-05,   0.0241206
  8.9752E-05,   0.0243719
  8.9756E-05,   0.0243719
   8.976E-05,   0.0238693
  8.9764E-05,   0.0238693
  8.9768E-05,   0.0241206
  8.9772E-05,   0.0241206
  8.9776E-05,   0.0236181
   8.978E-05,   0.0236181
  8.9784E-05,   0.0236181
  8.9788E-05,   0.0236181
  8.9792E-05,   0.0233668
  8.9796E-05,   0.0233668
    8.98E-05,   0.0236181
  8.9804E-05,   0.0233668
  8.9808E-05,   0.0233668
  8.9812E-05,   0.0231156
  8.9816E-05,   0.0231156
   8.982E-05,   0.0231156
  8.9824E-05,   0.0226131
  8.9828E-05,   0.0228643
  8.9832E-05,   0.0228643
  8.9836E-05,   0.0228643
   8.984E-05,   0.0226131
  8.9844E-05,   0.0226131
  8.9848E-05,   0.0226131
  8.9852E-05,   0.0223618
  8.9856E-05,   0.0218593
   8.986E-05,   0.0221106
  8.9864E-05,   0.0223618
  8.9868E-05,   0.0221106
  8.9872E-05,   0.0218593
  8.9876E-05,   0.0218593
   8.988E-05,   0.0221106
  8.9884E-05,   0.0218593
  8.9888E-05,   0.0213568
  8.9892E-05,    0.021608
  8.9896E-05,    0.021608
    8.99E-05,   0.0213568
  8.9904E-05,   0.0213568
  8.9908E-05,    0.021608
  8.9912E-05,    0.021608
  8.9916E-05,   0.0211055
   8.992E-05,   0.0208543
  8.9924E-05,   0.0211055
  8.9928E-05,   0.0211055
  8.9932E-05,    0.020603
  8.9936E-05,    0.020603
   8.994E-05,   0.0211055
  8.9944E-05,   0.0208543
  8.9948E-05,   0.0203518
  8.9952E-05,   0.0203518
  8.9956E-05,    0.020603
   8.996E-05,   0.0203518
  8.9964E-05,   0.0198492
  8.9968E-05,   0.0201005
  8.9972E-05,   0.0203518
  8.9976E-05,   0.0201005
   8.998E-05,    0.019598
  8.9984E-05,   0.0198492
  8.9988E-05,   0.0201005
  8.9992E-05,    0.019598
  8.9996E-05,   0.0193467
       9E-05,    0.019598
  9.0004E-05,    0.019598
  9.0008E-05,   0.0193467
  9.0012E-05,   0.0190955
  9.0016E-05,   0.0193467
   9.002E-05,   0.0193467
  9.0024E-05,   0.0188442
  9.0028E-05,   0.0188442
  9.0032E-05,   0.0190955
  9.0036E-05,   0.0190955
   9.004E-05,   0.0188442
  9.0044E-05,   0.0188442
  9.0048E-05,   0.0188442
  9.0052E-05,    0.018593
  9.0056E-05,    0.018593
   9.006E-05,   0.0183417
  9.0064E-05,   0.0183417
  9.0068E-05,   0.0183417
  9.0072E-05,   0.0183417
  9.0076E-05,   0.0183417
   9.008E-05,   0.0180905
  9.0084E-05,   0.0180905
  9.0088E-05,   0.0178392
  9.0092E-05,   0.0178392
  9.0096E-05,   0.0178392
    9.01E-05,   0.0178392
  9.0104E-05,   0.0175879
  9.0108E-05,   0.0175879
  9.0112E-05,   0.0175879
  9.0116E-05,   0.0175879
   9.012E-05,   0.0170854
  9.0124E-05,   0.0173367
  9.0128E-05,   0.0173367
  9.0132E-05,   0.0170854
  9.0136E-05,   0.0170854
   9.014E-05,   0.0170854
  9.0144E-05,   0.0170854
  9.0148E-05,   0.0170854
  9.0152E-05,   0.0165829
  9.0156E-05,   0.0165829
   9.016E-05,   0.0168342
  9.0164E-05,   0.0168342
  9.0168E-05,   0.0165829
  9.0172E-05,   0.0165829
  9.0176E-05,   0.0165829
   9.018E-05,   0.0165829
  9.0184E-05,   0.0163317
  9.0188E-05,   0.0163317
  9.0192E-05,   0.0163317
  9.0196E-05,   0.0163317
    9.02E-05,   0.0163317
  9.0204E-05,   0.0163317
  9.0208E-05,   0.0163317
  9.0212E-05,   0.0160804
  9.0216E-05,   0.0158291
   9.022E-05,   0.0160804
  9.0224E-05,   0.0163317
  9.0228E-05,   0.0158291
  9.0232E-05,   0.0158291
  9.0236E-05,   0.0158291
   9.024E-05,   0.0158291
  9.0244E-05,   0.0155779
  9.0248E-05,   0.0155779
  9.0252E-05,   0.0158291
  9.0256E-05,   0.0155779
   9.026E-05,   0.0153266
  9.0264E-05,   0.0155779
  9.0268E-05,   0.0155779
  9.0272E-05,   0.0155779
  9.0276E-05,   0.0155779
   9.028E-05,   0.0153266
  9.0284E-05,   0.0155779
  9.0288E-05,   0.0153266
  9.0292E-05,   0.0153266
  9.0296E-05,   0.0155779
    9.03E-05,   0.0155779
  9.0304E-05,   0.0153266
  9.0308E-05,   0.0153266
  9.0312E-05,   0.0155779
  9.0316E-05,   0.0155779
   9.032E-05,   0.0153266
  9.0324E-05,   0.0153266
  9.0328E-05,   0.0155779
  9.0332E-05,   0.0153266
  9.0336E-05,   0.0153266
   9.034E-05,   0.0153266
  9.0344E-05,   0.0153266
  9.0348E-05,   0.0153266
  9.0352E-05,   0.0153266
  9.0356E-05,   0.0153266
   9.036E-05,   0.0150754
  9.0364E-05,   0.0150754
  9.0368E-05,   0.0153266
  9.0372E-05,   0.0150754
  9.0376E-05,   0.0150754
   9.038E-05,   0.0153266
  9.0384E-05,   0.0150754
  9.0388E-05,   0.0150754
  9.0392E-05,   0.0150754
  9.0396E-05,   0.0153266
    9.04E-05,   0.0153266
  9.0404E-05,   0.0150754
  9.0408E-05,   0.0155779
  9.0412E-05,   0.0155779
  9.0416E-05,   0.0150754
   9.042E-05,   0.0153266
  9.0424E-05,   0.0155779
  9.0428E-05,   0.0155779
  9.0432E-05,   0.0153266
  9.0436E-05,   0.0153266
   9.044E-05,   0.0155779
  9.0444E-05,   0.0158291
  9.0448E-05,   0.0155779
  9.0452E-05,   0.0155779
  9.0456E-05,   0.0158291
   9.046E-05,   0.0155779
  9.0464E-05,   0.0158291
  9.0468E-05,   0.0158291
  9.0472E-05,   0.0160804
  9.0476E-05,   0.0160804
   9.048E-05,   0.0158291
  9.0484E-05,   0.0160804
  9.0488E-05,   0.0163317
  9.0492E-05,   0.0163317
  9.0496E-05,   0.0160804
    9.05E-05,   0.0163317
  9.0504E-05,   0.0165829
  9.0508E-05,   0.0165829
  9.0512E-05,   0.0163317
  9.0516E-05,   0.0165829
   9.052E-05,   0.0168342
  9.0524E-05,   0.0168342
  9.0528E-05,   0.0168342
  9.0532E-05,   0.0170854
  9.0536E-05,   0.0173367
   9.054E-05,   0.0173367
  9.0544E-05,   0.0170854
  9.0548E-05,   0.0173367
  9.0552E-05,   0.0175879
  9.0556E-05,   0.0173367
   9.056E-05,   0.0173367
  9.0564E-05,   0.0178392
  9.0568E-05,   0.0180905
  9.0572E-05,   0.0178392
  9.0576E-05,   0.0175879
   9.058E-05,   0.0180905
  9.0584E-05,   0.0183417
  9.0588E-05,   0.0180905
  9.0592E-05,   0.0183417
  9.0596E-05,    0.018593
    9.06E-05,    0.018593
  9.0604E-05,    0.018593
  9.0608E-05,   0.0188442
  9.0612E-05,   0.0190955
  9.0616E-05,   0.0188442
   9.062E-05,   0.0188442
  9.0624E-05,   0.0190955
  9.0628E-05,    0.019598
  9.0632E-05,    0.019598
  9.0636E-05,   0.0193467
   9.064E-05,   0.0198492
  9.0644E-05,   0.0198492
  9.0648E-05,   0.0198492
  9.0652E-05,   0.0201005
  9.0656E-05,   0.0203518
   9.066E-05,   0.0203518
  9.0664E-05,    0.020603
  9.0668E-05,   0.0208543
  9.0672E-05,   0.0211055
  9.0676E-05,   0.0211055
   9.068E-05,   0.0213568
  9.0684E-05,   0.0213568
  9.0688E-05,    0.021608
  9.0692E-05,   0.0218593
  9.0696E-05,   0.0221106
    9.07E-05,   0.0221106
  9.0704E-05,   0.0223618
  9.0708E-05,   0.0226131
  9.0712E-05,   0.0226131
  9.0716E-05,   0.0226131
   9.072E-05,   0.0228643
  9.0724E-05,   0.0231156
  9.0728E-05,   0.0233668
  9.0732E-05,   0.0233668
  9.0736E-05,   0.0236181
   9.074E-05,   0.0238693
  9.0744E-05,   0.0238693
  9.0748E-05,   0.0238693
  9.0752E-05,   0.0243719
  9.0756E-05,   0.0243719
   9.076E-05,   0.0243719
  9.0764E-05,   0.0246231
  9.0768E-05,   0.0251256
  9.0772E-05,   0.0253769
  9.0776E-05,   0.0253769
   9.078E-05,   0.0256281
  9.0784E-05,   0.0261307
  9.0788E-05,   0.0261307
  9.0792E-05,   0.0258794
  9.0796E-05,   0.0263819
    9.08E-05,   0.0268844
  9.0804E-05,   0.0268844
  9.0808E-05,   0.0268844
  9.0812E-05,   0.0273869
  9.0816E-05,   0.0276382
   9.082E-05,   0.0276382
  9.0824E-05,   0.0278894
  9.0828E-05,   0.0281407
  9.0832E-05,   0.0286432
  9.0836E-05,   0.0286432
   9.084E-05,   0.0288945
  9.0844E-05,   0.0291457
  9.0848E-05,    0.029397
  9.0852E-05,    0.029397
  9.0856E-05,   0.0296482
   9.086E-05,   0.0301508
  9.0864E-05,    0.030402
  9.0868E-05,    0.030402
  9.0872E-05,   0.0306533
  9.0876E-05,   0.0311558
   9.088E-05,    0.031407
  9.0884E-05,    0.031407
  9.0888E-05,   0.0316583
  9.0892E-05,   0.0321608
  9.0896E-05,   0.0324121
    9.09E-05,   0.0324121
  9.0904E-05,   0.0326633
  9.0908E-05,   0.0331658
  9.0912E-05,   0.0334171
  9.0916E-05,   0.0334171
   9.092E-05,   0.0339196
  9.0924E-05,   0.0341709
  9.0928E-05,   0.0344221
  9.0932E-05,   0.0346734
  9.0936E-05,   0.0349246
   9.094E-05,   0.0354271
  9.0944E-05,   0.0356784
  9.0948E-05,   0.0359296
  9.0952E-05,   0.0359296
  9.0956E-05,   0.0361809
   9.096E-05,   0.0366834
  9.0964E-05,   0.0369347
  9.0968E-05,   0.0371859
  9.0972E-05,   0.0374372
  9.0976E-05,   0.0376884
   9.098E-05,   0.0379397
  9.0984E-05,    0.038191
  9.0988E-05,   0.0384422
  9.0992E-05,   0.0389447
  9.0996E-05,    0.039196
     9.1E-05,   0.0394472
  9.1004E-05,   0.0396985
  9.1008E-05,    0.040201
  9.1012E-05,    0.040201
  9.1016E-05,    0.040201
   9.102E-05,   0.0407035
  9.1024E-05,    0.041206
  9.1028E-05,    0.041206
  9.1032E-05,   0.0414573
  9.1036E-05,   0.0422111
   9.104E-05,   0.0424623
  9.1044E-05,   0.0424623
  9.1048E-05,   0.0427136
  9.1052E-05,   0.0432161
  9.1056E-05,   0.0434673
   9.106E-05,   0.0434673
  9.1064E-05,   0.0439698
  9.1068E-05,   0.0447236
  9.1072E-05,   0.0447236
  9.1076E-05,   0.0449749
   9.108E-05,   0.0454774
  9.1084E-05,   0.0457286
  9.1088E-05,   0.0457286
  9.1092E-05,   0.0459799
  9.1096E-05,   0.0469849
    9.11E-05,   0.0472362
  9.1104E-05,   0.0469849
  9.1108E-05,   0.0474874
  9.1112E-05,   0.0479899
  9.1116E-05,   0.0482412
   9.112E-05,   0.0482412
  9.1124E-05,   0.0487437
  9.1128E-05,   0.0492462
  9.1132E-05,   0.0494975
  9.1136E-05,   0.0494975
   9.114E-05,        0.05
  9.1144E-05,   0.0505025
  9.1148E-05,   0.0505025
  9.1152E-05,   0.0507538
  9.1156E-05,    0.051005
   9.116E-05,   0.0517588
  9.1164E-05,     0.05201
  9.1168E-05,     0.05201
  9.1172E-05,   0.0525126
  9.1176E-05,   0.0527638
   9.118E-05,   0.0530151
  9.1184E-05,   0.0535176
  9.1188E-05,   0.0537688
  9.1192E-05,   0.0542714
  9.1196E-05,   0.0545226
    9.12E-05,   0.0545226
  9.1204E-05,   0.0550251
  9.1208E-05,   0.0555276
  9.1212E-05,   0.0557789
  9.1216E-05,   0.0557789
   9.122E-05,   0.0562814
  9.1224E-05,   0.0567839
  9.1228E-05,   0.0567839
  9.1232E-05,   0.0572864
  9.1236E-05,   0.0577889
   9.124E-05,   0.0580402
  9.1244E-05,   0.0580402
  9.1248E-05,   0.0585427
  9.1252E-05,   0.0590452
  9.1256E-05,   0.0592965
   9.126E-05,   0.0595477
  9.1264E-05,    0.059799
  9.1268E-05,   0.0603015
  9.1272E-05,   0.0605528
  9.1276E-05,   0.0610553
   9.128E-05,   0.0610553
  9.1284E-05,   0.0615578
  9.1288E-05,    0.061809
  9.1292E-05,   0.0620603
  9.1296E-05,   0.0623116
    9.13E-05,   0.0628141
  9.1304E-05,   0.0633166
  9.1308E-05,   0.0633166
  9.1312E-05,   0.0635678
  9.1316E-05,   0.0640704
   9.132E-05,   0.0645729
  9.1324E-05,   0.0645729
  9.1328E-05,   0.0648241
  9.1332E-05,   0.0653266
  9.1336E-05,   0.0655779
   9.134E-05,   0.0655779
  9.1344E-05,   0.0658291
  9.1348E-05,   0.0663317
  9.1352E-05,   0.0668342
  9.1356E-05,   0.0668342
   9.136E-05,   0.0673367
  9.1364E-05,   0.0675879
  9.1368E-05,   0.0678392
  9.1372E-05,   0.0680905
  9.1376E-05,    0.068593
   9.138E-05,   0.0690955
  9.1384E-05,   0.0688442
  9.1388E-05,   0.0693467
  9.1392E-05,   0.0698492
  9.1396E-05,   0.0701005
    9.14E-05,   0.0701005
  9.1404E-05,    0.070603
  9.1408E-05,   0.0711055
  9.1412E-05,   0.0713568
  9.1416E-05,   0.0713568
   9.142E-05,    0.071608
  9.1424E-05,   0.0723618
  9.1428E-05,   0.0726131
  9.1432E-05,   0.0726131
  9.1436E-05,   0.0731156
   9.144E-05,   0.0733668
  9.1444E-05,   0.0736181
  9.1448E-05,   0.0738693
  9.1452E-05,   0.0741206
  9.1456E-05,   0.0748744
   9.146E-05,   0.0748744
  9.1464E-05,   0.0748744
  9.1468E-05,   0.0753769
  9.1472E-05,   0.0758794
  9.1476E-05,   0.0758794
   9.148E-05,   0.0758794
  9.1484E-05,   0.0766332
  9.1488E-05,   0.0768844
  9.1492E-05,   0.0768844
  9.1496E-05,   0.0771357
    9.15E-05,   0.0776382
  9.1504E-05,   0.0778894
  9.1508E-05,   0.0781407
  9.1512E-05,    0.078392
  9.1516E-05,   0.0788945
   9.152E-05,   0.0788945
  9.1524E-05,   0.0791457
  9.1528E-05,    0.079397
  9.1532E-05,   0.0798995
  9.1536E-05,   0.0801508
   9.154E-05,    0.080402
  9.1544E-05,   0.0806533
  9.1548E-05,   0.0809045
  9.1552E-05,   0.0811558
  9.1556E-05,    0.081407
   9.156E-05,   0.0816583
  9.1564E-05,   0.0819095
  9.1568E-05,   0.0824121
  9.1572E-05,   0.0824121
  9.1576E-05,   0.0826633
   9.158E-05,   0.0829146
  9.1584E-05,   0.0831658
  9.1588E-05,   0.0831658
  9.1592E-05,   0.0834171
  9.1596E-05,   0.0839196
    9.16E-05,   0.0844221
  9.1604E-05,   0.0844221
  9.1608E-05,   0.0846734
  9.1612E-05,   0.0849246
  9.1616E-05,   0.0851759
   9.162E-05,   0.0851759
  9.1624E-05,   0.0854271
  9.1628E-05,   0.0859296
  9.1632E-05,   0.0861809
  9.1636E-05,   0.0861809
   9.164E-05,   0.0864322
  9.1644E-05,   0.0871859
  9.1648E-05,   0.0871859
  9.1652E-05,   0.0869347
  9.1656E-05,   0.0874372
   9.166E-05,   0.0879397
  9.1664E-05,    0.088191
  9.1668E-05,    0.088191
  9.1672E-05,   0.0884422
  9.1676E-05,   0.0889447
   9.168E-05,   0.0889447
  9.1684E-05,   0.0886935
  9.1688E-05,   0.0894472
  9.1692E-05,   0.0899497
  9.1696E-05,   0.0896985
    9.17E-05,   0.0896985
  9.1704E-05,   0.0904523
  9.1708E-05,   0.0907035
  9.1712E-05,   0.0904523
  9.1716E-05,   0.0907035
   9.172E-05,    0.091206
  9.1724E-05,   0.0914573
  9.1728E-05,    0.091206
  9.1732E-05,   0.0914573
  9.1736E-05,   0.0919598
   9.174E-05,   0.0922111
  9.1744E-05,   0.0919598
  9.1748E-05,   0.0922111
  9.1752E-05,   0.0927136
  9.1756E-05,   0.0927136
   9.176E-05,   0.0927136
  9.1764E-05,   0.0932161
  9.1768E-05,   0.0937186
  9.1772E-05,   0.0934673
  9.1776E-05,   0.0937186
   9.178E-05,   0.0939699
  9.1784E-05,   0.0942211
  9.1788E-05,   0.0942211
  9.1792E-05,   0.0944724
  9.1796E-05,   0.0949749
    9.18E-05,   0.0949749
  9.1804E-05,   0.0952261
  9.1808E-05,   0.0952261
  9.1812E-05,   0.0954774
  9.1816E-05,   0.0957286
   9.182E-05,   0.0957286
  9.1824E-05,   0.0959799
  9.1828E-05,   0.0962312
  9.1832E-05,   0.0967337
  9.1836E-05,   0.0967337
   9.184E-05,   0.0964824
  9.1844E-05,   0.0967337
  9.1848E-05,   0.0972362
  9.1852E-05,   0.0972362
  9.1856E-05,   0.0972362
   9.186E-05,   0.0977387
  9.1864E-05,   0.0979899
  9.1868E-05,   0.0979899
  9.1872E-05,   0.0979899
  9.1876E-05,   0.0982412
   9.188E-05,   0.0984925
  9.1884E-05,   0.0982412
  9.1888E-05,   0.0984925
  9.1892E-05,   0.0987437
  9.1896E-05,    0.098995
    9.19E-05,    0.098995
  9.1904E-05,   0.0992462
  9.1908E-05,   0.0997487
  9.1912E-05,   0.0994975
  9.1916E-05,   0.0994975
   9.192E-05,   0.0997487
  9.1924E-05,         0.1
  9.1928E-05,    0.100251
  9.1932E-05,    0.100251
  9.1936E-05,    0.100503
   9.194E-05,    0.100754
  9.1944E-05,    0.100754
  9.1948E-05,    0.100754
  9.1952E-05,    0.101005
  9.1956E-05,    0.101256
   9.196E-05,    0.101256
  9.1964E-05,    0.101256
  9.1968E-05,    0.101508
  9.1972E-05,    0.101759
  9.1976E-05,    0.101759
   9.198E-05,    0.101759
  9.1984E-05,    0.101759
  9.1988E-05,    0.102261
  9.1992E-05,    0.102261
  9.1996E-05,    0.102261
     9.2E-05,    0.102513
  9.2004E-05,    0.102513
  9.2008E-05,    0.102513
  9.2012E-05,    0.102513
  9.2016E-05,    0.103015
   9.202E-05,    0.103015
  9.2024E-05,    0.103015
  9.2028E-05,    0.103015
  9.2032E-05,    0.103518
  9.2036E-05,    0.103769
   9.204E-05,    0.103518
  9.2044E-05,    0.103518
  9.2048E-05,    0.103769
  9.2052E-05,     0.10402
  9.2056E-05,    0.103769
   9.206E-05,     0.10402
  9.2064E-05,    0.104271
  9.2068E-05,    0.104271
  9.2072E-05,    0.104271
  9.2076E-05,    0.104774
   9.208E-05,    0.104774
  9.2084E-05,    0.104523
  9.2088E-05,    0.104523
  9.2092E-05,    0.104774
  9.2096E-05,    0.105025
    9.21E-05,    0.105025
  9.2104E-05,    0.105025
  9.2108E-05,    0.105276
  9.2112E-05,    0.105276
  9.2116E-05,    0.105276
   9.212E-05,    0.105276
  9.2124E-05,    0.105779
  9.2128E-05,    0.105779
  9.2132E-05,    0.105779
  9.2136E-05,    0.105779
   9.214E-05,     0.10603
  9.2144E-05,     0.10603
  9.2148E-05,     0.10603
  9.2152E-05,    0.106281
  9.2156E-05,    0.106281
   9.216E-05,    0.106281
  9.2164E-05,    0.106281
  9.2168E-05,    0.106533
  9.2172E-05,    0.106533
  9.2176E-05,    0.106784
   9.218E-05,    0.106784
  9.2184E-05,    0.106784
  9.2188E-05,    0.106784
  9.2192E-05,    0.106784
  9.2196E-05,    0.107035
    9.22E-05,    0.107035
  9.2204E-05,    0.107035
  9.2208E-05,    0.107286
  9.2212E-05,    0.107035
  9.2216E-05,    0.107035
   9.222E-05,    0.107286
  9.2224E-05,    0.107538
  9.2228E-05,    0.107538
  9.2232E-05,    0.107286
  9.2236E-05,    0.107538
   9.224E-05,    0.107789
  9.2244E-05,    0.107538
  9.2248E-05,    0.107538
  9.2252E-05,    0.107789
  9.2256E-05,    0.107789
   9.226E-05,    0.107789
  9.2264E-05,    0.107789
  9.2268E-05,     0.10804
  9.2272E-05,     0.10804
  9.2276E-05,     0.10804
   9.228E-05,     0.10804
  9.2284E-05,    0.108291
  9.2288E-05,    0.108291
  9.2292E-05,     0.10804
  9.2296E-05,    0.108291
    9.23E-05,    0.108543
  9.2304E-05,    0.108291
  9.2308E-05,    0.108291
  9.2312E-05,    0.108543
  9.2316E-05,    0.108794
   9.232E-05,    0.108543
  9.2324E-05,    0.108291
  9.2328E-05,    0.108543
  9.2332E-05,    0.108794
  9.2336E-05,    0.108543
   9.234E-05,    0.108543
  9.2344E-05,    0.108794
  9.2348E-05,    0.109045
  9.2352E-05,    0.108794
  9.2356E-05,    0.108543
   9.236E-05,    0.109045
  9.2364E-05,    0.109045
  9.2368E-05,    0.108794
  9.2372E-05,    0.108794
  9.2376E-05,    0.109296
   9.238E-05,    0.109296
  9.2384E-05,    0.109045
  9.2388E-05,    0.109045
  9.2392E-05,    0.109045
  9.2396E-05,    0.109296
    9.24E-05,    0.109045
  9.2404E-05,    0.109296
  9.2408E-05,    0.109296
  9.2412E-05,    0.109296
  9.2416E-05,    0.109296
   9.242E-05,    0.109296
  9.2424E-05,    0.109296
  9.2428E-05,    0.109296
  9.2432E-05,    0.109296
  9.2436E-05,    0.109296
   9.244E-05,    0.109548
  9.2444E-05,    0.109548
  9.2448E-05,    0.109548
  9.2452E-05,    0.109296
  9.2456E-05,    0.109548
   9.246E-05,    0.109548
  9.2464E-05,    0.109548
  9.2468E-05,    0.109548
  9.2472E-05,    0.109799
  9.2476E-05,    0.109799
   9.248E-05,    0.109548
  9.2484E-05,    0.109548
  9.2488E-05,    0.109799
  9.2492E-05,    0.109548
  9.2496E-05,    0.109548
    9.25E-05,    0.109799
  9.2504E-05,    0.109799
  9.2508E-05,    0.109799
  9.2512E-05,    0.109548
  9.2516E-05,    0.109799
   9.252E-05,     0.11005
  9.2524E-05,    0.109799
  9.2528E-05,    0.109548
  9.2532E-05,    0.109799
  9.2536E-05,     0.11005
   9.254E-05,    0.109799
  9.2544E-05,    0.109799
  9.2548E-05,     0.11005
  9.2552E-05,     0.11005
  9.2556E-05,    0.109799
   9.256E-05,    0.109799
  9.2564E-05,     0.11005
  9.2568E-05,    0.110302
  9.2572E-05,     0.11005
  9.2576E-05,     0.11005
   9.258E-05,    0.110302
  9.2584E-05,    0.110302
  9.2588E-05,     0.11005
  9.2592E-05,     0.11005
  9.2596E-05,    0.110302
    9.26E-05,    0.110302
  9.2604E-05,     0.11005
  9.2608E-05,    0.110553
  9.2612E-05,    0.110553
  9.2616E-05,    0.110302
   9.262E-05,     0.11005
  9.2624E-05,    0.110302
  9.2628E-05,    0.110553
  9.2632E-05,    0.110302
  9.2636E-05,     0.11005
   9.264E-05,    0.110302
  9.2644E-05,    0.110553
  9.2648E-05,    0.110302
  9.2652E-05,     0.11005
  9.2656E-05,    0.110302
   9.266E-05,    0.110553
  9.2664E-05,    0.110302
  9.2668E-05,    0.110302
  9.2672E-05,    0.110553
  9.2676E-05,    0.110804
   9.268E-05,    0.110302
  9.2684E-05,    0.110302
  9.2688E-05,    0.110804
  9.2692E-05,    0.111055
  9.2696E-05,    0.110302
    9.27E-05,    0.110302
  9.2704E-05,    0.110804
  9.2708E-05,    0.110804
  9.2712E-05,    0.110553
  9.2716E-05,    0.110804
   9.272E-05,    0.110804
  9.2724E-05,    0.110804
  9.2728E-05,    0.110804
  9.2732E-05,    0.110804
  9.2736E-05,    0.111307
   9.274E-05,    0.110804
  9.2744E-05,    0.111055
  9.2748E-05,    0.111055
  9.2752E-05,    0.111307
  9.2756E-05,    0.111307
   9.276E-05,    0.110804
  9.2764E-05,    0.111055
  9.2768E-05,    0.111307
  9.2772E-05,    0.111307
  9.2776E-05,    0.111307
   9.278E-05,    0.111055
  9.2784E-05,    0.111307
  9.2788E-05,    0.111307
  9.2792E-05,    0.111307
  9.2796E-05,    0.111307
    9.28E-05,    0.111558
  9.2804E-05,    0.111558
  9.2808E-05,    0.111558
  9.2812E-05,    0.111558
  9.2816E-05,    0.111809
   9.282E-05,    0.111809
  9.2824E-05,    0.111558
  9.2828E-05,    0.111809
  9.2832E-05,    0.111809
  9.2836E-05,    0.111809
   9.284E-05,    0.111809
  9.2844E-05,    0.111809
  9.2848E-05,     0.11206
  9.2852E-05,    0.111809
  9.2856E-05,    0.111809
   9.286E-05,     0.11206
  9.2864E-05,    0.112312
  9.2868E-05,     0.11206
  9.2872E-05,     0.11206
  9.2876E-05,    0.112312
   9.288E-05,    0.112563
  9.2884E-05,    0.112312
  9.2888E-05,     0.11206
  9.2892E-05,    0.112563
  9.2896E-05,    0.112563
    9.29E-05,    0.112312
  9.2904E-05,    0.112312
  9.2908E-05,    0.112814
  9.2912E-05,    0.112814
  9.2916E-05,    0.112563
   9.292E-05,    0.112563
  9.2924E-05,    0.113065
  9.2928E-05,    0.112814
  9.2932E-05,    0.112814
  9.2936E-05,    0.113065
   9.294E-05,    0.113317
  9.2944E-05,    0.113065
  9.2948E-05,    0.112814
  9.2952E-05,    0.113065
  9.2956E-05,    0.113317
   9.296E-05,    0.113317
  9.2964E-05,    0.113065
  9.2968E-05,    0.113317
  9.2972E-05,    0.113568
  9.2976E-05,    0.113317
   9.298E-05,    0.113317
  9.2984E-05,    0.113568
  9.2988E-05,    0.113819
  9.2992E-05,    0.113568
  9.2996E-05,    0.113568
     9.3E-05,     0.11407
  9.3004E-05,     0.11407
  9.3008E-05,     0.11407
  9.3012E-05,    0.113819
  9.3016E-05,    0.114322
   9.302E-05,    0.114322
  9.3024E-05,     0.11407
  9.3028E-05,    0.114322
  9.3032E-05,    0.114322
  9.3036E-05,    0.114573
   9.304E-05,    0.114573
  9.3044E-05,    0.114573
  9.3048E-05,    0.114824
  9.3052E-05,    0.114573
  9.3056E-05,    0.114573
   9.306E-05,    0.114824
  9.3064E-05,    0.115075
  9.3068E-05,    0.115075
  9.3072E-05,    0.115075
  9.3076E-05,    0.115075
   9.308E-05,    0.115075
  9.3084E-05,    0.115327
  9.3088E-05,    0.115327
  9.3092E-05,    0.115327
  9.3096E-05,    0.115327
    9.31E-05,    0.115578
  9.3104E-05,    0.115578
  9.3108E-05,    0.115578
  9.3112E-05,    0.115829
  9.3116E-05,    0.115829
   9.312E-05,    0.115578
  9.3124E-05,    0.115578
  9.3128E-05,     0.11608
  9.3132E-05,     0.11608
  9.3136E-05,    0.115829
   9.314E-05,     0.11608
  9.3144E-05,    0.116332
  9.3148E-05,    0.116332
  9.3152E-05,    0.115829
  9.3156E-05,     0.11608
   9.316E-05,    0.116583
  9.3164E-05,    0.116332
  9.3168E-05,    0.116332
  9.3172E-05,    0.116583
  9.3176E-05,    0.116583
   9.318E-05,    0.116583
  9.3184E-05,    0.116332
  9.3188E-05,    0.116834
  9.3192E-05,    0.116834
  9.3196E-05,    0.116583
    9.32E-05,    0.116834
  9.3204E-05,    0.117085
  9.3208E-05,    0.117337
  9.3212E-05,    0.116834
  9.3216E-05,    0.116834
   9.322E-05,    0.117085
  9.3224E-05,    0.117085
  9.3228E-05,    0.117337
  9.3232E-05,    0.117337
  9.3236E-05,    0.117337
   9.324E-05,    0.117337
  9.3244E-05,    0.117337
  9.3248E-05,    0.117588
  9.3252E-05,    0.117588
  9.3256E-05,    0.117588
   9.326E-05,    0.117588
  9.3264E-05,    0.117588
  9.3268E-05,    0.117839
  9.3272E-05,    0.117839
  9.3276E-05,    0.117839
   9.328E-05,    0.117839
  9.3284E-05,    0.117839
  9.3288E-05,     0.11809
  9.3292E-05,    0.117839
  9.3296E-05,     0.11809
    9.33E-05,     0.11809
  9.3304E-05,     0.11809
  9.3308E-05,     0.11809
  9.3312E-05,    0.118342
  9.3316E-05,    0.118342
   9.332E-05,     0.11809
  9.3324E-05,    0.118342
  9.3328E-05,    0.118342
  9.3332E-05,    0.118593
  9.3336E-05,    0.118342
   9.334E-05,     0.11809
  9.3344E-05,    0.118342
  9.3348E-05,    0.118342
  9.3352E-05,    0.118342
  9.3356E-05,    0.118342
   9.336E-05,    0.118342
  9.3364E-05,    0.118342
  9.3368E-05,    0.118342
  9.3372E-05,    0.118593
  9.3376E-05,    0.118342
   9.338E-05,    0.118342
  9.3384E-05,    0.118342
  9.3388E-05,    0.118342
  9.3392E-05,    0.118342
  9.3396E-05,    0.118342
    9.34E-05,    0.118342
  9.3404E-05,    0.118342
  9.3408E-05,    0.118593
  9.3412E-05,    0.118342
  9.3416E-05,     0.11809
   9.342E-05,     0.11809
  9.3424E-05,    0.118342
  9.3428E-05,    0.118342
  9.3432E-05,     0.11809
  9.3436E-05,     0.11809
   9.344E-05,    0.118342
  9.3444E-05,     0.11809
  9.3448E-05,     0.11809
  9.3452E-05,     0.11809
  9.3456E-05,     0.11809
   9.346E-05,     0.11809
  9.3464E-05,    0.117839
  9.3468E-05,     0.11809
  9.3472E-05,    0.118342
  9.3476E-05,    0.117839
   9.348E-05,    0.117839
  9.3484E-05,    0.117839
  9.3488E-05,    0.117839
  9.3492E-05,    0.117839
  9.3496E-05,    0.117588
    9.35E-05,    0.117839
  9.3504E-05,    0.117588
  9.3508E-05,    0.117337
  9.3512E-05,    0.117337
  9.3516E-05,    0.117588
   9.352E-05,    0.117337
  9.3524E-05,    0.117337
  9.3528E-05,    0.117085
  9.3532E-05,    0.117337
  9.3536E-05,    0.117085
   9.354E-05,    0.116834
  9.3544E-05,    0.116834
  9.3548E-05,    0.116834
  9.3552E-05,    0.116834
  9.3556E-05,    0.116332
   9.356E-05,    0.116583
  9.3564E-05,    0.116583
  9.3568E-05,    0.116332
  9.3572E-05,     0.11608
  9.3576E-05,     0.11608
   9.358E-05,     0.11608
  9.3584E-05,    0.115829
  9.3588E-05,    0.115327
  9.3592E-05,    0.115578
  9.3596E-05,    0.115829
    9.36E-05,    0.115327
  9.3604E-05,    0.115075
  9.3608E-05,    0.115075
  9.3612E-05,    0.115075
  9.3616E-05,    0.114573
   9.362E-05,    0.114573
  9.3624E-05,    0.114824
  9.3628E-05,    0.114573
  9.3632E-05,    0.114322
  9.3636E-05,     0.11407
   9.364E-05,    0.114322
  9.3644E-05,     0.11407
  9.3648E-05,    0.113568
  9.3652E-05,    0.113568
  9.3656E-05,    0.113568
   9.366E-05,    0.113317
  9.3664E-05,    0.113065
  9.3668E-05,    0.113065
  9.3672E-05,    0.112814
  9.3676E-05,    0.112814
   9.368E-05,    0.112312
  9.3684E-05,    0.112312
  9.3688E-05,     0.11206
  9.3692E-05,     0.11206
  9.3696E-05,    0.111809
    9.37E-05,    0.111558
  9.3704E-05,    0.111558
  9.3708E-05,    0.111558
  9.3712E-05,    0.111055
  9.3716E-05,    0.110804
   9.372E-05,    0.110804
  9.3724E-05,    0.110804
  9.3728E-05,    0.110302
  9.3732E-05,     0.11005
  9.3736E-05,     0.11005
   9.374E-05,     0.11005
  9.3744E-05,    0.109548
  9.3748E-05,    0.109296
  9.3752E-05,    0.109296
  9.3756E-05,    0.109045
   9.376E-05,    0.108543
  9.3764E-05,    0.108794
  9.3768E-05,    0.108794
  9.3772E-05,    0.108291
  9.3776E-05,    0.107789
   9.378E-05,    0.107789
  9.3784E-05,     0.10804
  9.3788E-05,    0.107286
  9.3792E-05,    0.106784
  9.3796E-05,    0.107035
    9.38E-05,    0.107035
  9.3804E-05,    0.106533
  9.3808E-05,     0.10603
  9.3812E-05,    0.106281
  9.3816E-05,     0.10603
   9.382E-05,    0.105276
  9.3824E-05,    0.105025
  9.3828E-05,    0.105025
  9.3832E-05,    0.105025
  9.3836E-05,    0.104271
   9.384E-05,    0.104271
  9.3844E-05,    0.104271
  9.3848E-05,    0.103518
  9.3852E-05,    0.103266
  9.3856E-05,    0.103015
   9.386E-05,    0.103015
  9.3864E-05,    0.102764
  9.3868E-05,    0.102261
  9.3872E-05,     0.10201
  9.3876E-05,     0.10201
   9.388E-05,    0.101508
  9.3884E-05,    0.101256
  9.3888E-05,    0.101005
  9.3892E-05,    0.101005
  9.3896E-05,    0.100503
    9.39E-05,    0.100251
  9.3904E-05,         0.1
  9.3908E-05,   0.0997487
  9.3912E-05,   0.0994975
  9.3916E-05,   0.0992462
   9.392E-05,   0.0987437
  9.3924E-05,   0.0987437
  9.3928E-05,   0.0987437
  9.3932E-05,   0.0982412
  9.3936E-05,   0.0977387
   9.394E-05,   0.0974874
  9.3944E-05,   0.0974874
  9.3948E-05,   0.0969849
  9.3952E-05,   0.0967337
  9.3956E-05,   0.0967337
   9.396E-05,   0.0959799
  9.3964E-05,   0.0957286
  9.3968E-05,   0.0954774
  9.3972E-05,   0.0954774
  9.3976E-05,   0.0949749
   9.398E-05,   0.0942211
  9.3984E-05,   0.0942211
  9.3988E-05,   0.0942211
  9.3992E-05,   0.0934673
  9.3996E-05,   0.0932161
