    0.000106,  -0.0574372
 0.000106004,  -0.0569849
 0.000106008,  -0.0574372
 0.000106012,  -0.0578894
 0.000106016,  -0.0578894
  0.00010602,  -0.0578894
 0.000106024,  -0.0578894
 0.000106028,  -0.0583417
 0.000106032,   -0.058794
 0.000106036,  -0.0583417
  0.00010604,  -0.0592462
 0.000106044,  -0.0592462
 0.000106048,   -0.058794
 0.000106052,  -0.0596985
 0.000106056,  -0.0601508
  0.00010606,  -0.0601508
 0.000106064,  -0.0601508
 0.000106068,  -0.0601508
 0.000106072,  -0.0610553
 0.000106076,   -0.060603
  0.00010608,   -0.060603
 0.000106084,  -0.0615075
 0.000106088,  -0.0615075
 0.000106092,  -0.0619598
 0.000106096,  -0.0619598
   0.0001061,  -0.0619598
 0.000106104,  -0.0624121
 0.000106108,  -0.0624121
 0.000106112,  -0.0624121
 0.000106116,  -0.0628643
  0.00010612,  -0.0628643
 0.000106124,  -0.0633166
 0.000106128,  -0.0637688
 0.000106132,  -0.0637688
 0.000106136,  -0.0642211
  0.00010614,  -0.0637688
 0.000106144,  -0.0646734
 0.000106148,  -0.0651256
 0.000106152,  -0.0646734
 0.000106156,  -0.0651256
  0.00010616,  -0.0651256
 0.000106164,  -0.0655779
 0.000106168,  -0.0655779
 0.000106172,  -0.0655779
 0.000106176,  -0.0660302
  0.00010618,  -0.0664824
 0.000106184,  -0.0664824
 0.000106188,  -0.0669347
 0.000106192,  -0.0673869
 0.000106196,  -0.0673869
   0.0001062,  -0.0669347
 0.000106204,  -0.0678392
 0.000106208,  -0.0678392
 0.000106212,  -0.0678392
 0.000106216,  -0.0682915
  0.00010622,  -0.0687437
 0.000106224,  -0.0687437
 0.000106228,  -0.0687437
 0.000106232,  -0.0696482
 0.000106236,   -0.069196
  0.00010624,  -0.0696482
 0.000106244,  -0.0701005
 0.000106248,  -0.0696482
 0.000106252,  -0.0701005
 0.000106256,  -0.0705528
  0.00010626,  -0.0705528
 0.000106264,   -0.071005
 0.000106268,  -0.0705528
 0.000106272,  -0.0714573
 0.000106276,  -0.0719095
  0.00010628,  -0.0714573
 0.000106284,  -0.0723618
 0.000106288,  -0.0723618
 0.000106292,  -0.0723618
 0.000106296,  -0.0728141
   0.0001063,  -0.0728141
 0.000106304,  -0.0732663
 0.000106308,  -0.0732663
 0.000106312,  -0.0737186
 0.000106316,  -0.0741709
  0.00010632,  -0.0741709
 0.000106324,  -0.0746231
 0.000106328,  -0.0746231
 0.000106332,  -0.0746231
 0.000106336,  -0.0750754
  0.00010634,  -0.0755276
 0.000106344,  -0.0755276
 0.000106348,  -0.0755276
 0.000106352,  -0.0755276
 0.000106356,  -0.0764322
  0.00010636,  -0.0764322
 0.000106364,  -0.0764322
 0.000106368,  -0.0764322
 0.000106372,  -0.0768844
 0.000106376,  -0.0773367
  0.00010638,  -0.0773367
 0.000106384,  -0.0773367
 0.000106388,  -0.0782412
 0.000106392,  -0.0777889
 0.000106396,  -0.0777889
   0.0001064,  -0.0791457
 0.000106404,  -0.0786935
 0.000106408,  -0.0786935
 0.000106412,  -0.0791457
 0.000106416,   -0.079598
  0.00010642,   -0.079598
 0.000106424,   -0.079598
 0.000106428,  -0.0800503
 0.000106432,  -0.0805025
 0.000106436,  -0.0800503
  0.00010644,  -0.0805025
 0.000106444,   -0.081407
 0.000106448,  -0.0809548
 0.000106452,  -0.0809548
 0.000106456,  -0.0818593
  0.00010646,  -0.0818593
 0.000106464,  -0.0818593
 0.000106468,  -0.0818593
 0.000106472,  -0.0827638
 0.000106476,  -0.0827638
  0.00010648,  -0.0827638
 0.000106484,  -0.0832161
 0.000106488,  -0.0836683
 0.000106492,  -0.0836683
 0.000106496,  -0.0841206
   0.0001065,  -0.0841206
 0.000106504,  -0.0845729
 0.000106508,  -0.0850251
 0.000106512,  -0.0845729
 0.000106516,  -0.0850251
  0.00010652,  -0.0854774
 0.000106524,  -0.0854774
 0.000106528,  -0.0859296
 0.000106532,  -0.0859296
 0.000106536,  -0.0859296
  0.00010654,  -0.0863819
 0.000106544,  -0.0863819
 0.000106548,  -0.0868342
 0.000106552,  -0.0868342
 0.000106556,  -0.0872864
  0.00010656,  -0.0877387
 0.000106564,  -0.0877387
 0.000106568,  -0.0877387
 0.000106572,   -0.088191
 0.000106576,   -0.088191
  0.00010658,  -0.0886432
 0.000106584,  -0.0886432
 0.000106588,  -0.0890955
 0.000106592,  -0.0895477
 0.000106596,  -0.0890955
   0.0001066,  -0.0895477
 0.000106604,  -0.0904523
 0.000106608,       -0.09
 0.000106612,  -0.0904523
 0.000106616,  -0.0904523
  0.00010662,  -0.0909045
 0.000106624,  -0.0913568
 0.000106628,  -0.0909045
 0.000106632,   -0.091809
 0.000106636,   -0.091809
  0.00010664,  -0.0913568
 0.000106644,  -0.0922613
 0.000106648,  -0.0927136
 0.000106652,  -0.0927136
 0.000106656,  -0.0927136
  0.00010666,  -0.0927136
 0.000106664,  -0.0936181
 0.000106668,  -0.0931658
 0.000106672,  -0.0936181
 0.000106676,  -0.0940704
  0.00010668,  -0.0940704
 0.000106684,  -0.0940704
 0.000106688,  -0.0949749
 0.000106692,  -0.0945226
 0.000106696,  -0.0949749
   0.0001067,  -0.0949749
 0.000106704,  -0.0954271
 0.000106708,  -0.0954271
 0.000106712,  -0.0958794
 0.000106716,  -0.0963317
  0.00010672,  -0.0963317
 0.000106724,  -0.0963317
 0.000106728,  -0.0967839
 0.000106732,  -0.0967839
 0.000106736,  -0.0972362
  0.00010674,  -0.0976884
 0.000106744,  -0.0976884
 0.000106748,  -0.0976884
 0.000106752,  -0.0976884
 0.000106756,   -0.098593
  0.00010676,   -0.098593
 0.000106764,  -0.0981407
 0.000106768,   -0.098593
 0.000106772,  -0.0990452
 0.000106776,  -0.0990452
  0.00010678,  -0.0994975
 0.000106784,  -0.0994975
 0.000106788,  -0.0994975
 0.000106792,   -0.100402
 0.000106796,   -0.100402
   0.0001068,   -0.100402
 0.000106804,   -0.100854
 0.000106808,   -0.100854
 0.000106812,   -0.101307
 0.000106816,   -0.101307
  0.00010682,   -0.101307
 0.000106824,   -0.101759
 0.000106828,   -0.101759
 0.000106832,   -0.102211
 0.000106836,   -0.102211
  0.00010684,   -0.102211
 0.000106844,   -0.102663
 0.000106848,   -0.103116
 0.000106852,   -0.103116
 0.000106856,   -0.103568
  0.00010686,   -0.103116
 0.000106864,   -0.103568
 0.000106868,    -0.10402
 0.000106872,    -0.10402
 0.000106876,    -0.10402
  0.00010688,   -0.104472
 0.000106884,   -0.104472
 0.000106888,   -0.104925
 0.000106892,   -0.105377
 0.000106896,   -0.105377
   0.0001069,   -0.105377
 0.000106904,   -0.105377
 0.000106908,   -0.105829
 0.000106912,   -0.106281
 0.000106916,   -0.106281
  0.00010692,   -0.106281
 0.000106924,   -0.106281
 0.000106928,   -0.106734
 0.000106932,   -0.107186
 0.000106936,   -0.107186
  0.00010694,   -0.107186
 0.000106944,   -0.107186
 0.000106948,   -0.107638
 0.000106952,   -0.107638
 0.000106956,   -0.107638
  0.00010696,   -0.108543
 0.000106964,   -0.108543
 0.000106968,    -0.10809
 0.000106972,   -0.108543
 0.000106976,   -0.108995
  0.00010698,   -0.108995
 0.000106984,   -0.109447
 0.000106988,   -0.109447
 0.000106992,   -0.109447
 0.000106996,   -0.109447
    0.000107,   -0.109899
 0.000107004,   -0.110352
 0.000107008,   -0.109899
 0.000107012,   -0.110352
 0.000107016,   -0.110352
  0.00010702,   -0.110352
 0.000107024,   -0.111256
 0.000107028,   -0.111256
 0.000107032,   -0.110804
 0.000107036,   -0.111709
  0.00010704,   -0.111709
 0.000107044,   -0.112161
 0.000107048,   -0.111709
 0.000107052,   -0.111709
 0.000107056,   -0.112613
  0.00010706,   -0.112161
 0.000107064,   -0.112613
 0.000107068,   -0.112613
 0.000107072,   -0.113065
 0.000107076,   -0.113518
  0.00010708,   -0.113065
 0.000107084,   -0.113065
 0.000107088,    -0.11397
 0.000107092,   -0.113065
 0.000107096,   -0.113518
   0.0001071,    -0.11397
 0.000107104,    -0.11397
 0.000107108,    -0.11397
 0.000107112,   -0.114422
 0.000107116,   -0.114874
  0.00010712,   -0.114874
 0.000107124,   -0.114874
 0.000107128,   -0.115327
 0.000107132,   -0.115327
 0.000107136,   -0.115327
  0.00010714,   -0.115779
 0.000107144,   -0.115327
 0.000107148,   -0.115327
 0.000107152,   -0.115779
 0.000107156,   -0.116231
  0.00010716,   -0.115779
 0.000107164,   -0.116231
 0.000107168,   -0.116231
 0.000107172,   -0.116683
 0.000107176,   -0.116683
  0.00010718,   -0.116683
 0.000107184,   -0.117136
 0.000107188,   -0.116683
 0.000107192,   -0.117136
 0.000107196,   -0.117588
   0.0001072,   -0.117136
 0.000107204,   -0.117588
 0.000107208,   -0.117588
 0.000107212,    -0.11804
 0.000107216,    -0.11804
  0.00010722,    -0.11804
 0.000107224,   -0.118492
 0.000107228,    -0.11804
 0.000107232,   -0.118492
 0.000107236,   -0.118945
  0.00010724,   -0.118492
 0.000107244,   -0.118945
 0.000107248,   -0.119397
 0.000107252,   -0.118945
 0.000107256,   -0.119397
  0.00010726,   -0.119397
 0.000107264,   -0.119397
 0.000107268,   -0.119397
 0.000107272,   -0.119849
 0.000107276,   -0.119849
  0.00010728,   -0.119849
 0.000107284,   -0.119397
 0.000107288,   -0.120302
 0.000107292,   -0.120302
 0.000107296,   -0.120302
   0.0001073,   -0.120302
 0.000107304,   -0.120302
 0.000107308,   -0.120754
 0.000107312,   -0.121206
 0.000107316,   -0.120302
  0.00010732,   -0.120754
 0.000107324,   -0.121206
 0.000107328,   -0.121206
 0.000107332,   -0.120754
 0.000107336,   -0.121206
  0.00010734,   -0.121658
 0.000107344,   -0.121206
 0.000107348,   -0.121206
 0.000107352,   -0.122111
 0.000107356,   -0.121658
  0.00010736,   -0.121206
 0.000107364,   -0.121658
 0.000107368,   -0.122111
 0.000107372,   -0.122111
 0.000107376,   -0.122111
  0.00010738,   -0.122111
 0.000107384,   -0.122563
 0.000107388,   -0.122563
 0.000107392,   -0.122563
 0.000107396,   -0.123015
   0.0001074,   -0.122563
 0.000107404,   -0.123015
 0.000107408,   -0.123015
 0.000107412,   -0.123015
 0.000107416,   -0.123467
  0.00010742,   -0.123015
 0.000107424,   -0.123467
 0.000107428,   -0.123467
 0.000107432,   -0.123015
 0.000107436,   -0.123467
  0.00010744,   -0.123467
 0.000107444,   -0.123467
 0.000107448,    -0.12392
 0.000107452,   -0.123467
 0.000107456,   -0.123467
  0.00010746,    -0.12392
 0.000107464,    -0.12392
 0.000107468,    -0.12392
 0.000107472,    -0.12392
 0.000107476,   -0.124372
  0.00010748,   -0.124372
 0.000107484,    -0.12392
 0.000107488,   -0.124372
 0.000107492,   -0.124372
 0.000107496,   -0.124372
   0.0001075,   -0.124372
 0.000107504,   -0.124372
 0.000107508,   -0.124824
 0.000107512,   -0.124824
 0.000107516,   -0.124372
  0.00010752,   -0.125276
 0.000107524,   -0.124824
 0.000107528,   -0.124824
 0.000107532,   -0.124824
 0.000107536,   -0.124824
  0.00010754,   -0.125276
 0.000107544,   -0.124824
 0.000107548,   -0.124824
 0.000107552,   -0.125276
 0.000107556,   -0.124824
  0.00010756,   -0.124824
 0.000107564,   -0.125276
 0.000107568,   -0.125276
 0.000107572,   -0.124824
 0.000107576,   -0.125276
  0.00010758,   -0.125276
 0.000107584,   -0.125276
 0.000107588,   -0.125276
 0.000107592,   -0.125729
 0.000107596,   -0.125729
   0.0001076,   -0.125276
 0.000107604,   -0.125729
 0.000107608,   -0.125729
 0.000107612,   -0.125276
 0.000107616,   -0.126181
  0.00010762,   -0.126181
 0.000107624,   -0.125729
 0.000107628,   -0.125729
 0.000107632,   -0.125729
 0.000107636,   -0.125729
  0.00010764,   -0.125729
 0.000107644,   -0.125729
 0.000107648,   -0.126181
 0.000107652,   -0.125729
 0.000107656,   -0.125729
  0.00010766,   -0.126181
 0.000107664,   -0.125729
 0.000107668,   -0.126181
 0.000107672,   -0.125729
 0.000107676,   -0.125729
  0.00010768,   -0.126181
 0.000107684,   -0.125729
 0.000107688,   -0.126181
 0.000107692,   -0.126181
 0.000107696,   -0.125729
   0.0001077,   -0.126181
 0.000107704,   -0.125729
 0.000107708,   -0.126181
 0.000107712,   -0.126181
 0.000107716,   -0.125729
  0.00010772,   -0.125729
 0.000107724,   -0.126181
 0.000107728,   -0.126181
 0.000107732,   -0.126181
 0.000107736,   -0.125729
  0.00010774,   -0.125729
 0.000107744,   -0.126181
 0.000107748,   -0.125729
 0.000107752,   -0.126181
 0.000107756,   -0.125729
  0.00010776,   -0.125276
 0.000107764,   -0.126181
 0.000107768,   -0.125729
 0.000107772,   -0.125729
 0.000107776,   -0.125729
  0.00010778,   -0.125729
 0.000107784,   -0.125729
 0.000107788,   -0.125729
 0.000107792,   -0.126181
 0.000107796,   -0.126181
   0.0001078,   -0.125276
 0.000107804,   -0.125729
 0.000107808,   -0.126181
 0.000107812,   -0.125276
 0.000107816,   -0.125729
  0.00010782,   -0.125729
 0.000107824,   -0.125729
 0.000107828,   -0.125276
 0.000107832,   -0.125729
 0.000107836,   -0.125729
  0.00010784,   -0.125729
 0.000107844,   -0.125276
 0.000107848,   -0.125729
 0.000107852,   -0.125276
 0.000107856,   -0.125276
  0.00010786,   -0.125276
 0.000107864,   -0.125276
 0.000107868,   -0.125276
 0.000107872,   -0.125276
 0.000107876,   -0.124824
  0.00010788,   -0.125276
 0.000107884,   -0.124824
 0.000107888,   -0.124824
 0.000107892,   -0.124824
 0.000107896,   -0.124824
   0.0001079,   -0.124824
 0.000107904,   -0.124824
 0.000107908,   -0.124372
 0.000107912,   -0.124824
 0.000107916,   -0.124824
  0.00010792,   -0.124372
 0.000107924,   -0.124824
 0.000107928,   -0.124372
 0.000107932,   -0.124824
 0.000107936,   -0.124372
  0.00010794,    -0.12392
 0.000107944,   -0.124372
 0.000107948,    -0.12392
 0.000107952,   -0.124372
 0.000107956,    -0.12392
  0.00010796,    -0.12392
 0.000107964,    -0.12392
 0.000107968,   -0.123467
 0.000107972,    -0.12392
 0.000107976,    -0.12392
  0.00010798,   -0.123467
 0.000107984,   -0.123467
 0.000107988,   -0.123467
 0.000107992,   -0.123467
 0.000107996,    -0.12392
    0.000108,   -0.123467
 0.000108004,   -0.123015
 0.000108008,   -0.123467
 0.000108012,   -0.123015
 0.000108016,   -0.123015
  0.00010802,   -0.123015
 0.000108024,   -0.122563
 0.000108028,   -0.122563
 0.000108032,   -0.122111
 0.000108036,   -0.122563
  0.00010804,   -0.122563
 0.000108044,   -0.121658
 0.000108048,   -0.122111
 0.000108052,   -0.122111
 0.000108056,   -0.122111
  0.00010806,   -0.122111
 0.000108064,   -0.121658
 0.000108068,   -0.121658
 0.000108072,   -0.122111
 0.000108076,   -0.121658
  0.00010808,   -0.121658
 0.000108084,   -0.121206
 0.000108088,   -0.121658
 0.000108092,   -0.121658
 0.000108096,   -0.120754
   0.0001081,   -0.121206
 0.000108104,   -0.121206
 0.000108108,   -0.120302
 0.000108112,   -0.121206
 0.000108116,   -0.120754
  0.00010812,   -0.120302
 0.000108124,   -0.120302
 0.000108128,   -0.120302
 0.000108132,   -0.120302
 0.000108136,   -0.119849
  0.00010814,   -0.119849
 0.000108144,   -0.120302
 0.000108148,   -0.119849
 0.000108152,   -0.119397
 0.000108156,   -0.119397
  0.00010816,   -0.118945
 0.000108164,   -0.119849
 0.000108168,   -0.119397
 0.000108172,   -0.118945
 0.000108176,   -0.119397
  0.00010818,   -0.118945
 0.000108184,   -0.118945
 0.000108188,   -0.118945
 0.000108192,   -0.118492
 0.000108196,   -0.118492
   0.0001082,    -0.11804
 0.000108204,    -0.11804
 0.000108208,    -0.11804
 0.000108212,   -0.117588
 0.000108216,   -0.117588
  0.00010822,   -0.117588
 0.000108224,   -0.117588
 0.000108228,   -0.117588
 0.000108232,   -0.117136
 0.000108236,   -0.117136
  0.00010824,   -0.117136
 0.000108244,   -0.116683
 0.000108248,   -0.116683
 0.000108252,   -0.116231
 0.000108256,   -0.116231
  0.00010826,   -0.116231
 0.000108264,   -0.116231
 0.000108268,   -0.115779
 0.000108272,   -0.115779
 0.000108276,   -0.115779
  0.00010828,   -0.115779
 0.000108284,   -0.115779
 0.000108288,   -0.115327
 0.000108292,   -0.114874
 0.000108296,   -0.114874
   0.0001083,   -0.114874
 0.000108304,   -0.114874
 0.000108308,   -0.114422
 0.000108312,   -0.114422
 0.000108316,   -0.114422
  0.00010832,    -0.11397
 0.000108324,    -0.11397
 0.000108328,   -0.113518
 0.000108332,   -0.113518
 0.000108336,   -0.113518
  0.00010834,   -0.113065
 0.000108344,   -0.113518
 0.000108348,   -0.113065
 0.000108352,   -0.113065
 0.000108356,   -0.113065
  0.00010836,   -0.112613
 0.000108364,   -0.112613
 0.000108368,   -0.112613
 0.000108372,   -0.112161
 0.000108376,   -0.112161
  0.00010838,   -0.111709
 0.000108384,   -0.111709
 0.000108388,   -0.111709
 0.000108392,   -0.111256
 0.000108396,   -0.111709
   0.0001084,   -0.111256
 0.000108404,   -0.110804
 0.000108408,   -0.111256
 0.000108412,   -0.110804
 0.000108416,   -0.110804
  0.00010842,   -0.110352
 0.000108424,   -0.109899
 0.000108428,   -0.110352
 0.000108432,   -0.109899
 0.000108436,   -0.109447
  0.00010844,   -0.109447
 0.000108444,   -0.108995
 0.000108448,   -0.108995
 0.000108452,   -0.108995
 0.000108456,   -0.108543
  0.00010846,   -0.108543
 0.000108464,    -0.10809
 0.000108468,    -0.10809
 0.000108472,   -0.108543
 0.000108476,   -0.107638
  0.00010848,   -0.107638
 0.000108484,   -0.107638
 0.000108488,   -0.107186
 0.000108492,   -0.107638
 0.000108496,   -0.107186
   0.0001085,   -0.106734
 0.000108504,   -0.107186
 0.000108508,   -0.106734
 0.000108512,   -0.106734
 0.000108516,   -0.106281
  0.00010852,   -0.105829
 0.000108524,   -0.105829
 0.000108528,   -0.105829
 0.000108532,   -0.105829
 0.000108536,   -0.105377
  0.00010854,   -0.104925
 0.000108544,   -0.105377
 0.000108548,   -0.104925
 0.000108552,    -0.10402
 0.000108556,   -0.104472
  0.00010856,   -0.104472
 0.000108564,    -0.10402
 0.000108568,    -0.10402
 0.000108572,   -0.103568
 0.000108576,    -0.10402
  0.00010858,   -0.103116
 0.000108584,   -0.103116
 0.000108588,   -0.103568
 0.000108592,   -0.102663
 0.000108596,   -0.102663
   0.0001086,   -0.102663
 0.000108604,   -0.102211
 0.000108608,   -0.102211
 0.000108612,   -0.101759
 0.000108616,   -0.101759
  0.00010862,   -0.101759
 0.000108624,   -0.101307
 0.000108628,   -0.101307
 0.000108632,   -0.100854
 0.000108636,   -0.100854
  0.00010864,   -0.100854
 0.000108644,   -0.100402
 0.000108648,  -0.0999497
 0.000108652,   -0.100402
 0.000108656,  -0.0999497
  0.00010866,  -0.0994975
 0.000108664,  -0.0994975
 0.000108668,  -0.0990452
 0.000108672,  -0.0990452
 0.000108676,  -0.0990452
  0.00010868,  -0.0990452
 0.000108684,   -0.098593
 0.000108688,  -0.0981407
 0.000108692,   -0.098593
 0.000108696,  -0.0981407
   0.0001087,  -0.0976884
 0.000108704,  -0.0976884
 0.000108708,  -0.0972362
 0.000108712,  -0.0967839
 0.000108716,  -0.0972362
  0.00010872,  -0.0967839
 0.000108724,  -0.0967839
 0.000108728,  -0.0963317
 0.000108732,  -0.0963317
 0.000108736,  -0.0963317
  0.00010874,  -0.0954271
 0.000108744,  -0.0958794
 0.000108748,  -0.0954271
 0.000108752,  -0.0949749
 0.000108756,  -0.0954271
  0.00010876,  -0.0949749
 0.000108764,  -0.0945226
 0.000108768,  -0.0945226
 0.000108772,  -0.0945226
 0.000108776,  -0.0945226
  0.00010878,  -0.0940704
 0.000108784,  -0.0936181
 0.000108788,  -0.0940704
 0.000108792,  -0.0936181
 0.000108796,  -0.0931658
   0.0001088,  -0.0936181
 0.000108804,  -0.0927136
 0.000108808,  -0.0927136
 0.000108812,  -0.0922613
 0.000108816,  -0.0922613
  0.00010882,  -0.0922613
 0.000108824,   -0.091809
 0.000108828,   -0.091809
 0.000108832,   -0.091809
 0.000108836,  -0.0913568
  0.00010884,  -0.0913568
 0.000108844,  -0.0909045
 0.000108848,  -0.0904523
 0.000108852,  -0.0909045
 0.000108856,       -0.09
  0.00010886,       -0.09
 0.000108864,  -0.0904523
 0.000108868,  -0.0895477
 0.000108872,  -0.0895477
 0.000108876,  -0.0895477
  0.00010888,  -0.0895477
 0.000108884,  -0.0895477
 0.000108888,  -0.0886432
 0.000108892,  -0.0890955
 0.000108896,  -0.0886432
   0.0001089,   -0.088191
 0.000108904,  -0.0886432
 0.000108908,  -0.0877387
 0.000108912,  -0.0877387
 0.000108916,  -0.0877387
  0.00010892,  -0.0872864
 0.000108924,  -0.0872864
 0.000108928,  -0.0868342
 0.000108932,  -0.0868342
 0.000108936,  -0.0868342
  0.00010894,  -0.0863819
 0.000108944,  -0.0863819
 0.000108948,  -0.0863819
 0.000108952,  -0.0854774
 0.000108956,  -0.0859296
  0.00010896,  -0.0859296
 0.000108964,  -0.0854774
 0.000108968,  -0.0850251
 0.000108972,  -0.0850251
 0.000108976,  -0.0850251
  0.00010898,  -0.0845729
 0.000108984,  -0.0845729
 0.000108988,  -0.0850251
 0.000108992,  -0.0841206
 0.000108996,  -0.0836683
    0.000109,  -0.0841206
 0.000109004,  -0.0841206
 0.000109008,  -0.0836683
 0.000109012,  -0.0832161
 0.000109016,  -0.0827638
  0.00010902,  -0.0832161
 0.000109024,  -0.0832161
 0.000109028,  -0.0823116
 0.000109032,  -0.0823116
 0.000109036,  -0.0818593
  0.00010904,  -0.0818593
 0.000109044,  -0.0818593
 0.000109048,   -0.081407
 0.000109052,   -0.081407
 0.000109056,  -0.0809548
  0.00010906,  -0.0809548
 0.000109064,  -0.0809548
 0.000109068,  -0.0805025
 0.000109072,  -0.0805025
 0.000109076,  -0.0805025
  0.00010908,   -0.079598
 0.000109084,  -0.0800503
 0.000109088,   -0.079598
 0.000109092,  -0.0791457
 0.000109096,   -0.079598
   0.0001091,  -0.0791457
 0.000109104,  -0.0791457
 0.000109108,  -0.0786935
 0.000109112,  -0.0786935
 0.000109116,  -0.0791457
  0.00010912,  -0.0777889
 0.000109124,  -0.0777889
 0.000109128,  -0.0782412
 0.000109132,  -0.0777889
 0.000109136,  -0.0777889
  0.00010914,  -0.0773367
 0.000109144,  -0.0773367
 0.000109148,  -0.0773367
 0.000109152,  -0.0768844
 0.000109156,  -0.0768844
  0.00010916,  -0.0768844
 0.000109164,  -0.0764322
 0.000109168,  -0.0764322
 0.000109172,  -0.0759799
 0.000109176,  -0.0759799
  0.00010918,  -0.0759799
 0.000109184,  -0.0750754
 0.000109188,  -0.0755276
 0.000109192,  -0.0755276
 0.000109196,  -0.0750754
   0.0001092,  -0.0750754
 0.000109204,  -0.0746231
 0.000109208,  -0.0746231
 0.000109212,  -0.0746231
 0.000109216,  -0.0741709
  0.00010922,  -0.0741709
 0.000109224,  -0.0737186
 0.000109228,  -0.0737186
 0.000109232,  -0.0737186
 0.000109236,  -0.0732663
  0.00010924,  -0.0732663
 0.000109244,  -0.0732663
 0.000109248,  -0.0728141
 0.000109252,  -0.0728141
 0.000109256,  -0.0723618
  0.00010926,  -0.0719095
 0.000109264,  -0.0723618
 0.000109268,  -0.0719095
 0.000109272,  -0.0719095
 0.000109276,  -0.0719095
  0.00010928,  -0.0714573
 0.000109284,  -0.0714573
 0.000109288,  -0.0714573
 0.000109292,   -0.071005
 0.000109296,   -0.071005
   0.0001093,  -0.0705528
 0.000109304,   -0.071005
 0.000109308,  -0.0705528
 0.000109312,  -0.0701005
 0.000109316,  -0.0701005
  0.00010932,  -0.0701005
 0.000109324,  -0.0696482
 0.000109328,  -0.0696482
 0.000109332,   -0.069196
 0.000109336,   -0.069196
  0.00010934,   -0.069196
 0.000109344,  -0.0687437
 0.000109348,  -0.0687437
 0.000109352,  -0.0682915
 0.000109356,  -0.0682915
  0.00010936,  -0.0682915
 0.000109364,  -0.0678392
 0.000109368,  -0.0682915
 0.000109372,  -0.0678392
 0.000109376,  -0.0673869
  0.00010938,  -0.0678392
 0.000109384,  -0.0673869
 0.000109388,  -0.0673869
 0.000109392,  -0.0669347
 0.000109396,  -0.0669347
   0.0001094,  -0.0669347
 0.000109404,  -0.0664824
 0.000109408,  -0.0660302
 0.000109412,  -0.0664824
 0.000109416,  -0.0660302
  0.00010942,  -0.0660302
 0.000109424,  -0.0660302
 0.000109428,  -0.0655779
 0.000109432,  -0.0655779
 0.000109436,  -0.0651256
  0.00010944,  -0.0651256
 0.000109444,  -0.0651256
 0.000109448,  -0.0646734
 0.000109452,  -0.0646734
 0.000109456,  -0.0646734
  0.00010946,  -0.0642211
 0.000109464,  -0.0646734
 0.000109468,  -0.0637688
 0.000109472,  -0.0642211
 0.000109476,  -0.0642211
  0.00010948,  -0.0637688
 0.000109484,  -0.0637688
 0.000109488,  -0.0637688
 0.000109492,  -0.0633166
 0.000109496,  -0.0637688
   0.0001095,  -0.0628643
 0.000109504,  -0.0628643
 0.000109508,  -0.0628643
 0.000109512,  -0.0624121
 0.000109516,  -0.0628643
  0.00010952,  -0.0624121
 0.000109524,  -0.0619598
 0.000109528,  -0.0624121
 0.000109532,  -0.0619598
 0.000109536,  -0.0619598
  0.00010954,  -0.0619598
 0.000109544,  -0.0615075
 0.000109548,  -0.0615075
 0.000109552,  -0.0610553
 0.000109556,  -0.0615075
  0.00010956,  -0.0615075
 0.000109564,   -0.060603
 0.000109568,  -0.0610553
 0.000109572,  -0.0610553
 0.000109576,   -0.060603
  0.00010958,   -0.060603
 0.000109584,  -0.0601508
 0.000109588,   -0.060603
 0.000109592,   -0.060603
 0.000109596,  -0.0596985
   0.0001096,  -0.0601508
 0.000109604,  -0.0601508
 0.000109608,  -0.0596985
 0.000109612,  -0.0596985
 0.000109616,  -0.0596985
  0.00010962,  -0.0596985
 0.000109624,  -0.0592462
 0.000109628,   -0.058794
 0.000109632,  -0.0592462
 0.000109636,   -0.058794
  0.00010964,  -0.0583417
 0.000109644,   -0.058794
 0.000109648,   -0.058794
 0.000109652,  -0.0583417
 0.000109656,  -0.0578894
  0.00010966,  -0.0583417
 0.000109664,   -0.058794
 0.000109668,  -0.0578894
 0.000109672,  -0.0578894
 0.000109676,  -0.0583417
  0.00010968,  -0.0578894
 0.000109684,  -0.0574372
 0.000109688,  -0.0578894
 0.000109692,  -0.0574372
 0.000109696,  -0.0574372
   0.0001097,  -0.0574372
 0.000109704,  -0.0569849
 0.000109708,  -0.0574372
 0.000109712,  -0.0565327
 0.000109716,  -0.0569849
  0.00010972,  -0.0569849
 0.000109724,  -0.0565327
 0.000109728,  -0.0569849
 0.000109732,  -0.0565327
 0.000109736,  -0.0560804
  0.00010974,  -0.0565327
 0.000109744,  -0.0560804
 0.000109748,  -0.0560804
 0.000109752,  -0.0560804
 0.000109756,  -0.0556281
  0.00010976,  -0.0560804
 0.000109764,  -0.0556281
 0.000109768,  -0.0556281
 0.000109772,  -0.0560804
 0.000109776,  -0.0556281
  0.00010978,  -0.0556281
 0.000109784,  -0.0556281
 0.000109788,  -0.0556281
 0.000109792,  -0.0556281
 0.000109796,  -0.0551759
   0.0001098,  -0.0556281
 0.000109804,  -0.0556281
 0.000109808,  -0.0542714
 0.000109812,  -0.0551759
 0.000109816,  -0.0551759
  0.00010982,  -0.0547236
 0.000109824,  -0.0547236
 0.000109828,  -0.0547236
 0.000109832,  -0.0547236
 0.000109836,  -0.0542714
  0.00010984,  -0.0542714
 0.000109844,  -0.0547236
 0.000109848,  -0.0538191
 0.000109852,  -0.0542714
 0.000109856,  -0.0547236
  0.00010986,  -0.0538191
 0.000109864,  -0.0542714
 0.000109868,  -0.0542714
 0.000109872,  -0.0538191
 0.000109876,  -0.0542714
  0.00010988,  -0.0538191
 0.000109884,  -0.0538191
 0.000109888,  -0.0542714
 0.000109892,  -0.0533668
 0.000109896,  -0.0538191
   0.0001099,  -0.0538191
 0.000109904,  -0.0538191
 0.000109908,  -0.0533668
 0.000109912,  -0.0533668
 0.000109916,  -0.0538191
  0.00010992,  -0.0533668
 0.000109924,  -0.0524623
 0.000109928,  -0.0533668
 0.000109932,  -0.0533668
 0.000109936,  -0.0529146
  0.00010994,  -0.0529146
 0.000109944,  -0.0529146
 0.000109948,  -0.0529146
 0.000109952,  -0.0529146
 0.000109956,  -0.0529146
  0.00010996,  -0.0533668
 0.000109964,  -0.0529146
 0.000109968,  -0.0524623
 0.000109972,  -0.0533668
 0.000109976,  -0.0524623
  0.00010998,  -0.0529146
 0.000109984,  -0.0529146
 0.000109988,  -0.0524623
 0.000109992,  -0.0529146
 0.000109996,  -0.0524623
     0.00011,  -0.0529146
 0.000110004,  -0.0529146
 0.000110008,  -0.0524623
 0.000110012,  -0.0529146
 0.000110016,  -0.0524623
  0.00011002,  -0.0524623
 0.000110024,  -0.0529146
 0.000110028,  -0.0524623
 0.000110032,  -0.0524623
 0.000110036,  -0.0524623
  0.00011004,  -0.0524623
 0.000110044,    -0.05201
 0.000110048,  -0.0524623
 0.000110052,  -0.0524623
 0.000110056,  -0.0524623
  0.00011006,    -0.05201
 0.000110064,  -0.0524623
 0.000110068,  -0.0524623
 0.000110072,    -0.05201
 0.000110076,  -0.0524623
  0.00011008,  -0.0524623
 0.000110084,    -0.05201
 0.000110088,  -0.0524623
 0.000110092,  -0.0524623
 0.000110096,    -0.05201
   0.0001101,  -0.0524623
 0.000110104,  -0.0524623
 0.000110108,  -0.0524623
 0.000110112,    -0.05201
 0.000110116,    -0.05201
  0.00011012,  -0.0524623
 0.000110124,    -0.05201
 0.000110128,    -0.05201
 0.000110132,  -0.0524623
 0.000110136,  -0.0515578
  0.00011014,  -0.0524623
 0.000110144,    -0.05201
 0.000110148,    -0.05201
 0.000110152,  -0.0524623
 0.000110156,  -0.0515578
  0.00011016,  -0.0524623
 0.000110164,  -0.0524623
 0.000110168,    -0.05201
 0.000110172,    -0.05201
 0.000110176,    -0.05201
  0.00011018,  -0.0524623
 0.000110184,  -0.0524623
 0.000110188,    -0.05201
 0.000110192,  -0.0524623
 0.000110196,  -0.0524623
   0.0001102,    -0.05201
 0.000110204,  -0.0524623
 0.000110208,  -0.0515578
 0.000110212,  -0.0524623
 0.000110216,  -0.0524623
  0.00011022,    -0.05201
 0.000110224,  -0.0524623
 0.000110228,    -0.05201
 0.000110232,    -0.05201
 0.000110236,  -0.0524623
  0.00011024,    -0.05201
 0.000110244,  -0.0524623
 0.000110248,  -0.0524623
 0.000110252,    -0.05201
 0.000110256,  -0.0524623
  0.00011026,  -0.0524623
 0.000110264,  -0.0529146
 0.000110268,  -0.0524623
 0.000110272,    -0.05201
 0.000110276,  -0.0533668
  0.00011028,  -0.0524623
 0.000110284,    -0.05201
 0.000110288,  -0.0529146
 0.000110292,  -0.0529146
 0.000110296,  -0.0529146
   0.0001103,  -0.0529146
 0.000110304,  -0.0529146
 0.000110308,  -0.0529146
 0.000110312,  -0.0524623
 0.000110316,  -0.0533668
  0.00011032,  -0.0533668
 0.000110324,  -0.0524623
 0.000110328,  -0.0529146
 0.000110332,  -0.0533668
 0.000110336,  -0.0533668
  0.00011034,  -0.0533668
 0.000110344,  -0.0529146
 0.000110348,  -0.0533668
 0.000110352,  -0.0533668
 0.000110356,  -0.0533668
  0.00011036,  -0.0533668
 0.000110364,  -0.0533668
 0.000110368,  -0.0533668
 0.000110372,  -0.0538191
 0.000110376,  -0.0533668
  0.00011038,  -0.0533668
 0.000110384,  -0.0538191
 0.000110388,  -0.0538191
 0.000110392,  -0.0538191
 0.000110396,  -0.0538191
   0.0001104,  -0.0538191
 0.000110404,  -0.0542714
 0.000110408,  -0.0538191
 0.000110412,  -0.0542714
 0.000110416,  -0.0542714
  0.00011042,  -0.0538191
 0.000110424,  -0.0542714
 0.000110428,  -0.0542714
 0.000110432,  -0.0538191
 0.000110436,  -0.0538191
  0.00011044,  -0.0542714
 0.000110444,  -0.0542714
 0.000110448,  -0.0542714
 0.000110452,  -0.0542714
 0.000110456,  -0.0547236
  0.00011046,  -0.0542714
 0.000110464,  -0.0542714
 0.000110468,  -0.0547236
 0.000110472,  -0.0547236
 0.000110476,  -0.0547236
  0.00011048,  -0.0551759
 0.000110484,  -0.0547236
 0.000110488,  -0.0551759
 0.000110492,  -0.0547236
 0.000110496,  -0.0547236
   0.0001105,  -0.0551759
 0.000110504,  -0.0551759
 0.000110508,  -0.0556281
 0.000110512,  -0.0551759
 0.000110516,  -0.0547236
  0.00011052,  -0.0560804
 0.000110524,  -0.0556281
 0.000110528,  -0.0551759
 0.000110532,  -0.0556281
 0.000110536,  -0.0556281
  0.00011054,  -0.0560804
 0.000110544,  -0.0556281
 0.000110548,  -0.0556281
 0.000110552,  -0.0560804
 0.000110556,  -0.0556281
  0.00011056,  -0.0560804
 0.000110564,  -0.0565327
 0.000110568,  -0.0556281
 0.000110572,  -0.0560804
 0.000110576,  -0.0560804
  0.00011058,  -0.0565327
 0.000110584,  -0.0560804
 0.000110588,  -0.0565327
 0.000110592,  -0.0565327
 0.000110596,  -0.0565327
   0.0001106,  -0.0565327
 0.000110604,  -0.0569849
 0.000110608,  -0.0569849
 0.000110612,  -0.0565327
 0.000110616,  -0.0574372
  0.00011062,  -0.0569849
 0.000110624,  -0.0569849
 0.000110628,  -0.0569849
 0.000110632,  -0.0569849
 0.000110636,  -0.0574372
  0.00011064,  -0.0569849
 0.000110644,  -0.0569849
 0.000110648,  -0.0574372
 0.000110652,  -0.0574372
 0.000110656,  -0.0578894
  0.00011066,  -0.0574372
 0.000110664,  -0.0574372
 0.000110668,  -0.0583417
 0.000110672,  -0.0578894
 0.000110676,  -0.0578894
  0.00011068,  -0.0583417
 0.000110684,  -0.0578894
 0.000110688,  -0.0578894
 0.000110692,  -0.0583417
 0.000110696,  -0.0583417
   0.0001107,  -0.0583417
 0.000110704,  -0.0578894
 0.000110708,  -0.0583417
 0.000110712,   -0.058794
 0.000110716,  -0.0583417
  0.00011072,  -0.0583417
 0.000110724,  -0.0583417
 0.000110728,   -0.058794
 0.000110732,  -0.0592462
 0.000110736,   -0.058794
  0.00011074,   -0.058794
 0.000110744,  -0.0592462
 0.000110748,  -0.0592462
 0.000110752,  -0.0592462
 0.000110756,  -0.0592462
  0.00011076,  -0.0592462
 0.000110764,  -0.0596985
 0.000110768,  -0.0596985
 0.000110772,  -0.0596985
 0.000110776,  -0.0596985
  0.00011078,  -0.0596985
 0.000110784,  -0.0601508
 0.000110788,  -0.0601508
 0.000110792,  -0.0601508
 0.000110796,  -0.0601508
   0.0001108,  -0.0596985
 0.000110804,  -0.0601508
 0.000110808,   -0.060603
 0.000110812,  -0.0601508
 0.000110816,   -0.060603
  0.00011082,  -0.0601508
 0.000110824,   -0.060603
 0.000110828,   -0.060603
 0.000110832,  -0.0601508
 0.000110836,   -0.060603
  0.00011084,   -0.060603
 0.000110844,  -0.0601508
 0.000110848,  -0.0610553
 0.000110852,  -0.0610553
 0.000110856,  -0.0610553
  0.00011086,  -0.0610553
 0.000110864,   -0.060603
 0.000110868,  -0.0615075
 0.000110872,  -0.0615075
 0.000110876,  -0.0610553
  0.00011088,  -0.0615075
 0.000110884,  -0.0615075
 0.000110888,  -0.0619598
 0.000110892,  -0.0619598
 0.000110896,  -0.0615075
   0.0001109,  -0.0624121
 0.000110904,  -0.0619598
 0.000110908,  -0.0619598
 0.000110912,  -0.0624121
 0.000110916,  -0.0619598
  0.00011092,  -0.0624121
 0.000110924,  -0.0624121
 0.000110928,  -0.0624121
 0.000110932,  -0.0628643
 0.000110936,  -0.0619598
  0.00011094,  -0.0624121
 0.000110944,  -0.0628643
 0.000110948,  -0.0624121
 0.000110952,  -0.0628643
 0.000110956,  -0.0628643
  0.00011096,  -0.0628643
 0.000110964,  -0.0637688
 0.000110968,  -0.0628643
 0.000110972,  -0.0633166
 0.000110976,  -0.0633166
  0.00011098,  -0.0633166
 0.000110984,  -0.0637688
 0.000110988,  -0.0633166
 0.000110992,  -0.0637688
 0.000110996,  -0.0642211
    0.000111,  -0.0633166
 0.000111004,  -0.0637688
 0.000111008,  -0.0642211
 0.000111012,  -0.0642211
 0.000111016,  -0.0637688
  0.00011102,  -0.0642211
 0.000111024,  -0.0642211
 0.000111028,  -0.0642211
 0.000111032,  -0.0637688
 0.000111036,  -0.0642211
  0.00011104,  -0.0646734
 0.000111044,  -0.0637688
 0.000111048,  -0.0646734
 0.000111052,  -0.0646734
 0.000111056,  -0.0646734
  0.00011106,  -0.0646734
 0.000111064,  -0.0646734
 0.000111068,  -0.0651256
 0.000111072,  -0.0651256
 0.000111076,  -0.0646734
  0.00011108,  -0.0651256
 0.000111084,  -0.0651256
 0.000111088,  -0.0655779
 0.000111092,  -0.0655779
 0.000111096,  -0.0651256
   0.0001111,  -0.0660302
 0.000111104,  -0.0660302
 0.000111108,  -0.0651256
 0.000111112,  -0.0660302
 0.000111116,  -0.0660302
  0.00011112,  -0.0655779
 0.000111124,  -0.0655779
 0.000111128,  -0.0660302
 0.000111132,  -0.0664824
 0.000111136,  -0.0660302
  0.00011114,  -0.0660302
 0.000111144,  -0.0664824
 0.000111148,  -0.0660302
 0.000111152,  -0.0664824
 0.000111156,  -0.0664824
  0.00011116,  -0.0664824
 0.000111164,  -0.0669347
 0.000111168,  -0.0664824
 0.000111172,  -0.0664824
 0.000111176,  -0.0669347
  0.00011118,  -0.0664824
 0.000111184,  -0.0669347
 0.000111188,  -0.0673869
 0.000111192,  -0.0669347
 0.000111196,  -0.0673869
   0.0001112,  -0.0673869
 0.000111204,  -0.0673869
 0.000111208,  -0.0673869
 0.000111212,  -0.0673869
 0.000111216,  -0.0678392
  0.00011122,  -0.0678392
 0.000111224,  -0.0673869
 0.000111228,  -0.0682915
 0.000111232,  -0.0678392
 0.000111236,  -0.0678392
  0.00011124,  -0.0682915
 0.000111244,  -0.0682915
 0.000111248,  -0.0682915
 0.000111252,  -0.0682915
 0.000111256,  -0.0682915
  0.00011126,  -0.0687437
 0.000111264,  -0.0682915
 0.000111268,  -0.0687437
 0.000111272,  -0.0687437
 0.000111276,  -0.0687437
  0.00011128,  -0.0696482
 0.000111284,  -0.0687437
 0.000111288,  -0.0687437
 0.000111292,  -0.0696482
 0.000111296,   -0.069196
   0.0001113,   -0.069196
 0.000111304,  -0.0696482
 0.000111308,  -0.0696482
 0.000111312,  -0.0696482
 0.000111316,   -0.069196
  0.00011132,  -0.0701005
 0.000111324,  -0.0701005
 0.000111328,  -0.0687437
 0.000111332,  -0.0701005
 0.000111336,  -0.0701005
  0.00011134,  -0.0696482
 0.000111344,  -0.0701005
 0.000111348,  -0.0701005
 0.000111352,  -0.0701005
 0.000111356,  -0.0701005
  0.00011136,  -0.0701005
 0.000111364,   -0.071005
 0.000111368,  -0.0701005
 0.000111372,  -0.0701005
 0.000111376,  -0.0705528
  0.00011138,  -0.0705528
 0.000111384,  -0.0705528
 0.000111388,   -0.071005
 0.000111392,  -0.0705528
 0.000111396,  -0.0714573
   0.0001114,   -0.071005
 0.000111404,   -0.071005
 0.000111408,   -0.071005
 0.000111412,   -0.071005
 0.000111416,  -0.0714573
  0.00011142,  -0.0714573
 0.000111424,  -0.0714573
 0.000111428,  -0.0714573
 0.000111432,  -0.0714573
 0.000111436,  -0.0719095
  0.00011144,  -0.0719095
 0.000111444,  -0.0714573
 0.000111448,  -0.0719095
 0.000111452,  -0.0723618
 0.000111456,  -0.0719095
  0.00011146,  -0.0719095
 0.000111464,  -0.0723618
 0.000111468,  -0.0723618
 0.000111472,  -0.0723618
 0.000111476,  -0.0723618
  0.00011148,  -0.0728141
 0.000111484,  -0.0728141
 0.000111488,  -0.0723618
 0.000111492,  -0.0728141
 0.000111496,  -0.0732663
   0.0001115,  -0.0728141
 0.000111504,  -0.0728141
 0.000111508,  -0.0728141
 0.000111512,  -0.0732663
 0.000111516,  -0.0732663
  0.00011152,  -0.0728141
 0.000111524,  -0.0732663
 0.000111528,  -0.0728141
 0.000111532,  -0.0732663
 0.000111536,  -0.0737186
  0.00011154,  -0.0732663
 0.000111544,  -0.0737186
 0.000111548,  -0.0732663
 0.000111552,  -0.0732663
 0.000111556,  -0.0741709
  0.00011156,  -0.0737186
 0.000111564,  -0.0737186
 0.000111568,  -0.0737186
 0.000111572,  -0.0741709
 0.000111576,  -0.0741709
  0.00011158,  -0.0737186
 0.000111584,  -0.0741709
 0.000111588,  -0.0746231
 0.000111592,  -0.0741709
 0.000111596,  -0.0746231
   0.0001116,  -0.0746231
 0.000111604,  -0.0746231
 0.000111608,  -0.0746231
 0.000111612,  -0.0746231
 0.000111616,  -0.0750754
  0.00011162,  -0.0750754
 0.000111624,  -0.0746231
 0.000111628,  -0.0755276
 0.000111632,  -0.0750754
 0.000111636,  -0.0750754
  0.00011164,  -0.0755276
 0.000111644,  -0.0750754
 0.000111648,  -0.0755276
 0.000111652,  -0.0755276
 0.000111656,  -0.0750754
  0.00011166,  -0.0755276
 0.000111664,  -0.0755276
 0.000111668,  -0.0755276
 0.000111672,  -0.0759799
 0.000111676,  -0.0755276
  0.00011168,  -0.0759799
 0.000111684,  -0.0764322
 0.000111688,  -0.0759799
 0.000111692,  -0.0764322
 0.000111696,  -0.0764322
   0.0001117,  -0.0764322
 0.000111704,  -0.0764322
 0.000111708,  -0.0764322
 0.000111712,  -0.0768844
 0.000111716,  -0.0764322
  0.00011172,  -0.0764322
 0.000111724,  -0.0773367
 0.000111728,  -0.0768844
 0.000111732,  -0.0768844
 0.000111736,  -0.0768844
  0.00011174,  -0.0768844
 0.000111744,  -0.0768844
 0.000111748,  -0.0768844
 0.000111752,  -0.0768844
 0.000111756,  -0.0773367
  0.00011176,  -0.0768844
 0.000111764,  -0.0773367
 0.000111768,  -0.0777889
 0.000111772,  -0.0773367
 0.000111776,  -0.0777889
  0.00011178,  -0.0777889
 0.000111784,  -0.0773367
 0.000111788,  -0.0777889
 0.000111792,  -0.0777889
 0.000111796,  -0.0777889
   0.0001118,  -0.0777889
 0.000111804,  -0.0782412
 0.000111808,  -0.0782412
 0.000111812,  -0.0777889
 0.000111816,  -0.0782412
  0.00011182,  -0.0786935
 0.000111824,  -0.0777889
 0.000111828,  -0.0782412
 0.000111832,  -0.0786935
 0.000111836,  -0.0786935
  0.00011184,  -0.0782412
 0.000111844,  -0.0782412
 0.000111848,  -0.0791457
 0.000111852,  -0.0791457
 0.000111856,  -0.0786935
  0.00011186,  -0.0791457
 0.000111864,  -0.0791457
 0.000111868,  -0.0786935
 0.000111872,  -0.0791457
 0.000111876,  -0.0791457
  0.00011188,   -0.079598
 0.000111884,   -0.079598
 0.000111888,  -0.0791457
 0.000111892,   -0.079598
 0.000111896,  -0.0800503
   0.0001119,   -0.079598
 0.000111904,  -0.0800503
 0.000111908,   -0.079598
 0.000111912,   -0.079598
 0.000111916,  -0.0800503
  0.00011192,  -0.0800503
 0.000111924,  -0.0800503
 0.000111928,   -0.079598
 0.000111932,  -0.0800503
 0.000111936,  -0.0805025
  0.00011194,  -0.0800503
 0.000111944,  -0.0800503
 0.000111948,  -0.0805025
 0.000111952,  -0.0800503
 0.000111956,  -0.0805025
  0.00011196,  -0.0800503
 0.000111964,  -0.0805025
 0.000111968,  -0.0809548
 0.000111972,  -0.0805025
 0.000111976,  -0.0809548
  0.00011198,  -0.0809548
 0.000111984,  -0.0805025
 0.000111988,   -0.081407
 0.000111992,  -0.0809548
 0.000111996,  -0.0809548
    0.000112,  -0.0809548
 0.000112004,  -0.0809548
 0.000112008,   -0.081407
 0.000112012,  -0.0809548
 0.000112016,  -0.0805025
  0.00011202,   -0.081407
 0.000112024,   -0.081407
 0.000112028,   -0.081407
 0.000112032,   -0.081407
 0.000112036,   -0.081407
  0.00011204,  -0.0818593
 0.000112044,   -0.081407
 0.000112048,   -0.081407
 0.000112052,  -0.0818593
 0.000112056,  -0.0818593
  0.00011206,  -0.0818593
 0.000112064,  -0.0823116
 0.000112068,  -0.0818593
 0.000112072,  -0.0823116
 0.000112076,  -0.0818593
  0.00011208,  -0.0823116
 0.000112084,  -0.0827638
 0.000112088,  -0.0823116
 0.000112092,  -0.0823116
 0.000112096,  -0.0827638
   0.0001121,  -0.0823116
 0.000112104,  -0.0827638
 0.000112108,  -0.0823116
 0.000112112,  -0.0823116
 0.000112116,  -0.0827638
  0.00011212,  -0.0827638
 0.000112124,  -0.0827638
 0.000112128,  -0.0827638
 0.000112132,  -0.0827638
 0.000112136,  -0.0832161
  0.00011214,  -0.0832161
 0.000112144,  -0.0827638
 0.000112148,  -0.0832161
 0.000112152,  -0.0832161
 0.000112156,  -0.0832161
  0.00011216,  -0.0832161
 0.000112164,  -0.0832161
 0.000112168,  -0.0836683
 0.000112172,  -0.0832161
 0.000112176,  -0.0832161
  0.00011218,  -0.0836683
 0.000112184,  -0.0832161
 0.000112188,  -0.0832161
 0.000112192,  -0.0836683
 0.000112196,  -0.0836683
   0.0001122,  -0.0836683
 0.000112204,  -0.0832161
 0.000112208,  -0.0836683
 0.000112212,  -0.0841206
 0.000112216,  -0.0832161
  0.00011222,  -0.0841206
 0.000112224,  -0.0836683
 0.000112228,  -0.0832161
 0.000112232,  -0.0841206
 0.000112236,  -0.0836683
  0.00011224,  -0.0836683
 0.000112244,  -0.0836683
 0.000112248,  -0.0836683
 0.000112252,  -0.0845729
 0.000112256,  -0.0836683
  0.00011226,  -0.0841206
 0.000112264,  -0.0845729
 0.000112268,  -0.0836683
 0.000112272,  -0.0841206
 0.000112276,  -0.0845729
  0.00011228,  -0.0836683
 0.000112284,  -0.0841206
 0.000112288,  -0.0841206
 0.000112292,  -0.0845729
 0.000112296,  -0.0845729
   0.0001123,  -0.0841206
 0.000112304,  -0.0850251
 0.000112308,  -0.0841206
 0.000112312,  -0.0841206
 0.000112316,  -0.0850251
  0.00011232,  -0.0845729
 0.000112324,  -0.0841206
 0.000112328,  -0.0845729
 0.000112332,  -0.0845729
 0.000112336,  -0.0850251
  0.00011234,  -0.0841206
 0.000112344,  -0.0841206
 0.000112348,  -0.0845729
 0.000112352,  -0.0845729
 0.000112356,  -0.0850251
  0.00011236,  -0.0845729
 0.000112364,  -0.0841206
 0.000112368,  -0.0850251
 0.000112372,  -0.0845729
 0.000112376,  -0.0845729
  0.00011238,  -0.0845729
 0.000112384,  -0.0850251
 0.000112388,  -0.0854774
 0.000112392,  -0.0845729
 0.000112396,  -0.0850251
   0.0001124,  -0.0854774
 0.000112404,  -0.0845729
 0.000112408,  -0.0845729
 0.000112412,  -0.0850251
 0.000112416,  -0.0850251
  0.00011242,  -0.0850251
 0.000112424,  -0.0845729
 0.000112428,  -0.0854774
 0.000112432,  -0.0850251
 0.000112436,  -0.0845729
  0.00011244,  -0.0854774
 0.000112444,  -0.0850251
 0.000112448,  -0.0845729
 0.000112452,  -0.0850251
 0.000112456,  -0.0850251
  0.00011246,  -0.0850251
 0.000112464,  -0.0850251
 0.000112468,  -0.0850251
 0.000112472,  -0.0854774
 0.000112476,  -0.0850251
  0.00011248,  -0.0850251
 0.000112484,  -0.0854774
 0.000112488,  -0.0850251
 0.000112492,  -0.0850251
 0.000112496,  -0.0854774
   0.0001125,  -0.0850251
 0.000112504,  -0.0854774
 0.000112508,  -0.0850251
 0.000112512,  -0.0850251
 0.000112516,  -0.0854774
  0.00011252,  -0.0850251
 0.000112524,  -0.0850251
 0.000112528,  -0.0850251
 0.000112532,  -0.0850251
 0.000112536,  -0.0854774
  0.00011254,  -0.0854774
 0.000112544,  -0.0850251
 0.000112548,  -0.0854774
 0.000112552,  -0.0850251
 0.000112556,  -0.0854774
  0.00011256,  -0.0854774
 0.000112564,  -0.0850251
 0.000112568,  -0.0854774
 0.000112572,  -0.0854774
 0.000112576,  -0.0854774
  0.00011258,  -0.0854774
 0.000112584,  -0.0850251
 0.000112588,  -0.0854774
 0.000112592,  -0.0854774
 0.000112596,  -0.0850251
   0.0001126,  -0.0854774
 0.000112604,  -0.0850251
 0.000112608,  -0.0850251
 0.000112612,  -0.0854774
 0.000112616,  -0.0850251
  0.00011262,  -0.0850251
 0.000112624,  -0.0850251
 0.000112628,  -0.0850251
 0.000112632,  -0.0854774
 0.000112636,  -0.0850251
  0.00011264,  -0.0845729
 0.000112644,  -0.0854774
 0.000112648,  -0.0850251
 0.000112652,  -0.0850251
 0.000112656,  -0.0850251
  0.00011266,  -0.0845729
 0.000112664,  -0.0850251
 0.000112668,  -0.0850251
 0.000112672,  -0.0850251
 0.000112676,  -0.0850251
  0.00011268,  -0.0850251
 0.000112684,  -0.0854774
 0.000112688,  -0.0850251
 0.000112692,  -0.0845729
 0.000112696,  -0.0854774
   0.0001127,  -0.0845729
 0.000112704,  -0.0850251
 0.000112708,  -0.0850251
 0.000112712,  -0.0845729
 0.000112716,  -0.0854774
  0.00011272,  -0.0845729
 0.000112724,  -0.0845729
 0.000112728,  -0.0854774
 0.000112732,  -0.0845729
 0.000112736,  -0.0845729
  0.00011274,  -0.0850251
 0.000112744,  -0.0850251
 0.000112748,  -0.0850251
 0.000112752,  -0.0845729
 0.000112756,  -0.0850251
  0.00011276,  -0.0854774
 0.000112764,  -0.0845729
 0.000112768,  -0.0850251
 0.000112772,  -0.0850251
 0.000112776,  -0.0845729
  0.00011278,  -0.0850251
 0.000112784,  -0.0845729
 0.000112788,  -0.0850251
 0.000112792,  -0.0845729
 0.000112796,  -0.0845729
   0.0001128,  -0.0850251
 0.000112804,  -0.0841206
 0.000112808,  -0.0841206
 0.000112812,  -0.0845729
 0.000112816,  -0.0841206
  0.00011282,  -0.0845729
 0.000112824,  -0.0845729
 0.000112828,  -0.0841206
 0.000112832,  -0.0841206
 0.000112836,  -0.0841206
  0.00011284,  -0.0845729
 0.000112844,  -0.0845729
 0.000112848,  -0.0841206
 0.000112852,  -0.0845729
 0.000112856,  -0.0841206
  0.00011286,  -0.0836683
 0.000112864,  -0.0841206
 0.000112868,  -0.0841206
 0.000112872,  -0.0836683
 0.000112876,  -0.0841206
  0.00011288,  -0.0841206
 0.000112884,  -0.0841206
 0.000112888,  -0.0841206
 0.000112892,  -0.0836683
 0.000112896,  -0.0841206
   0.0001129,  -0.0836683
 0.000112904,  -0.0836683
 0.000112908,  -0.0836683
 0.000112912,  -0.0832161
 0.000112916,  -0.0836683
  0.00011292,  -0.0836683
 0.000112924,  -0.0832161
 0.000112928,  -0.0836683
 0.000112932,  -0.0832161
 0.000112936,  -0.0832161
  0.00011294,  -0.0836683
 0.000112944,  -0.0832161
 0.000112948,  -0.0836683
 0.000112952,  -0.0832161
 0.000112956,  -0.0832161
  0.00011296,  -0.0836683
 0.000112964,  -0.0832161
 0.000112968,  -0.0832161
 0.000112972,  -0.0832161
 0.000112976,  -0.0832161
  0.00011298,  -0.0832161
 0.000112984,  -0.0827638
 0.000112988,  -0.0827638
 0.000112992,  -0.0832161
 0.000112996,  -0.0827638
    0.000113,  -0.0827638
 0.000113004,  -0.0832161
 0.000113008,  -0.0827638
 0.000113012,  -0.0827638
 0.000113016,  -0.0827638
  0.00011302,  -0.0827638
 0.000113024,  -0.0827638
 0.000113028,  -0.0823116
 0.000113032,  -0.0827638
 0.000113036,  -0.0827638
  0.00011304,  -0.0823116
 0.000113044,  -0.0827638
 0.000113048,  -0.0823116
 0.000113052,  -0.0823116
 0.000113056,  -0.0827638
  0.00011306,  -0.0823116
 0.000113064,  -0.0823116
 0.000113068,  -0.0823116
 0.000113072,  -0.0823116
 0.000113076,  -0.0823116
  0.00011308,  -0.0818593
 0.000113084,  -0.0823116
 0.000113088,  -0.0823116
 0.000113092,  -0.0818593
 0.000113096,  -0.0823116
   0.0001131,  -0.0818593
 0.000113104,  -0.0818593
 0.000113108,   -0.081407
 0.000113112,  -0.0818593
 0.000113116,  -0.0818593
  0.00011312,   -0.081407
 0.000113124,   -0.081407
 0.000113128,  -0.0818593
 0.000113132,   -0.081407
 0.000113136,   -0.081407
  0.00011314,  -0.0818593
 0.000113144,   -0.081407
 0.000113148,   -0.081407
 0.000113152,   -0.081407
 0.000113156,   -0.081407
  0.00011316,  -0.0818593
 0.000113164,   -0.081407
 0.000113168,  -0.0818593
 0.000113172,  -0.0818593
 0.000113176,  -0.0809548
  0.00011318,  -0.0818593
 0.000113184,   -0.081407
 0.000113188,  -0.0809548
 0.000113192,   -0.081407
 0.000113196,  -0.0809548
   0.0001132,  -0.0809548
 0.000113204,  -0.0809548
 0.000113208,  -0.0809548
 0.000113212,  -0.0809548
 0.000113216,  -0.0805025
  0.00011322,  -0.0809548
 0.000113224,  -0.0809548
 0.000113228,  -0.0805025
 0.000113232,  -0.0805025
 0.000113236,  -0.0805025
  0.00011324,  -0.0805025
 0.000113244,  -0.0805025
 0.000113248,  -0.0805025
 0.000113252,  -0.0800503
 0.000113256,  -0.0805025
  0.00011326,  -0.0805025
 0.000113264,  -0.0805025
 0.000113268,  -0.0805025
 0.000113272,  -0.0800503
 0.000113276,  -0.0800503
  0.00011328,  -0.0800503
 0.000113284,  -0.0805025
 0.000113288,  -0.0805025
 0.000113292,  -0.0800503
 0.000113296,  -0.0800503
   0.0001133,  -0.0800503
 0.000113304,  -0.0800503
 0.000113308,   -0.079598
 0.000113312,   -0.079598
 0.000113316,  -0.0800503
  0.00011332,  -0.0800503
 0.000113324,  -0.0791457
 0.000113328,   -0.079598
 0.000113332,   -0.079598
 0.000113336,  -0.0791457
  0.00011334,   -0.079598
 0.000113344,   -0.079598
 0.000113348,   -0.079598
 0.000113352,  -0.0791457
 0.000113356,  -0.0791457
  0.00011336,   -0.079598
 0.000113364,  -0.0791457
 0.000113368,  -0.0791457
 0.000113372,   -0.079598
 0.000113376,  -0.0791457
  0.00011338,  -0.0791457
 0.000113384,  -0.0791457
 0.000113388,  -0.0786935
 0.000113392,  -0.0791457
 0.000113396,  -0.0786935
   0.0001134,  -0.0786935
 0.000113404,  -0.0791457
 0.000113408,  -0.0782412
 0.000113412,  -0.0786935
 0.000113416,  -0.0786935
  0.00011342,  -0.0786935
 0.000113424,  -0.0786935
 0.000113428,  -0.0777889
 0.000113432,  -0.0782412
 0.000113436,  -0.0786935
  0.00011344,  -0.0777889
 0.000113444,  -0.0782412
 0.000113448,  -0.0782412
 0.000113452,  -0.0777889
 0.000113456,  -0.0782412
  0.00011346,  -0.0777889
 0.000113464,  -0.0782412
 0.000113468,  -0.0777889
 0.000113472,  -0.0777889
 0.000113476,  -0.0782412
  0.00011348,  -0.0777889
 0.000113484,  -0.0773367
 0.000113488,  -0.0777889
 0.000113492,  -0.0777889
 0.000113496,  -0.0777889
   0.0001135,  -0.0773367
 0.000113504,  -0.0773367
 0.000113508,  -0.0777889
 0.000113512,  -0.0773367
 0.000113516,  -0.0773367
  0.00011352,  -0.0773367
 0.000113524,  -0.0768844
 0.000113528,  -0.0773367
 0.000113532,  -0.0773367
 0.000113536,  -0.0768844
  0.00011354,  -0.0773367
 0.000113544,  -0.0768844
 0.000113548,  -0.0768844
 0.000113552,  -0.0773367
 0.000113556,  -0.0773367
  0.00011356,  -0.0768844
 0.000113564,  -0.0768844
 0.000113568,  -0.0768844
 0.000113572,  -0.0768844
 0.000113576,  -0.0759799
  0.00011358,  -0.0764322
 0.000113584,  -0.0768844
 0.000113588,  -0.0759799
 0.000113592,  -0.0759799
 0.000113596,  -0.0764322
   0.0001136,  -0.0759799
 0.000113604,  -0.0759799
 0.000113608,  -0.0759799
 0.000113612,  -0.0759799
 0.000113616,  -0.0759799
  0.00011362,  -0.0755276
 0.000113624,  -0.0759799
 0.000113628,  -0.0759799
 0.000113632,  -0.0755276
 0.000113636,  -0.0755276
  0.00011364,  -0.0755276
 0.000113644,  -0.0759799
 0.000113648,  -0.0755276
 0.000113652,  -0.0750754
 0.000113656,  -0.0755276
  0.00011366,  -0.0755276
 0.000113664,  -0.0755276
 0.000113668,  -0.0755276
 0.000113672,  -0.0746231
 0.000113676,  -0.0750754
  0.00011368,  -0.0755276
 0.000113684,  -0.0750754
 0.000113688,  -0.0750754
 0.000113692,  -0.0746231
 0.000113696,  -0.0746231
   0.0001137,  -0.0750754
 0.000113704,  -0.0746231
 0.000113708,  -0.0741709
 0.000113712,  -0.0741709
 0.000113716,  -0.0741709
  0.00011372,  -0.0746231
 0.000113724,  -0.0741709
 0.000113728,  -0.0741709
 0.000113732,  -0.0741709
 0.000113736,  -0.0737186
  0.00011374,  -0.0741709
 0.000113744,  -0.0737186
 0.000113748,  -0.0737186
 0.000113752,  -0.0741709
 0.000113756,  -0.0737186
  0.00011376,  -0.0737186
 0.000113764,  -0.0737186
 0.000113768,  -0.0732663
 0.000113772,  -0.0737186
 0.000113776,  -0.0732663
  0.00011378,  -0.0732663
 0.000113784,  -0.0732663
 0.000113788,  -0.0728141
 0.000113792,  -0.0732663
 0.000113796,  -0.0732663
   0.0001138,  -0.0723618
 0.000113804,  -0.0732663
 0.000113808,  -0.0728141
 0.000113812,  -0.0728141
 0.000113816,  -0.0728141
  0.00011382,  -0.0723618
 0.000113824,  -0.0723618
 0.000113828,  -0.0719095
 0.000113832,  -0.0723618
 0.000113836,  -0.0728141
  0.00011384,  -0.0719095
 0.000113844,  -0.0719095
 0.000113848,  -0.0723618
 0.000113852,  -0.0719095
 0.000113856,  -0.0719095
  0.00011386,  -0.0719095
 0.000113864,  -0.0719095
 0.000113868,  -0.0719095
 0.000113872,  -0.0714573
 0.000113876,  -0.0719095
  0.00011388,  -0.0714573
 0.000113884,   -0.071005
 0.000113888,  -0.0719095
 0.000113892,  -0.0714573
 0.000113896,   -0.071005
   0.0001139,   -0.071005
 0.000113904,  -0.0705528
 0.000113908,   -0.071005
 0.000113912,   -0.071005
 0.000113916,  -0.0705528
  0.00011392,  -0.0705528
 0.000113924,  -0.0705528
 0.000113928,   -0.071005
 0.000113932,  -0.0701005
 0.000113936,  -0.0701005
  0.00011394,  -0.0705528
 0.000113944,  -0.0705528
 0.000113948,  -0.0696482
 0.000113952,  -0.0701005
 0.000113956,  -0.0701005
  0.00011396,  -0.0696482
 0.000113964,  -0.0696482
 0.000113968,  -0.0696482
 0.000113972,  -0.0701005
 0.000113976,   -0.069196
  0.00011398,   -0.069196
 0.000113984,  -0.0696482
 0.000113988,  -0.0696482
 0.000113992,  -0.0687437
 0.000113996,   -0.069196
    0.000114,  -0.0687437
 0.000114004,   -0.069196
 0.000114008,  -0.0687437
 0.000114012,  -0.0682915
 0.000114016,  -0.0682915
  0.00011402,  -0.0682915
 0.000114024,  -0.0687437
 0.000114028,  -0.0687437
 0.000114032,  -0.0678392
 0.000114036,  -0.0682915
  0.00011404,  -0.0687437
 0.000114044,  -0.0678392
 0.000114048,  -0.0678392
 0.000114052,  -0.0678392
 0.000114056,  -0.0678392
  0.00011406,  -0.0678392
 0.000114064,  -0.0678392
 0.000114068,  -0.0678392
 0.000114072,  -0.0673869
 0.000114076,  -0.0673869
  0.00011408,  -0.0678392
 0.000114084,  -0.0669347
 0.000114088,  -0.0669347
 0.000114092,  -0.0669347
 0.000114096,  -0.0664824
   0.0001141,  -0.0669347
 0.000114104,  -0.0669347
 0.000114108,  -0.0664824
 0.000114112,  -0.0664824
 0.000114116,  -0.0664824
  0.00011412,  -0.0669347
 0.000114124,  -0.0660302
 0.000114128,  -0.0660302
 0.000114132,  -0.0664824
 0.000114136,  -0.0655779
  0.00011414,  -0.0660302
 0.000114144,  -0.0660302
 0.000114148,  -0.0655779
 0.000114152,  -0.0660302
 0.000114156,  -0.0655779
  0.00011416,  -0.0655779
 0.000114164,  -0.0660302
 0.000114168,  -0.0651256
 0.000114172,  -0.0655779
 0.000114176,  -0.0651256
  0.00011418,  -0.0651256
 0.000114184,  -0.0651256
 0.000114188,  -0.0646734
 0.000114192,  -0.0651256
 0.000114196,  -0.0646734
   0.0001142,  -0.0642211
 0.000114204,  -0.0646734
 0.000114208,  -0.0642211
 0.000114212,  -0.0642211
 0.000114216,  -0.0642211
  0.00011422,  -0.0642211
 0.000114224,  -0.0642211
 0.000114228,  -0.0642211
 0.000114232,  -0.0637688
 0.000114236,  -0.0637688
  0.00011424,  -0.0637688
 0.000114244,  -0.0642211
 0.000114248,  -0.0637688
 0.000114252,  -0.0633166
 0.000114256,  -0.0637688
  0.00011426,  -0.0637688
 0.000114264,  -0.0628643
 0.000114268,  -0.0633166
 0.000114272,  -0.0633166
 0.000114276,  -0.0633166
  0.00011428,  -0.0628643
 0.000114284,  -0.0628643
 0.000114288,  -0.0633166
 0.000114292,  -0.0628643
 0.000114296,  -0.0624121
   0.0001143,  -0.0628643
 0.000114304,  -0.0628643
 0.000114308,  -0.0624121
 0.000114312,  -0.0624121
 0.000114316,  -0.0624121
  0.00011432,  -0.0624121
 0.000114324,  -0.0619598
 0.000114328,  -0.0619598
 0.000114332,  -0.0624121
 0.000114336,  -0.0619598
  0.00011434,  -0.0615075
 0.000114344,  -0.0619598
 0.000114348,  -0.0615075
 0.000114352,  -0.0619598
 0.000114356,  -0.0615075
  0.00011436,  -0.0615075
 0.000114364,  -0.0619598
 0.000114368,  -0.0610553
 0.000114372,  -0.0610553
 0.000114376,  -0.0615075
  0.00011438,  -0.0610553
 0.000114384,  -0.0610553
 0.000114388,  -0.0610553
 0.000114392,  -0.0610553
 0.000114396,  -0.0610553
   0.0001144,  -0.0601508
 0.000114404,  -0.0610553
 0.000114408,  -0.0610553
 0.000114412,  -0.0601508
 0.000114416,   -0.060603
  0.00011442,   -0.060603
 0.000114424,  -0.0601508
 0.000114428,  -0.0601508
 0.000114432,  -0.0601508
 0.000114436,  -0.0601508
  0.00011444,  -0.0601508
 0.000114444,  -0.0596985
 0.000114448,   -0.060603
 0.000114452,  -0.0596985
 0.000114456,  -0.0596985
  0.00011446,  -0.0601508
 0.000114464,  -0.0596985
 0.000114468,  -0.0592462
 0.000114472,  -0.0596985
 0.000114476,  -0.0596985
  0.00011448,  -0.0596985
 0.000114484,   -0.058794
 0.000114488,  -0.0592462
 0.000114492,  -0.0592462
 0.000114496,   -0.058794
   0.0001145,  -0.0592462
 0.000114504,  -0.0592462
 0.000114508,   -0.058794
 0.000114512,  -0.0592462
 0.000114516,   -0.058794
  0.00011452,   -0.058794
 0.000114524,   -0.058794
 0.000114528,  -0.0583417
 0.000114532,   -0.058794
 0.000114536,  -0.0583417
  0.00011454,  -0.0578894
 0.000114544,  -0.0583417
 0.000114548,  -0.0583417
 0.000114552,  -0.0583417
 0.000114556,  -0.0578894
  0.00011456,  -0.0578894
 0.000114564,  -0.0583417
 0.000114568,  -0.0578894
 0.000114572,  -0.0578894
 0.000114576,  -0.0583417
  0.00011458,  -0.0578894
 0.000114584,  -0.0578894
 0.000114588,  -0.0578894
 0.000114592,  -0.0574372
 0.000114596,  -0.0578894
   0.0001146,  -0.0574372
 0.000114604,  -0.0578894
 0.000114608,  -0.0574372
 0.000114612,  -0.0569849
 0.000114616,  -0.0574372
  0.00011462,  -0.0574372
 0.000114624,  -0.0569849
 0.000114628,  -0.0569849
 0.000114632,  -0.0569849
 0.000114636,  -0.0569849
  0.00011464,  -0.0569849
 0.000114644,  -0.0569849
 0.000114648,  -0.0569849
 0.000114652,  -0.0569849
 0.000114656,  -0.0565327
  0.00011466,  -0.0569849
 0.000114664,  -0.0569849
 0.000114668,  -0.0565327
 0.000114672,  -0.0565327
 0.000114676,  -0.0565327
  0.00011468,  -0.0565327
 0.000114684,  -0.0560804
 0.000114688,  -0.0565327
 0.000114692,  -0.0565327
 0.000114696,  -0.0560804
   0.0001147,  -0.0560804
 0.000114704,  -0.0565327
 0.000114708,  -0.0560804
 0.000114712,  -0.0560804
 0.000114716,  -0.0560804
  0.00011472,  -0.0556281
 0.000114724,  -0.0560804
 0.000114728,  -0.0556281
 0.000114732,  -0.0560804
 0.000114736,  -0.0556281
  0.00011474,  -0.0556281
 0.000114744,  -0.0560804
 0.000114748,  -0.0556281
 0.000114752,  -0.0556281
 0.000114756,  -0.0556281
  0.00011476,  -0.0551759
 0.000114764,  -0.0556281
 0.000114768,  -0.0556281
 0.000114772,  -0.0556281
 0.000114776,  -0.0556281
  0.00011478,  -0.0551759
 0.000114784,  -0.0556281
 0.000114788,  -0.0556281
 0.000114792,  -0.0547236
 0.000114796,  -0.0551759
   0.0001148,  -0.0551759
 0.000114804,  -0.0551759
 0.000114808,  -0.0551759
 0.000114812,  -0.0542714
 0.000114816,  -0.0551759
  0.00011482,  -0.0551759
 0.000114824,  -0.0542714
 0.000114828,  -0.0547236
 0.000114832,  -0.0542714
 0.000114836,  -0.0547236
  0.00011484,  -0.0547236
 0.000114844,  -0.0542714
 0.000114848,  -0.0547236
 0.000114852,  -0.0542714
 0.000114856,  -0.0542714
  0.00011486,  -0.0547236
 0.000114864,  -0.0542714
 0.000114868,  -0.0542714
 0.000114872,  -0.0542714
 0.000114876,  -0.0538191
  0.00011488,  -0.0542714
 0.000114884,  -0.0538191
 0.000114888,  -0.0538191
 0.000114892,  -0.0542714
 0.000114896,  -0.0538191
   0.0001149,  -0.0538191
 0.000114904,  -0.0538191
 0.000114908,  -0.0538191
 0.000114912,  -0.0538191
 0.000114916,  -0.0533668
  0.00011492,  -0.0538191
 0.000114924,  -0.0533668
 0.000114928,  -0.0533668
 0.000114932,  -0.0538191
 0.000114936,  -0.0533668
  0.00011494,  -0.0529146
 0.000114944,  -0.0533668
 0.000114948,  -0.0533668
 0.000114952,  -0.0529146
 0.000114956,  -0.0529146
  0.00011496,  -0.0533668
 0.000114964,  -0.0533668
 0.000114968,  -0.0529146
 0.000114972,  -0.0529146
 0.000114976,  -0.0533668
  0.00011498,  -0.0529146
 0.000114984,  -0.0524623
 0.000114988,  -0.0529146
 0.000114992,  -0.0529146
 0.000114996,  -0.0524623
    0.000115,    -0.05201
 0.000115004,  -0.0524623
 0.000115008,  -0.0529146
 0.000115012,    -0.05201
 0.000115016,    -0.05201
  0.00011502,  -0.0524623
 0.000115024,    -0.05201
 0.000115028,    -0.05201
 0.000115032,  -0.0524623
 0.000115036,    -0.05201
  0.00011504,    -0.05201
 0.000115044,    -0.05201
 0.000115048,  -0.0524623
 0.000115052,    -0.05201
 0.000115056,  -0.0515578
  0.00011506,    -0.05201
 0.000115064,    -0.05201
 0.000115068,  -0.0515578
 0.000115072,  -0.0524623
 0.000115076,  -0.0515578
  0.00011508,  -0.0515578
 0.000115084,  -0.0515578
 0.000115088,  -0.0515578
 0.000115092,  -0.0515578
 0.000115096,  -0.0511055
   0.0001151,  -0.0515578
 0.000115104,  -0.0515578
 0.000115108,  -0.0511055
 0.000115112,  -0.0515578
 0.000115116,  -0.0515578
  0.00011512,  -0.0506533
 0.000115124,  -0.0511055
 0.000115128,  -0.0511055
 0.000115132,  -0.0511055
 0.000115136,  -0.0511055
  0.00011514,  -0.0506533
 0.000115144,  -0.0511055
 0.000115148,  -0.0506533
 0.000115152,  -0.0506533
 0.000115156,  -0.0511055
  0.00011516,   -0.050201
 0.000115164,  -0.0506533
 0.000115168,  -0.0506533
 0.000115172,   -0.050201
 0.000115176,   -0.050201
  0.00011518,  -0.0506533
 0.000115184,   -0.050201
 0.000115188,   -0.050201
 0.000115192,  -0.0497487
 0.000115196,   -0.050201
   0.0001152,   -0.050201
 0.000115204,  -0.0497487
 0.000115208,   -0.050201
 0.000115212,  -0.0497487
 0.000115216,  -0.0492965
  0.00011522,   -0.050201
 0.000115224,  -0.0492965
 0.000115228,  -0.0497487
 0.000115232,  -0.0492965
 0.000115236,  -0.0492965
  0.00011524,   -0.050201
 0.000115244,  -0.0492965
 0.000115248,  -0.0488442
 0.000115252,  -0.0492965
 0.000115256,  -0.0492965
  0.00011526,  -0.0492965
 0.000115264,  -0.0488442
 0.000115268,  -0.0492965
 0.000115272,  -0.0492965
 0.000115276,   -0.048392
  0.00011528,  -0.0488442
 0.000115284,  -0.0492965
 0.000115288,   -0.048392
 0.000115292,  -0.0488442
 0.000115296,   -0.048392
   0.0001153,  -0.0488442
 0.000115304,  -0.0488442
 0.000115308,  -0.0479397
 0.000115312,   -0.048392
 0.000115316,   -0.048392
  0.00011532,   -0.048392
 0.000115324,   -0.048392
 0.000115328,  -0.0479397
 0.000115332,   -0.048392
 0.000115336,  -0.0479397
  0.00011534,  -0.0479397
 0.000115344,   -0.048392
 0.000115348,  -0.0479397
 0.000115352,  -0.0474874
 0.000115356,  -0.0479397
  0.00011536,  -0.0479397
 0.000115364,  -0.0474874
 0.000115368,  -0.0474874
 0.000115372,  -0.0474874
 0.000115376,  -0.0474874
  0.00011538,  -0.0474874
 0.000115384,  -0.0470352
 0.000115388,  -0.0474874
 0.000115392,  -0.0474874
 0.000115396,  -0.0470352
   0.0001154,  -0.0470352
 0.000115404,  -0.0465829
 0.000115408,  -0.0470352
 0.000115412,  -0.0470352
 0.000115416,  -0.0465829
  0.00011542,  -0.0470352
 0.000115424,  -0.0470352
 0.000115428,  -0.0465829
 0.000115432,  -0.0470352
 0.000115436,  -0.0465829
  0.00011544,  -0.0465829
 0.000115444,  -0.0465829
 0.000115448,  -0.0465829
 0.000115452,  -0.0465829
 0.000115456,  -0.0461307
  0.00011546,  -0.0465829
 0.000115464,  -0.0465829
 0.000115468,  -0.0456784
 0.000115472,  -0.0461307
 0.000115476,  -0.0461307
  0.00011548,  -0.0456784
 0.000115484,  -0.0461307
 0.000115488,  -0.0456784
 0.000115492,  -0.0456784
 0.000115496,  -0.0456784
   0.0001155,  -0.0452261
 0.000115504,  -0.0456784
 0.000115508,  -0.0452261
 0.000115512,  -0.0452261
 0.000115516,  -0.0456784
  0.00011552,  -0.0452261
 0.000115524,  -0.0452261
 0.000115528,  -0.0452261
 0.000115532,  -0.0447739
 0.000115536,  -0.0452261
  0.00011554,  -0.0447739
 0.000115544,  -0.0447739
 0.000115548,  -0.0447739
 0.000115552,  -0.0447739
 0.000115556,  -0.0447739
  0.00011556,  -0.0447739
 0.000115564,  -0.0447739
 0.000115568,  -0.0447739
 0.000115572,  -0.0443216
 0.000115576,  -0.0443216
  0.00011558,  -0.0447739
 0.000115584,  -0.0443216
 0.000115588,  -0.0443216
 0.000115592,  -0.0438693
 0.000115596,  -0.0438693
   0.0001156,  -0.0438693
 0.000115604,  -0.0438693
 0.000115608,  -0.0434171
 0.000115612,  -0.0434171
 0.000115616,  -0.0438693
  0.00011562,  -0.0438693
 0.000115624,  -0.0434171
 0.000115628,  -0.0434171
 0.000115632,  -0.0438693
 0.000115636,  -0.0434171
  0.00011564,  -0.0434171
 0.000115644,  -0.0434171
 0.000115648,  -0.0429648
 0.000115652,  -0.0434171
 0.000115656,  -0.0434171
  0.00011566,  -0.0429648
 0.000115664,  -0.0429648
 0.000115668,  -0.0429648
 0.000115672,  -0.0429648
 0.000115676,  -0.0425126
  0.00011568,  -0.0429648
 0.000115684,  -0.0429648
 0.000115688,  -0.0420603
 0.000115692,  -0.0420603
 0.000115696,  -0.0429648
   0.0001157,  -0.0420603
 0.000115704,  -0.0420603
 0.000115708,  -0.0425126
 0.000115712,  -0.0425126
 0.000115716,  -0.0420603
  0.00011572,  -0.0420603
 0.000115724,  -0.0420603
 0.000115728,  -0.0420603
 0.000115732,   -0.041608
 0.000115736,  -0.0420603
  0.00011574,   -0.041608
 0.000115744,   -0.041608
 0.000115748,   -0.041608
 0.000115752,   -0.041608
 0.000115756,   -0.041608
  0.00011576,  -0.0411558
 0.000115764,  -0.0411558
 0.000115768,  -0.0411558
 0.000115772,   -0.041608
 0.000115776,  -0.0411558
  0.00011578,  -0.0407035
 0.000115784,  -0.0407035
 0.000115788,  -0.0411558
 0.000115792,  -0.0407035
 0.000115796,  -0.0402513
   0.0001158,  -0.0407035
 0.000115804,  -0.0402513
 0.000115808,  -0.0402513
 0.000115812,  -0.0407035
 0.000115816,  -0.0402513
  0.00011582,  -0.0402513
 0.000115824,   -0.039799
 0.000115828,  -0.0402513
 0.000115832,  -0.0402513
 0.000115836,   -0.039799
  0.00011584,   -0.039799
 0.000115844,   -0.039799
 0.000115848,   -0.039799
 0.000115852,  -0.0402513
 0.000115856,   -0.039799
  0.00011586,  -0.0393467
 0.000115864,   -0.039799
 0.000115868,  -0.0393467
 0.000115872,  -0.0393467
 0.000115876,  -0.0393467
  0.00011588,  -0.0388945
 0.000115884,  -0.0393467
 0.000115888,  -0.0388945
 0.000115892,  -0.0388945
 0.000115896,  -0.0393467
   0.0001159,  -0.0384422
 0.000115904,  -0.0388945
 0.000115908,  -0.0384422
 0.000115912,  -0.0384422
 0.000115916,  -0.0388945
  0.00011592,  -0.0379899
 0.000115924,  -0.0384422
 0.000115928,  -0.0384422
 0.000115932,  -0.0379899
 0.000115936,  -0.0379899
  0.00011594,  -0.0379899
 0.000115944,  -0.0379899
 0.000115948,  -0.0379899
 0.000115952,  -0.0375377
 0.000115956,  -0.0379899
  0.00011596,  -0.0379899
 0.000115964,  -0.0370854
 0.000115968,  -0.0375377
 0.000115972,  -0.0375377
 0.000115976,  -0.0375377
  0.00011598,  -0.0375377
 0.000115984,  -0.0370854
 0.000115988,  -0.0375377
 0.000115992,  -0.0370854
 0.000115996,  -0.0366332
