    0.000127,  -0.0180905
 0.000127004,  -0.0179648
 0.000127008,  -0.0179648
 0.000127012,  -0.0179648
 0.000127016,  -0.0182161
  0.00012702,  -0.0179648
 0.000127024,  -0.0178392
 0.000127028,  -0.0180905
 0.000127032,  -0.0182161
 0.000127036,  -0.0179648
  0.00012704,  -0.0177136
 0.000127044,  -0.0179648
 0.000127048,  -0.0179648
 0.000127052,  -0.0178392
 0.000127056,  -0.0179648
  0.00012706,  -0.0179648
 0.000127064,  -0.0177136
 0.000127068,  -0.0178392
 0.000127072,  -0.0179648
 0.000127076,  -0.0174623
  0.00012708,  -0.0175879
 0.000127084,  -0.0178392
 0.000127088,  -0.0177136
 0.000127092,  -0.0174623
 0.000127096,  -0.0175879
   0.0001271,  -0.0175879
 0.000127104,  -0.0174623
 0.000127108,  -0.0174623
 0.000127112,  -0.0175879
 0.000127116,  -0.0172111
  0.00012712,  -0.0174623
 0.000127124,  -0.0175879
 0.000127128,  -0.0173367
 0.000127132,  -0.0173367
 0.000127136,  -0.0173367
  0.00012714,  -0.0173367
 0.000127144,  -0.0172111
 0.000127148,  -0.0173367
 0.000127152,  -0.0173367
 0.000127156,  -0.0172111
  0.00012716,  -0.0173367
 0.000127164,  -0.0173367
 0.000127168,  -0.0169598
 0.000127172,  -0.0169598
 0.000127176,  -0.0170854
  0.00012718,  -0.0168342
 0.000127184,  -0.0167085
 0.000127188,  -0.0169598
 0.000127192,  -0.0169598
 0.000127196,  -0.0167085
   0.0001272,  -0.0167085
 0.000127204,  -0.0168342
 0.000127208,  -0.0163317
 0.000127212,   -0.016206
 0.000127216,  -0.0165829
  0.00012722,  -0.0167085
 0.000127224,   -0.016206
 0.000127228,   -0.016206
 0.000127232,  -0.0164573
 0.000127236,   -0.016206
  0.00012724,  -0.0160804
 0.000127244,   -0.016206
 0.000127248,  -0.0160804
 0.000127252,  -0.0160804
 0.000127256,  -0.0160804
  0.00012726,   -0.016206
 0.000127264,  -0.0160804
 0.000127268,  -0.0159548
 0.000127272,  -0.0159548
 0.000127276,  -0.0157035
  0.00012728,  -0.0158291
 0.000127284,  -0.0158291
 0.000127288,  -0.0158291
 0.000127292,  -0.0157035
 0.000127296,  -0.0157035
   0.0001273,  -0.0155779
 0.000127304,  -0.0155779
 0.000127308,  -0.0155779
 0.000127312,  -0.0154523
 0.000127316,  -0.0150754
  0.00012732,  -0.0153266
 0.000127324,  -0.0157035
 0.000127328,  -0.0150754
 0.000127332,   -0.015201
 0.000127336,  -0.0153266
  0.00012734,  -0.0150754
 0.000127344,  -0.0150754
 0.000127348,  -0.0149497
 0.000127352,  -0.0149497
 0.000127356,  -0.0150754
  0.00012736,  -0.0149497
 0.000127364,  -0.0149497
 0.000127368,  -0.0148241
 0.000127372,  -0.0146985
 0.000127376,  -0.0145729
  0.00012738,  -0.0144472
 0.000127384,  -0.0144472
 0.000127388,  -0.0145729
 0.000127392,  -0.0143216
 0.000127396,  -0.0145729
   0.0001274,  -0.0145729
 0.000127404,   -0.014196
 0.000127408,  -0.0143216
 0.000127412,  -0.0143216
 0.000127416,   -0.014196
  0.00012742,   -0.014196
 0.000127424,   -0.014196
 0.000127428,  -0.0139447
 0.000127432,  -0.0138191
 0.000127436,  -0.0139447
  0.00012744,  -0.0139447
 0.000127444,  -0.0136935
 0.000127448,  -0.0136935
 0.000127452,  -0.0138191
 0.000127456,  -0.0138191
  0.00012746,  -0.0136935
 0.000127464,  -0.0134422
 0.000127468,  -0.0133166
 0.000127472,  -0.0133166
 0.000127476,  -0.0133166
  0.00012748,  -0.0129397
 0.000127484,  -0.0130653
 0.000127488,   -0.013191
 0.000127492,  -0.0130653
 0.000127496,  -0.0128141
   0.0001275,  -0.0129397
 0.000127504,  -0.0130653
 0.000127508,  -0.0124372
 0.000127512,  -0.0125628
 0.000127516,  -0.0128141
  0.00012752,  -0.0129397
 0.000127524,  -0.0126884
 0.000127528,  -0.0124372
 0.000127532,  -0.0125628
 0.000127536,  -0.0125628
  0.00012754,  -0.0123116
 0.000127544,  -0.0121859
 0.000127548,  -0.0124372
 0.000127552,  -0.0121859
 0.000127556,  -0.0119347
  0.00012756,  -0.0120603
 0.000127564,  -0.0120603
 0.000127568,   -0.011809
 0.000127572,  -0.0115578
 0.000127576,  -0.0116834
  0.00012758,  -0.0115578
 0.000127584,  -0.0113065
 0.000127588,  -0.0114322
 0.000127592,  -0.0113065
 0.000127596,  -0.0113065
   0.0001276,  -0.0111809
 0.000127604,  -0.0109296
 0.000127608,  -0.0109296
 0.000127612,  -0.0109296
 0.000127616,  -0.0109296
  0.00012762,   -0.010804
 0.000127624,   -0.010804
 0.000127628,  -0.0106784
 0.000127632,  -0.0106784
 0.000127636,  -0.0105528
  0.00012764,  -0.0104271
 0.000127644,  -0.0103015
 0.000127648,  -0.0103015
 0.000127652,  -0.0101759
 0.000127656,  -0.0100503
  0.00012766,  -0.0100503
 0.000127664,  -0.0101759
 0.000127668,   -0.009799
 0.000127672,   -0.009799
 0.000127676, -0.00967337
  0.00012768, -0.00954774
 0.000127684, -0.00929648
 0.000127688, -0.00954774
 0.000127692, -0.00954774
 0.000127696, -0.00917085
   0.0001277, -0.00904523
 0.000127704, -0.00942211
 0.000127708, -0.00917085
 0.000127712, -0.00854271
 0.000127716,  -0.0089196
  0.00012772,  -0.0089196
 0.000127724, -0.00854271
 0.000127728, -0.00866834
 0.000127732,  -0.0089196
 0.000127736, -0.00866834
  0.00012774, -0.00816583
 0.000127744, -0.00841709
 0.000127748, -0.00854271
 0.000127752,  -0.0080402
 0.000127756,  -0.0080402
  0.00012776, -0.00829146
 0.000127764, -0.00816583
 0.000127768, -0.00778894
 0.000127772, -0.00766332
 0.000127776, -0.00791457
  0.00012778, -0.00766332
 0.000127784, -0.00741206
 0.000127788, -0.00741206
 0.000127792, -0.00741206
 0.000127796, -0.00728643
   0.0001278, -0.00703518
 0.000127804,  -0.0071608
 0.000127808, -0.00703518
 0.000127812, -0.00665829
 0.000127816, -0.00665829
  0.00012782, -0.00678392
 0.000127824, -0.00665829
 0.000127828, -0.00640704
 0.000127832, -0.00640704
 0.000127836, -0.00628141
  0.00012784, -0.00640704
 0.000127844, -0.00628141
 0.000127848, -0.00615578
 0.000127852, -0.00603015
 0.000127856, -0.00590452
  0.00012786, -0.00603015
 0.000127864, -0.00590452
 0.000127868, -0.00565327
 0.000127872, -0.00540201
 0.000127876, -0.00565327
  0.00012788, -0.00552764
 0.000127884, -0.00527638
 0.000127888, -0.00552764
 0.000127892, -0.00527638
 0.000127896,  -0.0048995
   0.0001279,  -0.0048995
 0.000127904, -0.00502513
 0.000127908, -0.00452261
 0.000127912, -0.00439698
 0.000127916, -0.00464824
  0.00012792, -0.00452261
 0.000127924, -0.00427136
 0.000127928, -0.00427136
 0.000127932, -0.00427136
 0.000127936, -0.00414573
  0.00012794,  -0.0040201
 0.000127944, -0.00414573
 0.000127948, -0.00376884
 0.000127952, -0.00364322
 0.000127956, -0.00389447
  0.00012796, -0.00376884
 0.000127964, -0.00339196
 0.000127968, -0.00326633
 0.000127972, -0.00326633
 0.000127976, -0.00301508
  0.00012798,  -0.0031407
 0.000127984, -0.00301508
 0.000127988, -0.00288945
 0.000127992, -0.00276382
 0.000127996, -0.00288945
    0.000128, -0.00263819
 0.000128004, -0.00226131
 0.000128008, -0.00226131
 0.000128012, -0.00213568
 0.000128016, -0.00188442
  0.00012802, -0.00201005
 0.000128024, -0.00213568
 0.000128028, -0.00188442
 0.000128032, -0.00175879
 0.000128036, -0.00175879
  0.00012804, -0.00163317
 0.000128044, -0.00138191
 0.000128048, -0.00138191
 0.000128052, -0.00138191
 0.000128056, -0.00113065
  0.00012806, -0.00100503
 0.000128064, -0.00113065
 0.000128068,-0.000879397
 0.000128072,-0.000628141
 0.000128076,-0.000628141
  0.00012808,-0.000753769
 0.000128084,-0.000376884
 0.000128088,           0
 0.000128092,-0.000251256
 0.000128096,-0.000251256
   0.0001281, 0.000251256
 0.000128104, 0.000376884
 0.000128108, 0.000251256
 0.000128112, 0.000376884
 0.000128116, 0.000628141
  0.00012812, 0.000628141
 0.000128124, 0.000628141
 0.000128128, 0.000753769
 0.000128132,  0.00100503
 0.000128136,  0.00100503
  0.00012814, 0.000879397
 0.000128144,  0.00125628
 0.000128148,  0.00125628
 0.000128152,  0.00150754
 0.000128156,  0.00150754
  0.00012816,  0.00163317
 0.000128164,  0.00175879
 0.000128168,  0.00175879
 0.000128172,  0.00213568
 0.000128176,  0.00213568
  0.00012818,  0.00213568
 0.000128184,  0.00251256
 0.000128188,  0.00251256
 0.000128192,  0.00238693
 0.000128196,  0.00263819
   0.0001282,  0.00288945
 0.000128204,  0.00288945
 0.000128208,  0.00301508
 0.000128212,  0.00326633
 0.000128216,  0.00351759
  0.00012822,   0.0031407
 0.000128224,   0.0031407
 0.000128228,  0.00376884
 0.000128232,  0.00364322
 0.000128236,  0.00364322
  0.00012824,  0.00376884
 0.000128244,  0.00414573
 0.000128248,  0.00427136
 0.000128252,   0.0040201
 0.000128256,  0.00439698
  0.00012826,  0.00452261
 0.000128264,  0.00439698
 0.000128268,  0.00464824
 0.000128272,   0.0048995
 0.000128276,  0.00502513
  0.00012828,   0.0048995
 0.000128284,  0.00502513
 0.000128288,  0.00540201
 0.000128292,  0.00540201
 0.000128296,  0.00540201
   0.0001283,  0.00577889
 0.000128304,  0.00590452
 0.000128308,  0.00577889
 0.000128312,  0.00615578
 0.000128316,  0.00640704
  0.00012832,  0.00615578
 0.000128324,  0.00615578
 0.000128328,  0.00653266
 0.000128332,  0.00665829
 0.000128336,  0.00640704
  0.00012834,  0.00690955
 0.000128344,   0.0071608
 0.000128348,  0.00690955
 0.000128352,  0.00703518
 0.000128356,  0.00753769
  0.00012836,  0.00728643
 0.000128364,  0.00703518
 0.000128368,  0.00753769
 0.000128372,  0.00778894
 0.000128376,  0.00791457
  0.00012838,  0.00766332
 0.000128384,  0.00791457
 0.000128388,  0.00829146
 0.000128392,  0.00829146
 0.000128396,  0.00841709
   0.0001284,  0.00854271
 0.000128404,  0.00866834
 0.000128408,  0.00879397
 0.000128412,   0.0089196
 0.000128416,  0.00929648
  0.00012842,  0.00904523
 0.000128424,   0.0089196
 0.000128428,  0.00929648
 0.000128432,  0.00942211
 0.000128436,  0.00942211
  0.00012844,  0.00967337
 0.000128444,    0.009799
 0.000128448,  0.00992462
 0.000128452,  0.00992462
 0.000128456,   0.0100503
  0.00012846,   0.0103015
 0.000128464,   0.0101759
 0.000128468,   0.0103015
 0.000128472,   0.0106784
 0.000128476,    0.010804
  0.00012848,   0.0109296
 0.000128484,   0.0110553
 0.000128488,   0.0111809
 0.000128492,   0.0113065
 0.000128496,   0.0113065
   0.0001285,   0.0115578
 0.000128504,   0.0115578
 0.000128508,    0.011809
 0.000128512,   0.0120603
 0.000128516,   0.0120603
  0.00012852,   0.0120603
 0.000128524,   0.0123116
 0.000128528,   0.0123116
 0.000128532,   0.0123116
 0.000128536,   0.0126884
  0.00012854,   0.0128141
 0.000128544,   0.0124372
 0.000128548,   0.0128141
 0.000128552,   0.0133166
 0.000128556,   0.0130653
  0.00012856,   0.0128141
 0.000128564,    0.013191
 0.000128568,   0.0135678
 0.000128572,   0.0135678
 0.000128576,   0.0135678
  0.00012858,   0.0138191
 0.000128584,   0.0139447
 0.000128588,   0.0140704
 0.000128592,    0.014196
 0.000128596,    0.014196
   0.0001286,   0.0143216
 0.000128604,   0.0143216
 0.000128608,   0.0146985
 0.000128612,   0.0149497
 0.000128616,   0.0148241
  0.00012862,   0.0148241
 0.000128624,    0.015201
 0.000128628,   0.0153266
 0.000128632,   0.0150754
 0.000128636,   0.0153266
  0.00012864,   0.0157035
 0.000128644,   0.0154523
 0.000128648,   0.0158291
 0.000128652,   0.0160804
 0.000128656,   0.0158291
  0.00012866,   0.0159548
 0.000128664,   0.0163317
 0.000128668,   0.0165829
 0.000128672,   0.0163317
 0.000128676,   0.0167085
  0.00012868,   0.0168342
 0.000128684,   0.0168342
 0.000128688,   0.0169598
 0.000128692,   0.0173367
 0.000128696,   0.0170854
   0.0001287,   0.0173367
 0.000128704,   0.0177136
 0.000128708,   0.0177136
 0.000128712,   0.0179648
 0.000128716,   0.0180905
  0.00012872,   0.0180905
 0.000128724,   0.0179648
 0.000128728,   0.0182161
 0.000128732,   0.0183417
 0.000128736,   0.0182161
  0.00012874,   0.0188442
 0.000128744,   0.0188442
 0.000128748,   0.0187186
 0.000128752,   0.0190955
 0.000128756,   0.0192211
  0.00012876,   0.0190955
 0.000128764,   0.0190955
 0.000128768,    0.019598
 0.000128772,    0.019598
 0.000128776,   0.0197236
  0.00012878,   0.0199749
 0.000128784,   0.0199749
 0.000128788,   0.0199749
 0.000128792,   0.0201005
 0.000128796,   0.0202261
   0.0001288,   0.0201005
 0.000128804,   0.0204774
 0.000128808,   0.0207286
 0.000128812,   0.0204774
 0.000128816,   0.0208543
  0.00012882,   0.0209799
 0.000128824,   0.0208543
 0.000128828,   0.0208543
 0.000128832,   0.0212312
 0.000128836,   0.0214824
  0.00012884,   0.0213568
 0.000128844,   0.0213568
 0.000128848,   0.0217337
 0.000128852,   0.0219849
 0.000128856,   0.0217337
  0.00012886,   0.0217337
 0.000128864,   0.0223618
 0.000128868,   0.0223618
 0.000128872,   0.0222362
 0.000128876,   0.0224874
  0.00012888,   0.0231156
 0.000128884,   0.0228643
 0.000128888,   0.0227387
 0.000128892,   0.0232412
 0.000128896,   0.0231156
   0.0001289,   0.0231156
 0.000128904,   0.0233668
 0.000128908,   0.0236181
 0.000128912,   0.0237437
 0.000128916,   0.0236181
  0.00012892,   0.0237437
 0.000128924,    0.023995
 0.000128928,    0.023995
 0.000128932,    0.023995
 0.000128936,   0.0241206
  0.00012894,   0.0242462
 0.000128944,   0.0244975
 0.000128948,   0.0246231
 0.000128952,   0.0246231
 0.000128956,   0.0247487
  0.00012896,   0.0247487
 0.000128964,   0.0251256
 0.000128968,   0.0252513
 0.000128972,       0.025
 0.000128976,   0.0252513
  0.00012898,   0.0255025
 0.000128984,   0.0256281
 0.000128988,   0.0256281
 0.000128992,   0.0258794
 0.000128996,    0.026005
    0.000129,    0.026005
 0.000129004,   0.0262563
 0.000129008,   0.0265075
 0.000129012,   0.0263819
 0.000129016,   0.0266332
  0.00012902,   0.0267588
 0.000129024,   0.0265075
 0.000129028,   0.0265075
 0.000129032,   0.0271357
 0.000129036,   0.0272613
  0.00012904,   0.0271357
 0.000129044,   0.0272613
 0.000129048,   0.0276382
 0.000129052,   0.0276382
 0.000129056,   0.0273869
  0.00012906,   0.0277638
 0.000129064,   0.0278894
 0.000129068,   0.0277638
 0.000129072,   0.0281407
 0.000129076,   0.0285176
  0.00012908,    0.028392
 0.000129084,   0.0282663
 0.000129088,   0.0282663
 0.000129092,   0.0288945
 0.000129096,   0.0287688
   0.0001291,   0.0285176
 0.000129104,   0.0287688
 0.000129108,   0.0290201
 0.000129112,   0.0291457
 0.000129116,   0.0292714
  0.00012912,   0.0292714
 0.000129124,    0.029397
 0.000129128,    0.029397
 0.000129132,   0.0296482
 0.000129136,   0.0297739
  0.00012914,   0.0296482
 0.000129144,   0.0301508
 0.000129148,   0.0302764
 0.000129152,   0.0300251
 0.000129156,    0.030402
  0.00012916,   0.0305276
 0.000129164,   0.0305276
 0.000129168,    0.030402
 0.000129172,   0.0307789
 0.000129176,   0.0310302
  0.00012918,   0.0309045
 0.000129184,   0.0311558
 0.000129188,   0.0312814
 0.000129192,    0.031407
 0.000129196,   0.0312814
   0.0001292,   0.0315327
 0.000129204,   0.0316583
 0.000129208,   0.0315327
 0.000129212,   0.0317839
 0.000129216,   0.0321608
  0.00012922,   0.0319095
 0.000129224,   0.0316583
 0.000129228,   0.0320352
 0.000129232,   0.0324121
 0.000129236,   0.0321608
  0.00012924,   0.0322864
 0.000129244,   0.0326633
 0.000129248,   0.0326633
 0.000129252,   0.0326633
 0.000129256,   0.0330402
  0.00012926,   0.0331658
 0.000129264,   0.0329146
 0.000129268,   0.0331658
 0.000129272,   0.0334171
 0.000129276,   0.0335427
  0.00012928,   0.0334171
 0.000129284,   0.0336683
 0.000129288,    0.033794
 0.000129292,   0.0340452
 0.000129296,   0.0339196
   0.0001293,   0.0339196
 0.000129304,   0.0342965
 0.000129308,   0.0344221
 0.000129312,   0.0340452
 0.000129316,   0.0341709
  0.00012932,   0.0344221
 0.000129324,   0.0345477
 0.000129328,   0.0345477
 0.000129332,   0.0346734
 0.000129336,    0.034799
  0.00012934,   0.0346734
 0.000129344,   0.0349246
 0.000129348,   0.0353015
 0.000129352,   0.0350503
 0.000129356,   0.0350503
  0.00012936,   0.0353015
 0.000129364,   0.0355528
 0.000129368,   0.0355528
 0.000129372,   0.0356784
 0.000129376,   0.0359296
  0.00012938,   0.0359296
 0.000129384,   0.0359296
 0.000129388,   0.0360553
 0.000129392,   0.0361809
 0.000129396,   0.0364322
   0.0001294,   0.0363065
 0.000129404,   0.0364322
 0.000129408,    0.036809
 0.000129412,   0.0369347
 0.000129416,    0.036809
  0.00012942,    0.036809
 0.000129424,   0.0369347
 0.000129428,   0.0370603
 0.000129432,   0.0371859
 0.000129436,   0.0374372
  0.00012944,   0.0374372
 0.000129444,   0.0373116
 0.000129448,   0.0374372
 0.000129452,   0.0378141
 0.000129456,   0.0375628
  0.00012946,   0.0376884
 0.000129464,   0.0378141
 0.000129468,   0.0379397
 0.000129472,    0.038191
 0.000129476,    0.038191
  0.00012948,    0.038191
 0.000129484,   0.0383166
 0.000129488,   0.0384422
 0.000129492,   0.0384422
 0.000129496,   0.0384422
   0.0001295,   0.0386935
 0.000129504,   0.0388191
 0.000129508,   0.0389447
 0.000129512,   0.0390704
 0.000129516,    0.039196
  0.00012952,   0.0390704
 0.000129524,   0.0389447
 0.000129528,    0.039196
 0.000129532,   0.0393216
 0.000129536,   0.0395729
  0.00012954,   0.0395729
 0.000129544,   0.0395729
 0.000129548,   0.0398241
 0.000129552,   0.0399497
 0.000129556,   0.0400754
  0.00012956,   0.0396985
 0.000129564,   0.0400754
 0.000129568,   0.0404523
 0.000129572,    0.040201
 0.000129576,   0.0400754
  0.00012958,   0.0403266
 0.000129584,   0.0405779
 0.000129588,   0.0404523
 0.000129592,   0.0404523
 0.000129596,   0.0405779
   0.0001296,   0.0407035
 0.000129604,   0.0407035
 0.000129608,   0.0409548
 0.000129612,   0.0413317
 0.000129616,   0.0410804
  0.00012962,   0.0409548
 0.000129624,    0.041206
 0.000129628,   0.0415829
 0.000129632,   0.0414573
 0.000129636,    0.041206
  0.00012964,   0.0414573
 0.000129644,   0.0417085
 0.000129648,   0.0419598
 0.000129652,   0.0418342
 0.000129656,   0.0417085
  0.00012966,   0.0417085
 0.000129664,   0.0418342
 0.000129668,   0.0422111
 0.000129672,   0.0420854
 0.000129676,   0.0420854
  0.00012968,   0.0424623
 0.000129684,   0.0425879
 0.000129688,   0.0423367
 0.000129692,   0.0425879
 0.000129696,   0.0428392
   0.0001297,   0.0427136
 0.000129704,   0.0425879
 0.000129708,   0.0430905
 0.000129712,   0.0430905
 0.000129716,   0.0429648
  0.00012972,   0.0429648
 0.000129724,   0.0432161
 0.000129728,   0.0430905
 0.000129732,   0.0430905
 0.000129736,   0.0433417
  0.00012974,   0.0433417
 0.000129744,    0.043593
 0.000129748,   0.0438442
 0.000129752,    0.043593
 0.000129756,   0.0434673
  0.00012976,   0.0438442
 0.000129764,   0.0438442
 0.000129768,   0.0439698
 0.000129772,   0.0440955
 0.000129776,   0.0440955
  0.00012978,   0.0442211
 0.000129784,   0.0443467
 0.000129788,   0.0443467
 0.000129792,   0.0443467
 0.000129796,   0.0443467
   0.0001298,   0.0448492
 0.000129804,   0.0443467
 0.000129808,   0.0444724
 0.000129812,   0.0449749
 0.000129816,   0.0448492
  0.00012982,   0.0447236
 0.000129824,   0.0447236
 0.000129828,   0.0448492
 0.000129832,   0.0449749
 0.000129836,   0.0449749
  0.00012984,   0.0452261
 0.000129844,   0.0452261
 0.000129848,   0.0453518
 0.000129852,   0.0452261
 0.000129856,   0.0453518
  0.00012986,   0.0453518
 0.000129864,   0.0453518
 0.000129868,   0.0454774
 0.000129872,   0.0458543
 0.000129876,   0.0458543
  0.00012988,    0.045603
 0.000129884,   0.0459799
 0.000129888,   0.0461055
 0.000129892,   0.0457286
 0.000129896,   0.0458543
   0.0001299,   0.0462312
 0.000129904,   0.0462312
 0.000129908,   0.0458543
 0.000129912,   0.0463568
 0.000129916,   0.0464824
  0.00012992,   0.0461055
 0.000129924,   0.0461055
 0.000129928,   0.0467337
 0.000129932,   0.0464824
 0.000129936,   0.0462312
  0.00012994,    0.046608
 0.000129944,   0.0469849
 0.000129948,   0.0467337
 0.000129952,    0.046608
 0.000129956,   0.0468593
  0.00012996,   0.0469849
 0.000129964,   0.0468593
 0.000129968,   0.0469849
 0.000129972,   0.0473618
 0.000129976,   0.0472362
  0.00012998,   0.0471106
 0.000129984,   0.0472362
 0.000129988,   0.0473618
 0.000129992,   0.0473618
 0.000129996,   0.0472362
     0.00013,   0.0474874
 0.000130004,   0.0474874
 0.000130008,   0.0474874
 0.000130012,   0.0477387
 0.000130016,   0.0476131
  0.00013002,   0.0472362
 0.000130024,   0.0477387
 0.000130028,   0.0478643
 0.000130032,   0.0477387
 0.000130036,   0.0476131
  0.00013004,   0.0481156
 0.000130044,   0.0482412
 0.000130048,   0.0478643
 0.000130052,   0.0482412
 0.000130056,   0.0481156
  0.00013006,   0.0479899
 0.000130064,   0.0481156
 0.000130068,   0.0483668
 0.000130072,   0.0483668
 0.000130076,   0.0483668
  0.00013008,   0.0483668
 0.000130084,   0.0484925
 0.000130088,   0.0482412
 0.000130092,   0.0483668
 0.000130096,   0.0484925
   0.0001301,   0.0484925
 0.000130104,   0.0483668
 0.000130108,   0.0484925
 0.000130112,   0.0488693
 0.000130116,   0.0488693
  0.00013012,   0.0484925
 0.000130124,   0.0486181
 0.000130128,   0.0488693
 0.000130132,   0.0487437
 0.000130136,   0.0487437
  0.00013014,   0.0491206
 0.000130144,    0.048995
 0.000130148,   0.0487437
 0.000130152,   0.0491206
 0.000130156,   0.0491206
  0.00013016,   0.0488693
 0.000130164,    0.048995
 0.000130168,   0.0493719
 0.000130172,   0.0492462
 0.000130176,   0.0492462
  0.00013018,   0.0496231
 0.000130184,   0.0496231
 0.000130188,   0.0491206
 0.000130192,   0.0494975
 0.000130196,   0.0494975
   0.0001302,   0.0493719
 0.000130204,   0.0494975
 0.000130208,   0.0496231
 0.000130212,   0.0496231
 0.000130216,   0.0493719
  0.00013022,   0.0496231
 0.000130224,   0.0498744
 0.000130228,   0.0494975
 0.000130232,   0.0493719
 0.000130236,   0.0496231
  0.00013024,        0.05
 0.000130244,   0.0497487
 0.000130248,   0.0494975
 0.000130252,   0.0498744
 0.000130256,   0.0501256
  0.00013026,   0.0494975
 0.000130264,   0.0494975
 0.000130268,   0.0502513
 0.000130272,   0.0502513
 0.000130276,   0.0498744
  0.00013028,        0.05
 0.000130284,   0.0505025
 0.000130288,   0.0502513
 0.000130292,   0.0498744
 0.000130296,   0.0502513
   0.0001303,   0.0503769
 0.000130304,   0.0501256
 0.000130308,   0.0501256
 0.000130312,   0.0505025
 0.000130316,   0.0506281
  0.00013032,   0.0501256
 0.000130324,   0.0501256
 0.000130328,   0.0505025
 0.000130332,   0.0506281
 0.000130336,   0.0503769
  0.00013034,   0.0503769
 0.000130344,   0.0506281
 0.000130348,   0.0507538
 0.000130352,   0.0506281
 0.000130356,   0.0506281
  0.00013036,   0.0505025
 0.000130364,   0.0503769
 0.000130368,   0.0507538
 0.000130372,   0.0508794
 0.000130376,   0.0506281
  0.00013038,   0.0506281
 0.000130384,   0.0508794
 0.000130388,   0.0508794
 0.000130392,   0.0507538
 0.000130396,   0.0507538
   0.0001304,   0.0508794
 0.000130404,   0.0507538
 0.000130408,    0.051005
 0.000130412,   0.0511307
 0.000130416,   0.0508794
  0.00013042,   0.0507538
 0.000130424,    0.051005
 0.000130428,    0.051005
 0.000130432,   0.0507538
 0.000130436,   0.0508794
  0.00013044,    0.051005
 0.000130444,   0.0511307
 0.000130448,    0.051005
 0.000130452,    0.051005
 0.000130456,    0.051005
  0.00013046,   0.0508794
 0.000130464,    0.051005
 0.000130468,   0.0511307
 0.000130472,   0.0511307
 0.000130476,   0.0511307
  0.00013048,   0.0511307
 0.000130484,   0.0512563
 0.000130488,   0.0512563
 0.000130492,   0.0511307
 0.000130496,   0.0511307
   0.0001305,   0.0513819
 0.000130504,   0.0512563
 0.000130508,   0.0511307
 0.000130512,   0.0513819
 0.000130516,   0.0516332
  0.00013052,   0.0512563
 0.000130524,   0.0511307
 0.000130528,   0.0515075
 0.000130532,   0.0513819
 0.000130536,   0.0512563
  0.00013054,   0.0513819
 0.000130544,   0.0513819
 0.000130548,   0.0513819
 0.000130552,   0.0513819
 0.000130556,   0.0516332
  0.00013056,   0.0513819
 0.000130564,   0.0513819
 0.000130568,   0.0515075
 0.000130572,   0.0516332
 0.000130576,   0.0515075
  0.00013058,   0.0515075
 0.000130584,   0.0515075
 0.000130588,   0.0513819
 0.000130592,   0.0513819
 0.000130596,   0.0515075
   0.0001306,   0.0516332
 0.000130604,   0.0512563
 0.000130608,   0.0513819
 0.000130612,   0.0516332
 0.000130616,   0.0515075
  0.00013062,   0.0512563
 0.000130624,   0.0515075
 0.000130628,   0.0515075
 0.000130632,   0.0512563
 0.000130636,   0.0512563
  0.00013064,   0.0515075
 0.000130644,   0.0513819
 0.000130648,   0.0513819
 0.000130652,   0.0513819
 0.000130656,   0.0513819
  0.00013066,   0.0512563
 0.000130664,   0.0513819
 0.000130668,   0.0515075
 0.000130672,   0.0513819
 0.000130676,   0.0515075
  0.00013068,   0.0515075
 0.000130684,   0.0513819
 0.000130688,   0.0513819
 0.000130692,   0.0515075
 0.000130696,   0.0516332
   0.0001307,   0.0515075
 0.000130704,   0.0512563
 0.000130708,   0.0516332
 0.000130712,   0.0516332
 0.000130716,   0.0515075
  0.00013072,   0.0512563
 0.000130724,   0.0515075
 0.000130728,   0.0516332
 0.000130732,   0.0513819
 0.000130736,   0.0516332
  0.00013074,   0.0517588
 0.000130744,   0.0513819
 0.000130748,   0.0515075
 0.000130752,   0.0518844
 0.000130756,   0.0512563
  0.00013076,   0.0511307
 0.000130764,   0.0516332
 0.000130768,   0.0516332
 0.000130772,   0.0512563
 0.000130776,   0.0512563
  0.00013078,   0.0515075
 0.000130784,   0.0513819
 0.000130788,    0.051005
 0.000130792,   0.0512563
 0.000130796,   0.0511307
   0.0001308,   0.0511307
 0.000130804,   0.0511307
 0.000130808,   0.0511307
 0.000130812,    0.051005
 0.000130816,   0.0512563
  0.00013082,    0.051005
 0.000130824,    0.051005
 0.000130828,   0.0511307
 0.000130832,    0.051005
 0.000130836,   0.0511307
  0.00013084,   0.0512563
 0.000130844,   0.0512563
 0.000130848,   0.0511307
 0.000130852,    0.051005
 0.000130856,   0.0512563
  0.00013086,   0.0511307
 0.000130864,    0.051005
 0.000130868,   0.0511307
 0.000130872,   0.0511307
 0.000130876,   0.0511307
  0.00013088,   0.0512563
 0.000130884,    0.051005
 0.000130888,   0.0508794
 0.000130892,   0.0511307
 0.000130896,    0.051005
   0.0001309,   0.0508794
 0.000130904,   0.0506281
 0.000130908,    0.051005
 0.000130912,   0.0508794
 0.000130916,   0.0506281
  0.00013092,   0.0508794
 0.000130924,   0.0508794
 0.000130928,   0.0507538
 0.000130932,   0.0506281
 0.000130936,   0.0507538
  0.00013094,    0.051005
 0.000130944,   0.0508794
 0.000130948,   0.0506281
 0.000130952,   0.0507538
 0.000130956,    0.051005
  0.00013096,   0.0506281
 0.000130964,   0.0503769
 0.000130968,   0.0511307
 0.000130972,   0.0511307
 0.000130976,   0.0505025
  0.00013098,   0.0507538
 0.000130984,    0.051005
 0.000130988,   0.0505025
 0.000130992,   0.0502513
 0.000130996,   0.0508794
    0.000131,   0.0506281
 0.000131004,   0.0502513
 0.000131008,   0.0505025
 0.000131012,   0.0507538
 0.000131016,   0.0503769
  0.00013102,   0.0502513
 0.000131024,   0.0503769
 0.000131028,   0.0498744
 0.000131032,   0.0502513
 0.000131036,   0.0505025
  0.00013104,   0.0502513
 0.000131044,        0.05
 0.000131048,   0.0502513
 0.000131052,   0.0503769
 0.000131056,        0.05
  0.00013106,        0.05
 0.000131064,   0.0501256
 0.000131068,   0.0502513
 0.000131072,   0.0502513
 0.000131076,   0.0501256
  0.00013108,   0.0501256
 0.000131084,   0.0501256
 0.000131088,   0.0498744
 0.000131092,   0.0498744
 0.000131096,        0.05
   0.0001311,   0.0497487
 0.000131104,   0.0494975
 0.000131108,        0.05
 0.000131112,   0.0502513
 0.000131116,   0.0494975
  0.00013112,   0.0493719
 0.000131124,        0.05
 0.000131128,   0.0497487
 0.000131132,   0.0491206
 0.000131136,   0.0494975
  0.00013114,   0.0497487
 0.000131144,   0.0492462
 0.000131148,   0.0494975
 0.000131152,   0.0498744
 0.000131156,   0.0492462
  0.00013116,    0.048995
 0.000131164,   0.0496231
 0.000131168,   0.0494975
 0.000131172,   0.0491206
 0.000131176,   0.0493719
  0.00013118,   0.0493719
 0.000131184,   0.0491206
 0.000131188,   0.0491206
 0.000131192,   0.0492462
 0.000131196,   0.0487437
   0.0001312,    0.048995
 0.000131204,   0.0493719
 0.000131208,   0.0486181
 0.000131212,   0.0487437
 0.000131216,    0.048995
  0.00013122,   0.0486181
 0.000131224,   0.0483668
 0.000131228,   0.0486181
 0.000131232,   0.0488693
 0.000131236,   0.0484925
  0.00013124,   0.0484925
 0.000131244,   0.0487437
 0.000131248,   0.0486181
 0.000131252,   0.0484925
 0.000131256,   0.0484925
  0.00013126,   0.0483668
 0.000131264,   0.0483668
 0.000131268,   0.0483668
 0.000131272,   0.0482412
 0.000131276,   0.0484925
  0.00013128,   0.0484925
 0.000131284,   0.0482412
 0.000131288,   0.0481156
 0.000131292,   0.0482412
 0.000131296,   0.0482412
   0.0001313,   0.0479899
 0.000131304,   0.0478643
 0.000131308,   0.0481156
 0.000131312,   0.0479899
 0.000131316,   0.0477387
  0.00013132,   0.0477387
 0.000131324,   0.0477387
 0.000131328,   0.0477387
 0.000131332,   0.0476131
 0.000131336,   0.0476131
  0.00013134,   0.0476131
 0.000131344,   0.0476131
 0.000131348,   0.0474874
 0.000131352,   0.0476131
 0.000131356,   0.0472362
  0.00013136,   0.0473618
 0.000131364,   0.0474874
 0.000131368,   0.0472362
 0.000131372,   0.0472362
 0.000131376,   0.0473618
  0.00013138,   0.0472362
 0.000131384,   0.0471106
 0.000131388,   0.0469849
 0.000131392,   0.0472362
 0.000131396,   0.0468593
   0.0001314,   0.0468593
 0.000131404,   0.0471106
 0.000131408,   0.0468593
 0.000131412,    0.046608
 0.000131416,   0.0469849
  0.00013142,   0.0468593
 0.000131424,   0.0467337
 0.000131428,   0.0464824
 0.000131432,    0.046608
 0.000131436,    0.046608
  0.00013144,   0.0464824
 0.000131444,   0.0464824
 0.000131448,    0.046608
 0.000131452,   0.0462312
 0.000131456,   0.0462312
  0.00013146,   0.0464824
 0.000131464,   0.0464824
 0.000131468,   0.0462312
 0.000131472,   0.0459799
 0.000131476,   0.0461055
  0.00013148,   0.0462312
 0.000131484,   0.0461055
 0.000131488,   0.0458543
 0.000131492,   0.0458543
 0.000131496,   0.0459799
   0.0001315,   0.0457286
 0.000131504,   0.0454774
 0.000131508,   0.0458543
 0.000131512,    0.045603
 0.000131516,   0.0453518
  0.00013152,   0.0454774
 0.000131524,    0.045603
 0.000131528,   0.0453518
 0.000131532,   0.0452261
 0.000131536,   0.0453518
  0.00013154,   0.0453518
 0.000131544,   0.0453518
 0.000131548,   0.0451005
 0.000131552,   0.0451005
 0.000131556,   0.0451005
  0.00013156,   0.0449749
 0.000131564,   0.0449749
 0.000131568,   0.0449749
 0.000131572,   0.0449749
 0.000131576,   0.0449749
  0.00013158,   0.0447236
 0.000131584,   0.0448492
 0.000131588,   0.0447236
 0.000131592,    0.044598
 0.000131596,   0.0447236
   0.0001316,   0.0443467
 0.000131604,   0.0442211
 0.000131608,    0.044598
 0.000131612,   0.0447236
 0.000131616,   0.0443467
  0.00013162,   0.0442211
 0.000131624,   0.0443467
 0.000131628,   0.0443467
 0.000131632,   0.0439698
 0.000131636,   0.0440955
  0.00013164,   0.0443467
 0.000131644,   0.0440955
 0.000131648,   0.0439698
 0.000131652,   0.0438442
 0.000131656,   0.0440955
  0.00013166,   0.0438442
 0.000131664,   0.0434673
 0.000131668,   0.0439698
 0.000131672,   0.0439698
 0.000131676,    0.043593
  0.00013168,   0.0434673
 0.000131684,   0.0438442
 0.000131688,   0.0438442
 0.000131692,   0.0430905
 0.000131696,   0.0433417
   0.0001317,   0.0437186
 0.000131704,   0.0430905
 0.000131708,   0.0429648
 0.000131712,   0.0433417
 0.000131716,   0.0433417
  0.00013172,   0.0428392
 0.000131724,   0.0428392
 0.000131728,   0.0428392
 0.000131732,   0.0427136
 0.000131736,   0.0428392
  0.00013174,   0.0429648
 0.000131744,   0.0427136
 0.000131748,   0.0425879
 0.000131752,   0.0429648
 0.000131756,   0.0429648
  0.00013176,   0.0424623
 0.000131764,   0.0424623
 0.000131768,   0.0425879
 0.000131772,   0.0427136
 0.000131776,   0.0425879
  0.00013178,   0.0423367
 0.000131784,   0.0422111
 0.000131788,   0.0422111
 0.000131792,   0.0424623
 0.000131796,   0.0419598
   0.0001318,   0.0418342
 0.000131804,   0.0419598
 0.000131808,   0.0420854
 0.000131812,   0.0420854
 0.000131816,   0.0420854
  0.00013182,   0.0418342
 0.000131824,   0.0415829
 0.000131828,   0.0418342
 0.000131832,   0.0419598
 0.000131836,   0.0417085
  0.00013184,   0.0415829
 0.000131844,   0.0415829
 0.000131848,   0.0419598
 0.000131852,   0.0415829
 0.000131856,   0.0414573
  0.00013186,   0.0414573
 0.000131864,   0.0414573
 0.000131868,   0.0415829
 0.000131872,   0.0415829
 0.000131876,   0.0413317
  0.00013188,    0.041206
 0.000131884,   0.0413317
 0.000131888,   0.0413317
 0.000131892,   0.0410804
 0.000131896,   0.0408291
   0.0001319,   0.0409548
 0.000131904,   0.0410804
 0.000131908,   0.0407035
 0.000131912,   0.0407035
 0.000131916,   0.0407035
  0.00013192,   0.0405779
 0.000131924,   0.0404523
 0.000131928,   0.0404523
 0.000131932,   0.0405779
 0.000131936,   0.0404523
  0.00013194,   0.0403266
 0.000131944,   0.0403266
 0.000131948,   0.0404523
 0.000131952,    0.040201
 0.000131956,    0.040201
  0.00013196,   0.0403266
 0.000131964,   0.0400754
 0.000131968,   0.0400754
 0.000131972,    0.040201
 0.000131976,   0.0400754
  0.00013198,   0.0399497
 0.000131984,   0.0399497
 0.000131988,   0.0398241
 0.000131992,   0.0396985
 0.000131996,   0.0398241
    0.000132,   0.0398241
 0.000132004,   0.0395729
 0.000132008,   0.0395729
 0.000132012,   0.0398241
 0.000132016,   0.0396985
  0.00013202,   0.0393216
 0.000132024,   0.0393216
 0.000132028,   0.0395729
 0.000132032,   0.0393216
 0.000132036,    0.039196
  0.00013204,   0.0393216
 0.000132044,   0.0393216
 0.000132048,    0.039196
 0.000132052,    0.039196
 0.000132056,   0.0390704
  0.00013206,   0.0389447
 0.000132064,   0.0388191
 0.000132068,   0.0389447
 0.000132072,   0.0390704
 0.000132076,   0.0388191
  0.00013208,   0.0388191
 0.000132084,   0.0386935
 0.000132088,   0.0385678
 0.000132092,   0.0384422
 0.000132096,   0.0383166
   0.0001321,   0.0384422
 0.000132104,   0.0383166
 0.000132108,   0.0383166
 0.000132112,   0.0383166
 0.000132116,    0.038191
  0.00013212,    0.038191
 0.000132124,    0.038191
 0.000132128,   0.0379397
 0.000132132,   0.0379397
 0.000132136,   0.0379397
  0.00013214,   0.0379397
 0.000132144,   0.0378141
 0.000132148,   0.0379397
 0.000132152,   0.0380653
 0.000132156,   0.0376884
  0.00013216,   0.0375628
 0.000132164,   0.0378141
 0.000132168,   0.0376884
 0.000132172,   0.0374372
 0.000132176,   0.0374372
  0.00013218,   0.0375628
 0.000132184,   0.0375628
 0.000132188,   0.0371859
 0.000132192,   0.0373116
 0.000132196,   0.0371859
   0.0001322,   0.0371859
 0.000132204,   0.0370603
 0.000132208,   0.0371859
 0.000132212,   0.0370603
 0.000132216,   0.0369347
  0.00013222,    0.036809
 0.000132224,   0.0369347
 0.000132228,    0.036809
 0.000132232,   0.0366834
 0.000132236,   0.0365578
  0.00013224,    0.036809
 0.000132244,    0.036809
 0.000132248,   0.0365578
 0.000132252,   0.0365578
 0.000132256,   0.0365578
  0.00013226,   0.0364322
 0.000132264,   0.0361809
 0.000132268,   0.0363065
 0.000132272,   0.0363065
 0.000132276,   0.0363065
  0.00013228,   0.0363065
 0.000132284,   0.0361809
 0.000132288,    0.035804
 0.000132292,   0.0361809
 0.000132296,   0.0361809
   0.0001323,   0.0359296
 0.000132304,   0.0356784
 0.000132308,   0.0359296
 0.000132312,   0.0360553
 0.000132316,   0.0356784
  0.00013232,   0.0355528
 0.000132324,    0.035804
 0.000132328,   0.0355528
 0.000132332,   0.0354271
 0.000132336,   0.0355528
  0.00013234,   0.0356784
 0.000132344,   0.0353015
 0.000132348,   0.0351759
 0.000132352,   0.0355528
 0.000132356,   0.0354271
  0.00013236,   0.0350503
 0.000132364,   0.0349246
 0.000132368,   0.0353015
 0.000132372,   0.0351759
 0.000132376,   0.0349246
  0.00013238,   0.0349246
 0.000132384,   0.0350503
 0.000132388,   0.0349246
 0.000132392,   0.0346734
 0.000132396,   0.0345477
   0.0001324,    0.034799
 0.000132404,   0.0345477
 0.000132408,   0.0345477
 0.000132412,   0.0345477
 0.000132416,   0.0345477
  0.00013242,   0.0344221
 0.000132424,   0.0341709
 0.000132428,   0.0342965
 0.000132432,   0.0342965
 0.000132436,   0.0342965
  0.00013244,   0.0341709
 0.000132444,   0.0341709
 0.000132448,   0.0340452
 0.000132452,   0.0340452
 0.000132456,   0.0340452
  0.00013246,   0.0339196
 0.000132464,   0.0339196
 0.000132468,    0.033794
 0.000132472,   0.0340452
 0.000132476,   0.0339196
  0.00013248,   0.0335427
 0.000132484,   0.0336683
 0.000132488,   0.0336683
 0.000132492,   0.0336683
 0.000132496,   0.0334171
   0.0001325,   0.0335427
 0.000132504,   0.0334171
 0.000132508,   0.0331658
 0.000132512,   0.0334171
 0.000132516,   0.0334171
  0.00013252,   0.0330402
 0.000132524,   0.0329146
 0.000132528,   0.0331658
 0.000132532,   0.0331658
 0.000132536,   0.0329146
  0.00013254,   0.0329146
 0.000132544,   0.0329146
 0.000132548,   0.0329146
 0.000132552,   0.0327889
 0.000132556,   0.0329146
  0.00013256,   0.0325377
 0.000132564,   0.0324121
 0.000132568,   0.0329146
 0.000132572,   0.0327889
 0.000132576,   0.0322864
  0.00013258,   0.0322864
 0.000132584,   0.0326633
 0.000132588,   0.0324121
 0.000132592,   0.0321608
 0.000132596,   0.0324121
   0.0001326,   0.0321608
 0.000132604,   0.0321608
 0.000132608,   0.0321608
 0.000132612,   0.0321608
 0.000132616,   0.0319095
  0.00013262,   0.0317839
 0.000132624,   0.0320352
 0.000132628,   0.0319095
 0.000132632,   0.0317839
 0.000132636,   0.0317839
  0.00013264,   0.0317839
 0.000132644,   0.0317839
 0.000132648,   0.0317839
 0.000132652,   0.0316583
 0.000132656,   0.0316583
  0.00013266,    0.031407
 0.000132664,    0.031407
 0.000132668,   0.0315327
 0.000132672,   0.0315327
 0.000132676,   0.0312814
  0.00013268,   0.0312814
 0.000132684,    0.031407
 0.000132688,   0.0311558
 0.000132692,   0.0309045
 0.000132696,   0.0310302
   0.0001327,   0.0310302
 0.000132704,   0.0307789
 0.000132708,   0.0309045
 0.000132712,   0.0310302
 0.000132716,   0.0310302
  0.00013272,   0.0305276
 0.000132724,   0.0306533
 0.000132728,   0.0307789
 0.000132732,   0.0305276
 0.000132736,   0.0306533
  0.00013274,   0.0305276
 0.000132744,   0.0306533
 0.000132748,   0.0305276
 0.000132752,    0.030402
 0.000132756,   0.0302764
  0.00013276,   0.0302764
 0.000132764,   0.0302764
 0.000132768,   0.0300251
 0.000132772,   0.0301508
 0.000132776,   0.0302764
  0.00013278,   0.0301508
 0.000132784,   0.0298995
 0.000132788,   0.0300251
 0.000132792,   0.0300251
 0.000132796,   0.0297739
   0.0001328,   0.0297739
 0.000132804,   0.0297739
 0.000132808,   0.0297739
 0.000132812,   0.0297739
 0.000132816,   0.0296482
  0.00013282,   0.0295226
 0.000132824,    0.029397
 0.000132828,   0.0295226
 0.000132832,   0.0295226
 0.000132836,   0.0292714
  0.00013284,    0.029397
 0.000132844,   0.0295226
 0.000132848,   0.0295226
 0.000132852,   0.0292714
 0.000132856,   0.0292714
  0.00013286,    0.029397
 0.000132864,   0.0292714
 0.000132868,   0.0291457
 0.000132872,   0.0291457
 0.000132876,   0.0291457
  0.00013288,   0.0290201
 0.000132884,   0.0290201
 0.000132888,   0.0286432
 0.000132892,   0.0285176
 0.000132896,   0.0287688
   0.0001329,   0.0286432
 0.000132904,   0.0285176
 0.000132908,   0.0285176
 0.000132912,   0.0285176
 0.000132916,   0.0282663
  0.00013292,   0.0282663
 0.000132924,    0.028392
 0.000132928,   0.0281407
 0.000132932,   0.0278894
 0.000132936,   0.0280151
  0.00013294,   0.0282663
 0.000132944,   0.0280151
 0.000132948,   0.0280151
 0.000132952,   0.0280151
 0.000132956,   0.0278894
  0.00013296,   0.0277638
 0.000132964,   0.0278894
 0.000132968,   0.0278894
 0.000132972,   0.0275126
 0.000132976,   0.0277638
  0.00013298,   0.0277638
 0.000132984,   0.0273869
 0.000132988,   0.0272613
 0.000132992,   0.0275126
 0.000132996,   0.0275126
    0.000133,   0.0273869
 0.000133004,   0.0272613
 0.000133008,   0.0273869
 0.000133012,   0.0272613
 0.000133016,   0.0272613
  0.00013302,     0.02701
 0.000133024,     0.02701
 0.000133028,     0.02701
 0.000133032,   0.0271357
 0.000133036,     0.02701
  0.00013304,   0.0268844
 0.000133044,   0.0268844
 0.000133048,   0.0268844
 0.000133052,   0.0268844
 0.000133056,   0.0266332
  0.00013306,   0.0265075
 0.000133064,   0.0265075
 0.000133068,   0.0266332
 0.000133072,   0.0267588
 0.000133076,   0.0266332
  0.00013308,   0.0263819
 0.000133084,   0.0261307
 0.000133088,   0.0262563
 0.000133092,   0.0263819
 0.000133096,   0.0261307
   0.0001331,   0.0261307
 0.000133104,    0.026005
 0.000133108,   0.0261307
 0.000133112,   0.0261307
 0.000133116,   0.0258794
  0.00013312,   0.0256281
 0.000133124,   0.0258794
 0.000133128,   0.0258794
 0.000133132,   0.0255025
 0.000133136,   0.0258794
  0.00013314,   0.0261307
 0.000133144,   0.0256281
 0.000133148,   0.0255025
 0.000133152,   0.0256281
 0.000133156,   0.0256281
  0.00013316,   0.0252513
 0.000133164,   0.0253769
 0.000133168,   0.0256281
 0.000133172,   0.0252513
 0.000133176,   0.0253769
  0.00013318,   0.0256281
 0.000133184,   0.0253769
 0.000133188,   0.0248744
 0.000133192,   0.0252513
 0.000133196,   0.0252513
   0.0001332,       0.025
 0.000133204,       0.025
 0.000133208,   0.0251256
 0.000133212,   0.0251256
 0.000133216,   0.0248744
  0.00013322,   0.0248744
 0.000133224,   0.0248744
 0.000133228,   0.0246231
 0.000133232,   0.0248744
 0.000133236,   0.0247487
  0.00013324,   0.0247487
 0.000133244,   0.0244975
 0.000133248,   0.0244975
 0.000133252,   0.0246231
 0.000133256,   0.0244975
  0.00013326,   0.0242462
 0.000133264,   0.0241206
 0.000133268,   0.0244975
 0.000133272,   0.0243719
 0.000133276,   0.0243719
  0.00013328,   0.0242462
 0.000133284,   0.0242462
 0.000133288,   0.0241206
 0.000133292,    0.023995
 0.000133296,   0.0238693
   0.0001333,   0.0238693
 0.000133304,   0.0238693
 0.000133308,   0.0238693
 0.000133312,   0.0236181
 0.000133316,   0.0237437
  0.00013332,   0.0237437
 0.000133324,   0.0236181
 0.000133328,   0.0234925
 0.000133332,   0.0234925
 0.000133336,   0.0236181
  0.00013334,   0.0234925
 0.000133344,   0.0236181
 0.000133348,   0.0237437
 0.000133352,   0.0236181
 0.000133356,   0.0232412
  0.00013336,   0.0233668
 0.000133364,   0.0236181
 0.000133368,   0.0232412
 0.000133372,   0.0232412
 0.000133376,   0.0231156
  0.00013338,   0.0232412
 0.000133384,   0.0232412
 0.000133388,   0.0229899
 0.000133392,   0.0228643
 0.000133396,   0.0228643
   0.0001334,   0.0228643
 0.000133404,   0.0228643
 0.000133408,   0.0228643
 0.000133412,   0.0231156
 0.000133416,   0.0228643
  0.00013342,   0.0226131
 0.000133424,   0.0228643
 0.000133428,   0.0228643
 0.000133432,   0.0226131
 0.000133436,   0.0227387
  0.00013344,   0.0229899
 0.000133444,   0.0227387
 0.000133448,   0.0224874
 0.000133452,   0.0227387
 0.000133456,   0.0227387
  0.00013346,   0.0223618
 0.000133464,   0.0224874
 0.000133468,   0.0226131
 0.000133472,   0.0224874
 0.000133476,   0.0223618
  0.00013348,   0.0224874
 0.000133484,   0.0223618
 0.000133488,   0.0219849
 0.000133492,   0.0221106
 0.000133496,   0.0221106
   0.0001335,   0.0219849
 0.000133504,   0.0219849
 0.000133508,   0.0219849
 0.000133512,   0.0219849
 0.000133516,   0.0218593
  0.00013352,    0.021608
 0.000133524,   0.0214824
 0.000133528,   0.0218593
 0.000133532,   0.0218593
 0.000133536,   0.0214824
  0.00013354,   0.0217337
 0.000133544,   0.0219849
 0.000133548,    0.021608
 0.000133552,   0.0213568
 0.000133556,   0.0217337
  0.00013356,    0.021608
 0.000133564,   0.0212312
 0.000133568,    0.021608
 0.000133572,    0.021608
 0.000133576,   0.0211055
  0.00013358,   0.0212312
 0.000133584,   0.0218593
 0.000133588,   0.0212312
 0.000133592,   0.0207286
 0.000133596,   0.0212312
   0.0001336,   0.0214824
 0.000133604,   0.0211055
 0.000133608,   0.0209799
 0.000133612,   0.0211055
 0.000133616,   0.0211055
  0.00013362,   0.0208543
 0.000133624,   0.0211055
 0.000133628,   0.0211055
 0.000133632,   0.0211055
 0.000133636,   0.0208543
  0.00013364,   0.0211055
 0.000133644,   0.0212312
 0.000133648,   0.0209799
 0.000133652,   0.0208543
 0.000133656,   0.0209799
  0.00013366,   0.0208543
 0.000133664,   0.0207286
 0.000133668,   0.0208543
 0.000133672,   0.0209799
 0.000133676,   0.0207286
  0.00013368,    0.020603
 0.000133684,   0.0207286
 0.000133688,   0.0204774
 0.000133692,   0.0203518
 0.000133696,   0.0204774
   0.0001337,    0.020603
 0.000133704,   0.0202261
 0.000133708,   0.0203518
 0.000133712,   0.0204774
 0.000133716,   0.0204774
  0.00013372,   0.0202261
 0.000133724,   0.0202261
 0.000133728,   0.0203518
 0.000133732,   0.0202261
 0.000133736,   0.0203518
  0.00013374,   0.0203518
 0.000133744,    0.020603
 0.000133748,   0.0202261
 0.000133752,   0.0202261
 0.000133756,   0.0204774
  0.00013376,   0.0201005
 0.000133764,   0.0198492
 0.000133768,   0.0202261
 0.000133772,    0.020603
 0.000133776,   0.0202261
  0.00013378,   0.0199749
 0.000133784,   0.0203518
 0.000133788,   0.0202261
 0.000133792,   0.0201005
 0.000133796,   0.0199749
   0.0001338,   0.0199749
 0.000133804,   0.0198492
 0.000133808,   0.0199749
 0.000133812,   0.0202261
 0.000133816,   0.0199749
  0.00013382,    0.019598
 0.000133824,   0.0199749
 0.000133828,   0.0199749
 0.000133832,   0.0198492
 0.000133836,   0.0198492
  0.00013384,   0.0199749
 0.000133844,   0.0198492
 0.000133848,   0.0199749
 0.000133852,   0.0199749
 0.000133856,   0.0201005
  0.00013386,    0.019598
 0.000133864,   0.0197236
 0.000133868,   0.0201005
 0.000133872,   0.0197236
 0.000133876,    0.019598
  0.00013388,   0.0197236
 0.000133884,   0.0199749
 0.000133888,   0.0197236
 0.000133892,   0.0197236
 0.000133896,   0.0197236
   0.0001339,    0.019598
 0.000133904,    0.019598
 0.000133908,   0.0197236
 0.000133912,    0.019598
 0.000133916,    0.019598
  0.00013392,   0.0193467
 0.000133924,   0.0193467
 0.000133928,   0.0194724
 0.000133932,    0.019598
 0.000133936,   0.0194724
  0.00013394,   0.0194724
 0.000133944,    0.019598
 0.000133948,    0.019598
 0.000133952,   0.0193467
 0.000133956,   0.0193467
  0.00013396,   0.0197236
 0.000133964,   0.0193467
 0.000133968,   0.0193467
 0.000133972,   0.0197236
 0.000133976,    0.019598
  0.00013398,   0.0193467
 0.000133984,   0.0194724
 0.000133988,   0.0197236
 0.000133992,   0.0193467
 0.000133996,   0.0192211
    0.000134,   0.0197236
 0.000134004,   0.0197236
 0.000134008,   0.0193467
 0.000134012,   0.0193467
 0.000134016,   0.0197236
  0.00013402,   0.0193467
 0.000134024,   0.0192211
 0.000134028,   0.0194724
 0.000134032,   0.0193467
 0.000134036,   0.0194724
  0.00013404,    0.019598
 0.000134044,   0.0194724
 0.000134048,   0.0194724
 0.000134052,   0.0194724
 0.000134056,   0.0194724
  0.00013406,   0.0192211
 0.000134064,   0.0194724
 0.000134068,   0.0194724
 0.000134072,   0.0193467
 0.000134076,   0.0194724
  0.00013408,   0.0194724
 0.000134084,   0.0190955
 0.000134088,   0.0190955
 0.000134092,    0.019598
 0.000134096,   0.0193467
   0.0001341,   0.0190955
 0.000134104,   0.0192211
 0.000134108,   0.0193467
 0.000134112,   0.0192211
 0.000134116,   0.0192211
  0.00013412,   0.0192211
 0.000134124,   0.0189698
 0.000134128,   0.0192211
 0.000134132,   0.0194724
 0.000134136,   0.0190955
  0.00013414,   0.0193467
 0.000134144,   0.0194724
 0.000134148,   0.0193467
 0.000134152,   0.0190955
 0.000134156,   0.0193467
  0.00013416,   0.0194724
 0.000134164,   0.0192211
 0.000134168,   0.0193467
 0.000134172,   0.0194724
 0.000134176,   0.0193467
  0.00013418,   0.0192211
 0.000134184,    0.019598
 0.000134188,   0.0194724
 0.000134192,   0.0190955
 0.000134196,   0.0190955
   0.0001342,    0.019598
 0.000134204,   0.0194724
 0.000134208,   0.0192211
 0.000134212,   0.0193467
 0.000134216,   0.0194724
  0.00013422,   0.0192211
 0.000134224,   0.0193467
 0.000134228,    0.019598
 0.000134232,   0.0193467
 0.000134236,   0.0192211
  0.00013424,   0.0197236
 0.000134244,   0.0198492
 0.000134248,   0.0194724
 0.000134252,   0.0194724
 0.000134256,    0.019598
  0.00013426,   0.0197236
 0.000134264,   0.0194724
 0.000134268,    0.019598
 0.000134272,    0.019598
 0.000134276,    0.019598
  0.00013428,   0.0193467
 0.000134284,   0.0194724
 0.000134288,   0.0197236
 0.000134292,   0.0192211
 0.000134296,   0.0189698
   0.0001343,    0.019598
 0.000134304,   0.0197236
 0.000134308,   0.0192211
 0.000134312,   0.0193467
 0.000134316,   0.0198492
  0.00013432,   0.0194724
 0.000134324,   0.0190955
 0.000134328,   0.0197236
 0.000134332,   0.0197236
 0.000134336,   0.0193467
  0.00013434,    0.019598
 0.000134344,   0.0201005
 0.000134348,   0.0198492
 0.000134352,    0.019598
 0.000134356,   0.0198492
  0.00013436,   0.0199749
 0.000134364,   0.0197236
 0.000134368,   0.0197236
 0.000134372,   0.0201005
 0.000134376,   0.0201005
  0.00013438,   0.0199749
 0.000134384,   0.0198492
 0.000134388,   0.0197236
 0.000134392,   0.0197236
 0.000134396,   0.0198492
   0.0001344,   0.0199749
 0.000134404,    0.019598
 0.000134408,   0.0197236
 0.000134412,   0.0201005
 0.000134416,   0.0199749
  0.00013442,   0.0197236
 0.000134424,   0.0199749
 0.000134428,   0.0201005
 0.000134432,   0.0198492
 0.000134436,   0.0199749
  0.00013444,   0.0201005
 0.000134444,   0.0201005
 0.000134448,   0.0201005
 0.000134452,   0.0201005
 0.000134456,   0.0201005
  0.00013446,   0.0198492
 0.000134464,   0.0199749
 0.000134468,   0.0202261
 0.000134472,   0.0203518
 0.000134476,   0.0203518
  0.00013448,   0.0201005
 0.000134484,   0.0201005
 0.000134488,   0.0201005
 0.000134492,   0.0203518
 0.000134496,   0.0203518
   0.0001345,   0.0202261
 0.000134504,   0.0202261
 0.000134508,   0.0203518
 0.000134512,    0.020603
 0.000134516,   0.0204774
  0.00013452,   0.0203518
 0.000134524,   0.0204774
 0.000134528,   0.0207286
 0.000134532,    0.020603
 0.000134536,   0.0207286
  0.00013454,   0.0211055
 0.000134544,   0.0207286
 0.000134548,   0.0204774
 0.000134552,    0.020603
 0.000134556,   0.0208543
  0.00013456,    0.020603
 0.000134564,   0.0204774
 0.000134568,   0.0209799
 0.000134572,   0.0208543
 0.000134576,   0.0204774
  0.00013458,   0.0207286
 0.000134584,   0.0211055
 0.000134588,   0.0207286
 0.000134592,   0.0207286
 0.000134596,   0.0208543
   0.0001346,   0.0208543
 0.000134604,   0.0208543
 0.000134608,   0.0208543
 0.000134612,   0.0209799
 0.000134616,   0.0209799
  0.00013462,   0.0209799
 0.000134624,   0.0212312
 0.000134628,   0.0211055
 0.000134632,   0.0211055
 0.000134636,   0.0212312
  0.00013464,   0.0212312
 0.000134644,   0.0212312
 0.000134648,   0.0212312
 0.000134652,   0.0213568
 0.000134656,   0.0213568
  0.00013466,   0.0211055
 0.000134664,   0.0212312
 0.000134668,   0.0214824
 0.000134672,    0.021608
 0.000134676,   0.0212312
  0.00013468,   0.0214824
 0.000134684,    0.021608
 0.000134688,   0.0211055
 0.000134692,   0.0212312
 0.000134696,   0.0214824
   0.0001347,   0.0214824
 0.000134704,   0.0212312
 0.000134708,    0.021608
 0.000134712,   0.0218593
 0.000134716,   0.0214824
  0.00013472,   0.0214824
 0.000134724,   0.0218593
 0.000134728,    0.021608
 0.000134732,   0.0213568
 0.000134736,   0.0218593
  0.00013474,   0.0221106
 0.000134744,   0.0214824
 0.000134748,   0.0217337
 0.000134752,   0.0221106
 0.000134756,   0.0222362
  0.00013476,    0.021608
 0.000134764,   0.0218593
 0.000134768,   0.0223618
 0.000134772,   0.0222362
 0.000134776,   0.0219849
  0.00013478,   0.0219849
 0.000134784,   0.0223618
 0.000134788,   0.0219849
 0.000134792,   0.0221106
 0.000134796,   0.0223618
   0.0001348,   0.0219849
 0.000134804,   0.0219849
 0.000134808,   0.0223618
 0.000134812,   0.0224874
 0.000134816,   0.0222362
  0.00013482,   0.0218593
 0.000134824,   0.0223618
 0.000134828,   0.0226131
 0.000134832,   0.0223618
 0.000134836,   0.0223618
  0.00013484,   0.0228643
 0.000134844,   0.0226131
 0.000134848,   0.0224874
 0.000134852,   0.0228643
 0.000134856,   0.0227387
  0.00013486,   0.0222362
 0.000134864,   0.0224874
 0.000134868,   0.0231156
 0.000134872,   0.0227387
 0.000134876,   0.0223618
  0.00013488,   0.0229899
 0.000134884,   0.0231156
 0.000134888,   0.0226131
 0.000134892,   0.0226131
 0.000134896,   0.0228643
   0.0001349,   0.0228643
 0.000134904,   0.0228643
 0.000134908,   0.0231156
 0.000134912,   0.0232412
 0.000134916,   0.0231156
  0.00013492,   0.0229899
 0.000134924,   0.0231156
 0.000134928,   0.0232412
 0.000134932,   0.0233668
 0.000134936,   0.0233668
  0.00013494,   0.0233668
 0.000134944,   0.0236181
 0.000134948,   0.0236181
 0.000134952,   0.0236181
 0.000134956,   0.0234925
  0.00013496,   0.0234925
 0.000134964,   0.0234925
 0.000134968,   0.0234925
 0.000134972,   0.0236181
 0.000134976,   0.0237437
  0.00013498,   0.0236181
 0.000134984,   0.0236181
 0.000134988,   0.0237437
 0.000134992,   0.0236181
 0.000134996,   0.0234925
    0.000135,   0.0238693
 0.000135004,    0.023995
 0.000135008,   0.0238693
 0.000135012,   0.0238693
 0.000135016,   0.0241206
  0.00013502,    0.023995
 0.000135024,   0.0238693
 0.000135028,    0.023995
 0.000135032,   0.0243719
 0.000135036,   0.0243719
  0.00013504,   0.0241206
 0.000135044,   0.0243719
 0.000135048,   0.0247487
 0.000135052,   0.0244975
 0.000135056,   0.0242462
  0.00013506,   0.0244975
 0.000135064,   0.0246231
 0.000135068,   0.0244975
 0.000135072,   0.0246231
 0.000135076,   0.0248744
  0.00013508,   0.0246231
 0.000135084,   0.0244975
 0.000135088,   0.0248744
 0.000135092,   0.0247487
 0.000135096,   0.0244975
   0.0001351,       0.025
 0.000135104,   0.0251256
 0.000135108,   0.0247487
 0.000135112,   0.0248744
 0.000135116,   0.0252513
  0.00013512,       0.025
 0.000135124,   0.0247487
 0.000135128,   0.0252513
 0.000135132,   0.0251256
 0.000135136,   0.0248744
  0.00013514,   0.0252513
 0.000135144,   0.0255025
 0.000135148,   0.0252513
 0.000135152,   0.0251256
 0.000135156,   0.0256281
  0.00013516,   0.0255025
 0.000135164,   0.0251256
 0.000135168,   0.0255025
 0.000135172,   0.0256281
 0.000135176,   0.0256281
  0.00013518,   0.0257538
 0.000135184,   0.0256281
 0.000135188,   0.0253769
 0.000135192,   0.0257538
 0.000135196,    0.026005
   0.0001352,   0.0257538
 0.000135204,   0.0256281
 0.000135208,   0.0261307
 0.000135212,   0.0261307
 0.000135216,    0.026005
  0.00013522,   0.0261307
 0.000135224,   0.0261307
 0.000135228,   0.0261307
 0.000135232,   0.0261307
 0.000135236,   0.0262563
  0.00013524,   0.0263819
 0.000135244,   0.0263819
 0.000135248,   0.0263819
 0.000135252,   0.0261307
 0.000135256,   0.0263819
  0.00013526,   0.0265075
 0.000135264,   0.0262563
 0.000135268,   0.0265075
 0.000135272,   0.0267588
 0.000135276,   0.0266332
  0.00013528,   0.0266332
 0.000135284,   0.0267588
 0.000135288,   0.0267588
 0.000135292,   0.0266332
 0.000135296,   0.0266332
   0.0001353,   0.0268844
 0.000135304,   0.0267588
 0.000135308,   0.0266332
 0.000135312,     0.02701
 0.000135316,   0.0272613
  0.00013532,     0.02701
 0.000135324,   0.0267588
 0.000135328,   0.0271357
 0.000135332,   0.0272613
 0.000135336,   0.0272613
  0.00013534,   0.0273869
 0.000135344,   0.0273869
 0.000135348,   0.0275126
 0.000135352,   0.0273869
 0.000135356,   0.0275126
  0.00013536,   0.0275126
 0.000135364,   0.0273869
 0.000135368,   0.0276382
 0.000135372,   0.0278894
 0.000135376,   0.0277638
  0.00013538,   0.0276382
 0.000135384,   0.0280151
 0.000135388,   0.0276382
 0.000135392,   0.0277638
 0.000135396,   0.0278894
   0.0001354,   0.0280151
 0.000135404,   0.0277638
 0.000135408,   0.0280151
 0.000135412,    0.028392
 0.000135416,   0.0280151
  0.00013542,   0.0278894
 0.000135424,   0.0282663
 0.000135428,    0.028392
 0.000135432,   0.0282663
 0.000135436,   0.0282663
  0.00013544,   0.0288945
 0.000135444,   0.0285176
 0.000135448,    0.028392
 0.000135452,   0.0285176
 0.000135456,   0.0286432
  0.00013546,   0.0285176
 0.000135464,   0.0285176
 0.000135468,   0.0287688
 0.000135472,   0.0288945
 0.000135476,   0.0288945
  0.00013548,   0.0290201
 0.000135484,   0.0290201
 0.000135488,   0.0288945
 0.000135492,   0.0288945
 0.000135496,   0.0291457
   0.0001355,   0.0290201
 0.000135504,   0.0291457
 0.000135508,   0.0292714
 0.000135512,    0.029397
 0.000135516,   0.0292714
  0.00013552,   0.0292714
 0.000135524,    0.029397
 0.000135528,    0.029397
 0.000135532,   0.0295226
 0.000135536,   0.0296482
  0.00013554,   0.0296482
 0.000135544,   0.0297739
 0.000135548,   0.0298995
 0.000135552,   0.0298995
 0.000135556,   0.0297739
  0.00013556,   0.0296482
 0.000135564,   0.0297739
 0.000135568,   0.0301508
 0.000135572,   0.0300251
 0.000135576,   0.0297739
  0.00013558,   0.0300251
 0.000135584,   0.0301508
 0.000135588,   0.0300251
 0.000135592,   0.0297739
 0.000135596,   0.0300251
   0.0001356,   0.0302764
 0.000135604,   0.0302764
 0.000135608,   0.0305276
 0.000135612,   0.0306533
 0.000135616,   0.0305276
  0.00013562,   0.0305276
 0.000135624,   0.0307789
 0.000135628,   0.0306533
 0.000135632,   0.0306533
 0.000135636,   0.0307789
  0.00013564,   0.0309045
 0.000135644,   0.0310302
 0.000135648,   0.0310302
 0.000135652,   0.0309045
 0.000135656,   0.0309045
  0.00013566,   0.0311558
 0.000135664,   0.0310302
 0.000135668,   0.0310302
 0.000135672,   0.0312814
 0.000135676,   0.0312814
  0.00013568,   0.0311558
 0.000135684,   0.0311558
 0.000135688,   0.0311558
 0.000135692,   0.0312814
 0.000135696,   0.0311558
   0.0001357,   0.0312814
 0.000135704,   0.0315327
 0.000135708,    0.031407
 0.000135712,   0.0315327
 0.000135716,   0.0316583
  0.00013572,   0.0316583
 0.000135724,   0.0315327
 0.000135728,   0.0315327
 0.000135732,   0.0320352
 0.000135736,   0.0319095
  0.00013574,   0.0316583
 0.000135744,   0.0321608
 0.000135748,   0.0325377
 0.000135752,   0.0320352
 0.000135756,   0.0320352
  0.00013576,   0.0322864
 0.000135764,   0.0321608
 0.000135768,   0.0320352
 0.000135772,   0.0325377
 0.000135776,   0.0324121
  0.00013578,   0.0319095
 0.000135784,   0.0324121
 0.000135788,   0.0326633
 0.000135792,   0.0322864
 0.000135796,   0.0321608
   0.0001358,   0.0326633
 0.000135804,   0.0326633
 0.000135808,   0.0324121
 0.000135812,   0.0329146
 0.000135816,   0.0329146
  0.00013582,   0.0326633
 0.000135824,   0.0327889
 0.000135828,   0.0331658
 0.000135832,   0.0331658
 0.000135836,   0.0329146
  0.00013584,   0.0331658
 0.000135844,   0.0334171
 0.000135848,   0.0331658
 0.000135852,   0.0330402
 0.000135856,   0.0332915
  0.00013586,   0.0332915
 0.000135864,   0.0331658
 0.000135868,   0.0332915
 0.000135872,   0.0335427
 0.000135876,   0.0334171
  0.00013588,   0.0334171
 0.000135884,   0.0335427
 0.000135888,   0.0335427
 0.000135892,   0.0334171
 0.000135896,   0.0335427
   0.0001359,    0.033794
 0.000135904,   0.0335427
 0.000135908,   0.0334171
 0.000135912,   0.0340452
 0.000135916,   0.0341709
  0.00013592,   0.0334171
 0.000135924,    0.033794
 0.000135928,   0.0342965
 0.000135932,   0.0340452
 0.000135936,   0.0339196
  0.00013594,   0.0344221
 0.000135944,   0.0345477
 0.000135948,   0.0341709
 0.000135952,   0.0341709
 0.000135956,   0.0345477
  0.00013596,   0.0342965
 0.000135964,   0.0341709
 0.000135968,   0.0345477
 0.000135972,   0.0346734
 0.000135976,   0.0345477
  0.00013598,   0.0344221
 0.000135984,    0.034799
 0.000135988,   0.0346734
 0.000135992,   0.0344221
 0.000135996,   0.0345477
    0.000136,   0.0349246
 0.000136004,   0.0346734
 0.000136008,   0.0346734
 0.000136012,   0.0350503
 0.000136016,   0.0351759
  0.00013602,    0.034799
 0.000136024,   0.0349246
 0.000136028,   0.0353015
 0.000136032,   0.0350503
 0.000136036,   0.0351759
  0.00013604,   0.0355528
 0.000136044,   0.0353015
 0.000136048,   0.0353015
 0.000136052,   0.0354271
 0.000136056,   0.0355528
  0.00013606,   0.0351759
 0.000136064,   0.0353015
 0.000136068,   0.0355528
 0.000136072,   0.0355528
 0.000136076,   0.0354271
  0.00013608,   0.0355528
 0.000136084,   0.0354271
 0.000136088,   0.0351759
 0.000136092,   0.0354271
 0.000136096,   0.0356784
   0.0001361,   0.0353015
 0.000136104,   0.0354271
 0.000136108,    0.035804
 0.000136112,    0.035804
 0.000136116,   0.0354271
  0.00013612,   0.0355528
 0.000136124,   0.0359296
 0.000136128,   0.0359296
 0.000136132,   0.0356784
 0.000136136,   0.0359296
  0.00013614,   0.0363065
 0.000136144,   0.0361809
 0.000136148,   0.0359296
 0.000136152,   0.0361809
 0.000136156,   0.0361809
  0.00013616,   0.0359296
 0.000136164,   0.0360553
 0.000136168,   0.0364322
 0.000136172,   0.0364322
 0.000136176,   0.0361809
  0.00013618,   0.0361809
 0.000136184,   0.0361809
 0.000136188,   0.0363065
 0.000136192,   0.0363065
 0.000136196,   0.0361809
   0.0001362,   0.0360553
 0.000136204,   0.0361809
 0.000136208,   0.0365578
 0.000136212,   0.0364322
 0.000136216,   0.0363065
  0.00013622,   0.0364322
 0.000136224,   0.0365578
 0.000136228,   0.0365578
 0.000136232,   0.0365578
 0.000136236,    0.036809
  0.00013624,   0.0366834
 0.000136244,   0.0365578
 0.000136248,    0.036809
 0.000136252,   0.0370603
 0.000136256,    0.036809
  0.00013626,   0.0364322
 0.000136264,    0.036809
 0.000136268,   0.0370603
 0.000136272,   0.0369347
 0.000136276,   0.0369347
  0.00013628,   0.0369347
 0.000136284,    0.036809
 0.000136288,   0.0366834
 0.000136292,    0.036809
 0.000136296,    0.036809
   0.0001363,   0.0366834
 0.000136304,    0.036809
 0.000136308,   0.0373116
 0.000136312,   0.0371859
 0.000136316,   0.0369347
  0.00013632,   0.0369347
 0.000136324,   0.0371859
 0.000136328,   0.0374372
 0.000136332,   0.0373116
 0.000136336,   0.0371859
  0.00013634,   0.0373116
 0.000136344,   0.0374372
 0.000136348,   0.0375628
 0.000136352,   0.0373116
 0.000136356,   0.0371859
  0.00013636,   0.0371859
 0.000136364,   0.0373116
 0.000136368,   0.0374372
 0.000136372,   0.0374372
 0.000136376,   0.0375628
  0.00013638,   0.0373116
 0.000136384,   0.0371859
 0.000136388,   0.0376884
 0.000136392,   0.0375628
 0.000136396,   0.0370603
   0.0001364,   0.0373116
 0.000136404,   0.0378141
 0.000136408,   0.0375628
 0.000136412,   0.0374372
 0.000136416,   0.0378141
  0.00013642,   0.0378141
 0.000136424,   0.0373116
 0.000136428,   0.0374372
 0.000136432,   0.0379397
 0.000136436,   0.0378141
  0.00013644,   0.0375628
 0.000136444,   0.0378141
 0.000136448,   0.0380653
 0.000136452,   0.0378141
 0.000136456,   0.0376884
  0.00013646,   0.0378141
 0.000136464,   0.0379397
 0.000136468,   0.0379397
 0.000136472,   0.0379397
 0.000136476,   0.0376884
  0.00013648,   0.0376884
 0.000136484,   0.0379397
 0.000136488,   0.0379397
 0.000136492,   0.0376884
 0.000136496,   0.0376884
   0.0001365,   0.0378141
 0.000136504,   0.0380653
 0.000136508,   0.0379397
 0.000136512,   0.0379397
 0.000136516,   0.0380653
  0.00013652,   0.0378141
 0.000136524,   0.0379397
 0.000136528,    0.038191
 0.000136532,   0.0383166
 0.000136536,   0.0380653
  0.00013654,   0.0379397
 0.000136544,   0.0383166
 0.000136548,   0.0384422
 0.000136552,   0.0379397
 0.000136556,   0.0379397
  0.00013656,   0.0384422
 0.000136564,   0.0383166
 0.000136568,   0.0380653
 0.000136572,    0.038191
 0.000136576,   0.0383166
  0.00013658,   0.0383166
 0.000136584,    0.038191
 0.000136588,    0.038191
 0.000136592,    0.038191
 0.000136596,    0.038191
   0.0001366,    0.038191
 0.000136604,   0.0383166
 0.000136608,   0.0383166
 0.000136612,   0.0384422
 0.000136616,    0.038191
  0.00013662,    0.038191
 0.000136624,   0.0383166
 0.000136628,   0.0384422
 0.000136632,    0.038191
 0.000136636,   0.0383166
  0.00013664,   0.0385678
 0.000136644,   0.0385678
 0.000136648,   0.0383166
 0.000136652,   0.0383166
 0.000136656,   0.0384422
  0.00013666,   0.0383166
 0.000136664,    0.038191
 0.000136668,   0.0383166
 0.000136672,   0.0385678
 0.000136676,    0.038191
  0.00013668,   0.0383166
 0.000136684,   0.0386935
 0.000136688,    0.038191
 0.000136692,   0.0379397
 0.000136696,   0.0384422
   0.0001367,   0.0388191
 0.000136704,    0.038191
 0.000136708,   0.0384422
 0.000136712,   0.0386935
 0.000136716,   0.0384422
  0.00013672,   0.0383166
 0.000136724,   0.0385678
 0.000136728,   0.0385678
 0.000136732,   0.0384422
 0.000136736,   0.0384422
  0.00013674,   0.0388191
 0.000136744,   0.0386935
 0.000136748,   0.0386935
 0.000136752,   0.0384422
 0.000136756,   0.0384422
  0.00013676,   0.0385678
 0.000136764,   0.0383166
 0.000136768,   0.0383166
 0.000136772,   0.0385678
 0.000136776,   0.0385678
  0.00013678,   0.0383166
 0.000136784,   0.0383166
 0.000136788,   0.0386935
 0.000136792,   0.0384422
 0.000136796,   0.0383166
   0.0001368,   0.0385678
 0.000136804,   0.0385678
 0.000136808,   0.0385678
 0.000136812,   0.0386935
 0.000136816,   0.0386935
  0.00013682,   0.0384422
 0.000136824,   0.0385678
 0.000136828,   0.0385678
 0.000136832,   0.0384422
 0.000136836,   0.0384422
  0.00013684,   0.0385678
 0.000136844,   0.0386935
 0.000136848,   0.0385678
 0.000136852,   0.0384422
 0.000136856,   0.0383166
  0.00013686,   0.0384422
 0.000136864,   0.0384422
 0.000136868,   0.0384422
 0.000136872,   0.0385678
 0.000136876,   0.0384422
  0.00013688,   0.0384422
 0.000136884,   0.0383166
 0.000136888,   0.0383166
 0.000136892,   0.0383166
 0.000136896,   0.0383166
   0.0001369,   0.0383166
 0.000136904,    0.038191
 0.000136908,   0.0384422
 0.000136912,   0.0385678
 0.000136916,   0.0384422
  0.00013692,    0.038191
 0.000136924,   0.0383166
 0.000136928,   0.0385678
 0.000136932,    0.038191
 0.000136936,   0.0384422
  0.00013694,   0.0388191
 0.000136944,   0.0385678
 0.000136948,    0.038191
 0.000136952,   0.0386935
 0.000136956,   0.0388191
  0.00013696,   0.0380653
 0.000136964,    0.038191
 0.000136968,   0.0386935
 0.000136972,   0.0384422
 0.000136976,    0.038191
  0.00013698,   0.0383166
 0.000136984,   0.0384422
 0.000136988,    0.038191
 0.000136992,   0.0384422
 0.000136996,    0.038191
