     7.9E-05,  -0.0101759
  7.9004E-05,  -0.0101759
  7.9008E-05,   -0.009799
  7.9012E-05,  -0.0101759
  7.9016E-05,  -0.0101759
   7.902E-05,   -0.009799
  7.9024E-05,  -0.0101759
  7.9028E-05,  -0.0101759
  7.9032E-05,  -0.0101759
  7.9036E-05,  -0.0101759
   7.904E-05,   -0.009799
  7.9044E-05,  -0.0101759
  7.9048E-05,  -0.0101759
  7.9052E-05,   -0.009799
  7.9056E-05,  -0.0101759
   7.906E-05,  -0.0101759
  7.9064E-05,  -0.0101759
  7.9068E-05,  -0.0101759
  7.9072E-05,   -0.009799
  7.9076E-05,  -0.0101759
   7.908E-05,  -0.0101759
  7.9084E-05,  -0.0101759
  7.9088E-05,  -0.0101759
  7.9092E-05,  -0.0101759
  7.9096E-05,  -0.0101759
    7.91E-05,  -0.0101759
  7.9104E-05,  -0.0101759
  7.9108E-05,  -0.0101759
  7.9112E-05,  -0.0101759
  7.9116E-05,  -0.0101759
   7.912E-05,  -0.0101759
  7.9124E-05,  -0.0101759
  7.9128E-05,  -0.0101759
  7.9132E-05,  -0.0101759
  7.9136E-05,  -0.0101759
   7.914E-05,  -0.0101759
  7.9144E-05,  -0.0101759
  7.9148E-05,  -0.0101759
  7.9152E-05,  -0.0101759
  7.9156E-05,  -0.0101759
   7.916E-05,  -0.0105528
  7.9164E-05,  -0.0101759
  7.9168E-05,  -0.0101759
  7.9172E-05,  -0.0105528
  7.9176E-05,  -0.0101759
   7.918E-05,  -0.0101759
  7.9184E-05,  -0.0105528
  7.9188E-05,  -0.0105528
  7.9192E-05,  -0.0101759
  7.9196E-05,  -0.0105528
    7.92E-05,  -0.0105528
  7.9204E-05,  -0.0105528
  7.9208E-05,  -0.0101759
  7.9212E-05,  -0.0101759
  7.9216E-05,  -0.0105528
   7.922E-05,  -0.0101759
  7.9224E-05,  -0.0101759
  7.9228E-05,  -0.0105528
  7.9232E-05,  -0.0105528
  7.9236E-05,  -0.0105528
   7.924E-05,  -0.0101759
  7.9244E-05,  -0.0101759
  7.9248E-05,  -0.0105528
  7.9252E-05,  -0.0101759
  7.9256E-05,  -0.0105528
   7.926E-05,  -0.0105528
  7.9264E-05,  -0.0105528
  7.9268E-05,  -0.0105528
  7.9272E-05,  -0.0105528
  7.9276E-05,  -0.0105528
   7.928E-05,  -0.0105528
  7.9284E-05,  -0.0105528
  7.9288E-05,  -0.0109296
  7.9292E-05,  -0.0105528
  7.9296E-05,  -0.0105528
    7.93E-05,  -0.0105528
  7.9304E-05,  -0.0105528
  7.9308E-05,  -0.0105528
  7.9312E-05,  -0.0105528
  7.9316E-05,  -0.0105528
   7.932E-05,  -0.0105528
  7.9324E-05,  -0.0105528
  7.9328E-05,  -0.0105528
  7.9332E-05,  -0.0109296
  7.9336E-05,  -0.0105528
   7.934E-05,  -0.0105528
  7.9344E-05,  -0.0105528
  7.9348E-05,  -0.0105528
  7.9352E-05,  -0.0109296
  7.9356E-05,  -0.0109296
   7.936E-05,  -0.0105528
  7.9364E-05,  -0.0109296
  7.9368E-05,  -0.0109296
  7.9372E-05,  -0.0109296
  7.9376E-05,  -0.0109296
   7.938E-05,  -0.0105528
  7.9384E-05,  -0.0109296
  7.9388E-05,  -0.0109296
  7.9392E-05,  -0.0105528
  7.9396E-05,  -0.0109296
    7.94E-05,  -0.0105528
  7.9404E-05,  -0.0109296
  7.9408E-05,  -0.0105528
  7.9412E-05,  -0.0109296
  7.9416E-05,  -0.0113065
   7.942E-05,  -0.0109296
  7.9424E-05,  -0.0105528
  7.9428E-05,  -0.0109296
  7.9432E-05,  -0.0109296
  7.9436E-05,  -0.0109296
   7.944E-05,  -0.0109296
  7.9444E-05,  -0.0109296
  7.9448E-05,  -0.0109296
  7.9452E-05,  -0.0109296
  7.9456E-05,  -0.0109296
   7.946E-05,  -0.0113065
  7.9464E-05,  -0.0109296
  7.9468E-05,  -0.0109296
  7.9472E-05,  -0.0109296
  7.9476E-05,  -0.0109296
   7.948E-05,  -0.0109296
  7.9484E-05,  -0.0109296
  7.9488E-05,  -0.0109296
  7.9492E-05,  -0.0109296
  7.9496E-05,  -0.0109296
    7.95E-05,  -0.0109296
  7.9504E-05,  -0.0109296
  7.9508E-05,  -0.0109296
  7.9512E-05,  -0.0109296
  7.9516E-05,  -0.0109296
   7.952E-05,  -0.0109296
  7.9524E-05,  -0.0109296
  7.9528E-05,  -0.0109296
  7.9532E-05,  -0.0109296
  7.9536E-05,  -0.0109296
   7.954E-05,  -0.0109296
  7.9544E-05,  -0.0109296
  7.9548E-05,  -0.0105528
  7.9552E-05,  -0.0109296
  7.9556E-05,  -0.0109296
   7.956E-05,  -0.0109296
  7.9564E-05,  -0.0113065
  7.9568E-05,  -0.0109296
  7.9572E-05,  -0.0109296
  7.9576E-05,  -0.0109296
   7.958E-05,  -0.0109296
  7.9584E-05,  -0.0113065
  7.9588E-05,  -0.0109296
  7.9592E-05,  -0.0109296
  7.9596E-05,  -0.0109296
    7.96E-05,  -0.0109296
  7.9604E-05,  -0.0109296
  7.9608E-05,  -0.0109296
  7.9612E-05,  -0.0109296
  7.9616E-05,  -0.0113065
   7.962E-05,  -0.0109296
  7.9624E-05,  -0.0109296
  7.9628E-05,  -0.0113065
  7.9632E-05,  -0.0109296
  7.9636E-05,  -0.0109296
   7.964E-05,  -0.0109296
  7.9644E-05,  -0.0109296
  7.9648E-05,  -0.0109296
  7.9652E-05,  -0.0105528
  7.9656E-05,  -0.0109296
   7.966E-05,  -0.0109296
  7.9664E-05,  -0.0105528
  7.9668E-05,  -0.0109296
  7.9672E-05,  -0.0109296
  7.9676E-05,  -0.0105528
   7.968E-05,  -0.0109296
  7.9684E-05,  -0.0109296
  7.9688E-05,  -0.0109296
  7.9692E-05,  -0.0109296
  7.9696E-05,  -0.0109296
    7.97E-05,  -0.0113065
  7.9704E-05,  -0.0109296
  7.9708E-05,  -0.0109296
  7.9712E-05,  -0.0109296
  7.9716E-05,  -0.0109296
   7.972E-05,  -0.0109296
  7.9724E-05,  -0.0109296
  7.9728E-05,  -0.0109296
  7.9732E-05,  -0.0109296
  7.9736E-05,  -0.0109296
   7.974E-05,  -0.0109296
  7.9744E-05,  -0.0109296
  7.9748E-05,  -0.0109296
  7.9752E-05,  -0.0109296
  7.9756E-05,  -0.0109296
   7.976E-05,  -0.0109296
  7.9764E-05,  -0.0109296
  7.9768E-05,  -0.0109296
  7.9772E-05,  -0.0109296
  7.9776E-05,  -0.0109296
   7.978E-05,  -0.0105528
  7.9784E-05,  -0.0109296
  7.9788E-05,  -0.0109296
  7.9792E-05,  -0.0109296
  7.9796E-05,  -0.0113065
    7.98E-05,  -0.0109296
  7.9804E-05,  -0.0109296
  7.9808E-05,  -0.0109296
  7.9812E-05,  -0.0109296
  7.9816E-05,  -0.0109296
   7.982E-05,  -0.0109296
  7.9824E-05,  -0.0105528
  7.9828E-05,  -0.0113065
  7.9832E-05,  -0.0109296
  7.9836E-05,  -0.0105528
   7.984E-05,  -0.0109296
  7.9844E-05,  -0.0109296
  7.9848E-05,  -0.0109296
  7.9852E-05,  -0.0105528
  7.9856E-05,  -0.0109296
   7.986E-05,  -0.0109296
  7.9864E-05,  -0.0105528
  7.9868E-05,  -0.0109296
  7.9872E-05,  -0.0109296
  7.9876E-05,  -0.0105528
   7.988E-05,  -0.0109296
  7.9884E-05,  -0.0109296
  7.9888E-05,  -0.0109296
  7.9892E-05,  -0.0109296
  7.9896E-05,  -0.0105528
    7.99E-05,  -0.0109296
  7.9904E-05,  -0.0109296
  7.9908E-05,  -0.0105528
  7.9912E-05,  -0.0109296
  7.9916E-05,  -0.0105528
   7.992E-05,  -0.0105528
  7.9924E-05,  -0.0105528
  7.9928E-05,  -0.0105528
  7.9932E-05,  -0.0105528
  7.9936E-05,  -0.0105528
   7.994E-05,  -0.0105528
  7.9944E-05,  -0.0109296
  7.9948E-05,  -0.0105528
  7.9952E-05,  -0.0105528
  7.9956E-05,  -0.0109296
   7.996E-05,  -0.0105528
  7.9964E-05,  -0.0105528
  7.9968E-05,  -0.0109296
  7.9972E-05,  -0.0105528
  7.9976E-05,  -0.0109296
   7.998E-05,  -0.0105528
  7.9984E-05,  -0.0109296
  7.9988E-05,  -0.0109296
  7.9992E-05,   -0.009799
  7.9996E-05,   -0.009799
       8E-05, -0.00791457
  8.0004E-05, -0.00791457
  8.0008E-05,   -0.009799
  8.0012E-05, -0.00942211
  8.0016E-05, -0.00753769
   8.002E-05,  -0.0128141
  8.0024E-05,  -0.0180905
  8.0028E-05,  -0.0143216
  8.0032E-05,  -0.0120603
  8.0036E-05,  -0.0165829
   8.004E-05,  -0.0135678
  8.0044E-05, -0.00414573
  8.0048E-05, -0.00678392
  8.0052E-05,  -0.0116834
  8.0056E-05, -0.00678392
   8.006E-05, -0.00640704
  8.0064E-05,  -0.0135678
  8.0068E-05,   -0.016206
  8.0072E-05,  -0.0113065
  8.0076E-05,   -0.013191
   8.008E-05,  -0.0154523
  8.0084E-05,  -0.0101759
  8.0088E-05, -0.00640704
  8.0092E-05, -0.00866834
  8.0096E-05, -0.00942211
    8.01E-05, -0.00791457
  8.0104E-05,   -0.009799
  8.0108E-05,  -0.0116834
  8.0112E-05,  -0.0109296
  8.0116E-05,  -0.0105528
   8.012E-05,  -0.0113065
  8.0124E-05,  -0.0124372
  8.0128E-05,  -0.0116834
  8.0132E-05,  -0.0105528
  8.0136E-05,  -0.0101759
   8.014E-05,  -0.0101759
  8.0144E-05,  -0.0105528
  8.0148E-05,  -0.0101759
  8.0152E-05,  -0.0113065
  8.0156E-05,  -0.0116834
   8.016E-05,  -0.0109296
  8.0164E-05,  -0.0101759
  8.0168E-05,  -0.0105528
  8.0172E-05,  -0.0109296
  8.0176E-05,  -0.0109296
   8.018E-05,  -0.0113065
  8.0184E-05,  -0.0116834
  8.0188E-05,  -0.0113065
  8.0192E-05,  -0.0101759
  8.0196E-05,  -0.0105528
    8.02E-05,  -0.0109296
  8.0204E-05,  -0.0109296
  8.0208E-05,  -0.0109296
  8.0212E-05,  -0.0109296
  8.0216E-05,  -0.0109296
   8.022E-05,  -0.0105528
  8.0224E-05,  -0.0105528
  8.0228E-05,  -0.0113065
  8.0232E-05,  -0.0113065
  8.0236E-05,  -0.0105528
   8.024E-05,  -0.0109296
  8.0244E-05,  -0.0105528
  8.0248E-05,  -0.0105528
  8.0252E-05,  -0.0101759
  8.0256E-05,  -0.0105528
   8.026E-05,  -0.0113065
  8.0264E-05,  -0.0105528
  8.0268E-05,  -0.0101759
  8.0272E-05,  -0.0109296
  8.0276E-05,  -0.0113065
   8.028E-05,  -0.0105528
  8.0284E-05,  -0.0113065
  8.0288E-05,  -0.0113065
  8.0292E-05,  -0.0105528
  8.0296E-05,  -0.0101759
    8.03E-05,  -0.0105528
  8.0304E-05,  -0.0109296
  8.0308E-05,  -0.0105528
  8.0312E-05,  -0.0109296
  8.0316E-05,  -0.0109296
   8.032E-05,  -0.0105528
  8.0324E-05,  -0.0105528
  8.0328E-05,  -0.0105528
  8.0332E-05,  -0.0109296
  8.0336E-05,  -0.0109296
   8.034E-05,  -0.0109296
  8.0344E-05,  -0.0105528
  8.0348E-05,  -0.0101759
  8.0352E-05,  -0.0101759
  8.0356E-05,  -0.0105528
   8.036E-05,  -0.0105528
  8.0364E-05,  -0.0105528
  8.0368E-05,  -0.0105528
  8.0372E-05,  -0.0105528
  8.0376E-05,  -0.0105528
   8.038E-05,  -0.0109296
  8.0384E-05,  -0.0109296
  8.0388E-05,  -0.0109296
  8.0392E-05,  -0.0109296
  8.0396E-05,  -0.0113065
    8.04E-05,  -0.0105528
  8.0404E-05,  -0.0105528
  8.0408E-05,  -0.0105528
  8.0412E-05,  -0.0105528
  8.0416E-05,  -0.0105528
   8.042E-05,  -0.0109296
  8.0424E-05,  -0.0105528
  8.0428E-05,  -0.0105528
  8.0432E-05,  -0.0105528
  8.0436E-05,  -0.0109296
   8.044E-05,  -0.0109296
  8.0444E-05,  -0.0105528
  8.0448E-05,  -0.0105528
  8.0452E-05,  -0.0105528
  8.0456E-05,  -0.0105528
   8.046E-05,  -0.0105528
  8.0464E-05,  -0.0105528
  8.0468E-05,  -0.0105528
  8.0472E-05,  -0.0105528
  8.0476E-05,  -0.0101759
   8.048E-05,  -0.0101759
  8.0484E-05,  -0.0105528
  8.0488E-05,  -0.0101759
  8.0492E-05,  -0.0105528
  8.0496E-05,  -0.0105528
    8.05E-05,  -0.0105528
  8.0504E-05,  -0.0105528
  8.0508E-05,  -0.0105528
  8.0512E-05,  -0.0105528
  8.0516E-05,  -0.0105528
   8.052E-05,  -0.0101759
  8.0524E-05,  -0.0101759
  8.0528E-05,  -0.0101759
  8.0532E-05,  -0.0101759
  8.0536E-05,  -0.0101759
   8.054E-05,  -0.0101759
  8.0544E-05,  -0.0101759
  8.0548E-05,  -0.0101759
  8.0552E-05,  -0.0101759
  8.0556E-05,  -0.0101759
   8.056E-05,   -0.009799
  8.0564E-05,   -0.009799
  8.0568E-05,  -0.0101759
  8.0572E-05,   -0.009799
  8.0576E-05,  -0.0101759
   8.058E-05,  -0.0101759
  8.0584E-05,  -0.0101759
  8.0588E-05,  -0.0101759
  8.0592E-05,   -0.009799
  8.0596E-05,  -0.0101759
    8.06E-05,   -0.009799
  8.0604E-05,   -0.009799
  8.0608E-05,   -0.009799
  8.0612E-05,   -0.009799
  8.0616E-05,   -0.009799
   8.062E-05,   -0.009799
  8.0624E-05,   -0.009799
  8.0628E-05,   -0.009799
  8.0632E-05,   -0.009799
  8.0636E-05, -0.00942211
   8.064E-05,   -0.009799
  8.0644E-05,   -0.009799
  8.0648E-05, -0.00942211
  8.0652E-05, -0.00942211
  8.0656E-05,   -0.009799
   8.066E-05,   -0.009799
  8.0664E-05, -0.00942211
  8.0668E-05, -0.00942211
  8.0672E-05, -0.00942211
  8.0676E-05, -0.00904523
   8.068E-05, -0.00904523
  8.0684E-05, -0.00942211
  8.0688E-05, -0.00904523
  8.0692E-05, -0.00904523
  8.0696E-05, -0.00904523
    8.07E-05, -0.00942211
  8.0704E-05, -0.00942211
  8.0708E-05, -0.00904523
  8.0712E-05, -0.00904523
  8.0716E-05, -0.00904523
   8.072E-05, -0.00866834
  8.0724E-05, -0.00866834
  8.0728E-05, -0.00904523
  8.0732E-05, -0.00866834
  8.0736E-05, -0.00904523
   8.074E-05, -0.00866834
  8.0744E-05, -0.00904523
  8.0748E-05, -0.00866834
  8.0752E-05, -0.00866834
  8.0756E-05, -0.00866834
   8.076E-05, -0.00866834
  8.0764E-05, -0.00829146
  8.0768E-05, -0.00866834
  8.0772E-05, -0.00866834
  8.0776E-05, -0.00866834
   8.078E-05, -0.00866834
  8.0784E-05, -0.00829146
  8.0788E-05, -0.00866834
  8.0792E-05, -0.00829146
  8.0796E-05, -0.00829146
    8.08E-05, -0.00866834
  8.0804E-05, -0.00829146
  8.0808E-05, -0.00829146
  8.0812E-05, -0.00829146
  8.0816E-05, -0.00829146
   8.082E-05, -0.00829146
  8.0824E-05, -0.00829146
  8.0828E-05, -0.00829146
  8.0832E-05, -0.00829146
  8.0836E-05, -0.00791457
   8.084E-05, -0.00791457
  8.0844E-05, -0.00791457
  8.0848E-05, -0.00753769
  8.0852E-05, -0.00791457
  8.0856E-05, -0.00791457
   8.086E-05, -0.00791457
  8.0864E-05, -0.00753769
  8.0868E-05, -0.00753769
  8.0872E-05, -0.00791457
  8.0876E-05, -0.00753769
   8.088E-05,  -0.0071608
  8.0884E-05, -0.00753769
  8.0888E-05, -0.00791457
  8.0892E-05, -0.00753769
  8.0896E-05, -0.00753769
    8.09E-05, -0.00753769
  8.0904E-05, -0.00753769
  8.0908E-05,  -0.0071608
  8.0912E-05,  -0.0071608
  8.0916E-05, -0.00753769
   8.092E-05,  -0.0071608
  8.0924E-05,  -0.0071608
  8.0928E-05, -0.00753769
  8.0932E-05,  -0.0071608
  8.0936E-05,  -0.0071608
   8.094E-05,  -0.0071608
  8.0944E-05, -0.00753769
  8.0948E-05, -0.00753769
  8.0952E-05,  -0.0071608
  8.0956E-05,  -0.0071608
   8.096E-05,  -0.0071608
  8.0964E-05,  -0.0071608
  8.0968E-05,  -0.0071608
  8.0972E-05,  -0.0071608
  8.0976E-05,  -0.0071608
   8.098E-05,  -0.0071608
  8.0984E-05, -0.00678392
  8.0988E-05,  -0.0071608
  8.0992E-05,  -0.0071608
  8.0996E-05, -0.00678392
     8.1E-05,  -0.0071608
  8.1004E-05, -0.00678392
  8.1008E-05, -0.00678392
  8.1012E-05,  -0.0071608
  8.1016E-05, -0.00678392
   8.102E-05,  -0.0071608
  8.1024E-05,  -0.0071608
  8.1028E-05, -0.00678392
  8.1032E-05, -0.00678392
  8.1036E-05, -0.00678392
   8.104E-05,  -0.0071608
  8.1044E-05, -0.00678392
  8.1048E-05, -0.00678392
  8.1052E-05, -0.00678392
  8.1056E-05, -0.00678392
   8.106E-05, -0.00678392
  8.1064E-05, -0.00678392
  8.1068E-05,  -0.0071608
  8.1072E-05, -0.00678392
  8.1076E-05, -0.00678392
   8.108E-05, -0.00640704
  8.1084E-05,  -0.0071608
  8.1088E-05, -0.00678392
  8.1092E-05, -0.00640704
  8.1096E-05, -0.00678392
    8.11E-05, -0.00678392
  8.1104E-05, -0.00678392
  8.1108E-05, -0.00640704
  8.1112E-05, -0.00678392
  8.1116E-05,  -0.0071608
   8.112E-05, -0.00678392
  8.1124E-05, -0.00678392
  8.1128E-05, -0.00678392
  8.1132E-05, -0.00678392
  8.1136E-05, -0.00678392
   8.114E-05, -0.00678392
  8.1144E-05, -0.00678392
  8.1148E-05,  -0.0071608
  8.1152E-05, -0.00678392
  8.1156E-05,  -0.0071608
   8.116E-05,  -0.0071608
  8.1164E-05, -0.00678392
  8.1168E-05,  -0.0071608
  8.1172E-05,  -0.0071608
  8.1176E-05,  -0.0071608
   8.118E-05,  -0.0071608
  8.1184E-05,  -0.0071608
  8.1188E-05, -0.00753769
  8.1192E-05, -0.00753769
  8.1196E-05,  -0.0071608
    8.12E-05, -0.00753769
  8.1204E-05,  -0.0071608
  8.1208E-05, -0.00753769
  8.1212E-05, -0.00791457
  8.1216E-05, -0.00753769
   8.122E-05, -0.00753769
  8.1224E-05, -0.00753769
  8.1228E-05, -0.00791457
  8.1232E-05, -0.00791457
  8.1236E-05, -0.00753769
   8.124E-05, -0.00791457
  8.1244E-05, -0.00791457
  8.1248E-05, -0.00791457
  8.1252E-05, -0.00791457
  8.1256E-05, -0.00829146
   8.126E-05, -0.00791457
  8.1264E-05, -0.00829146
  8.1268E-05, -0.00829146
  8.1272E-05, -0.00829146
  8.1276E-05, -0.00829146
   8.128E-05, -0.00829146
  8.1284E-05, -0.00866834
  8.1288E-05, -0.00829146
  8.1292E-05, -0.00866834
  8.1296E-05, -0.00904523
    8.13E-05, -0.00866834
  8.1304E-05, -0.00904523
  8.1308E-05, -0.00866834
  8.1312E-05, -0.00866834
  8.1316E-05, -0.00904523
   8.132E-05, -0.00904523
  8.1324E-05, -0.00904523
  8.1328E-05, -0.00942211
  8.1332E-05, -0.00904523
  8.1336E-05, -0.00942211
   8.134E-05, -0.00942211
  8.1344E-05, -0.00942211
  8.1348E-05,   -0.009799
  8.1352E-05,   -0.009799
  8.1356E-05,   -0.009799
   8.136E-05,  -0.0101759
  8.1364E-05,   -0.009799
  8.1368E-05,  -0.0101759
  8.1372E-05,  -0.0101759
  8.1376E-05,  -0.0101759
   8.138E-05,  -0.0105528
  8.1384E-05,  -0.0101759
  8.1388E-05,  -0.0105528
  8.1392E-05,  -0.0105528
  8.1396E-05,  -0.0105528
    8.14E-05,  -0.0109296
  8.1404E-05,  -0.0109296
  8.1408E-05,  -0.0109296
  8.1412E-05,  -0.0109296
  8.1416E-05,  -0.0109296
   8.142E-05,  -0.0113065
  8.1424E-05,  -0.0113065
  8.1428E-05,  -0.0113065
  8.1432E-05,  -0.0116834
  8.1436E-05,  -0.0116834
   8.144E-05,  -0.0116834
  8.1444E-05,  -0.0120603
  8.1448E-05,  -0.0116834
  8.1452E-05,  -0.0120603
  8.1456E-05,  -0.0124372
   8.146E-05,  -0.0120603
  8.1464E-05,  -0.0124372
  8.1468E-05,  -0.0124372
  8.1472E-05,  -0.0128141
  8.1476E-05,  -0.0128141
   8.148E-05,  -0.0124372
  8.1484E-05,  -0.0128141
  8.1488E-05,   -0.013191
  8.1492E-05,   -0.013191
  8.1496E-05,   -0.013191
    8.15E-05,   -0.013191
  8.1504E-05,  -0.0135678
  8.1508E-05,  -0.0135678
  8.1512E-05,  -0.0135678
  8.1516E-05,  -0.0139447
   8.152E-05,  -0.0139447
  8.1524E-05,  -0.0135678
  8.1528E-05,  -0.0143216
  8.1532E-05,  -0.0143216
  8.1536E-05,  -0.0143216
   8.154E-05,  -0.0143216
  8.1544E-05,  -0.0146985
  8.1548E-05,  -0.0146985
  8.1552E-05,  -0.0146985
  8.1556E-05,  -0.0146985
   8.156E-05,  -0.0150754
  8.1564E-05,  -0.0150754
  8.1568E-05,  -0.0154523
  8.1572E-05,  -0.0154523
  8.1576E-05,  -0.0154523
   8.158E-05,  -0.0158291
  8.1584E-05,  -0.0158291
  8.1588E-05,   -0.016206
  8.1592E-05,   -0.016206
  8.1596E-05,  -0.0158291
    8.16E-05,   -0.016206
  8.1604E-05,  -0.0165829
  8.1608E-05,   -0.016206
  8.1612E-05,  -0.0165829
  8.1616E-05,  -0.0165829
   8.162E-05,  -0.0169598
  8.1624E-05,  -0.0169598
  8.1628E-05,  -0.0169598
  8.1632E-05,  -0.0173367
  8.1636E-05,  -0.0169598
   8.164E-05,  -0.0169598
  8.1644E-05,  -0.0173367
  8.1648E-05,  -0.0173367
  8.1652E-05,  -0.0177136
  8.1656E-05,  -0.0177136
   8.166E-05,  -0.0177136
  8.1664E-05,  -0.0177136
  8.1668E-05,  -0.0180905
  8.1672E-05,  -0.0180905
  8.1676E-05,  -0.0184673
   8.168E-05,  -0.0180905
  8.1684E-05,  -0.0184673
  8.1688E-05,  -0.0188442
  8.1692E-05,  -0.0184673
  8.1696E-05,  -0.0188442
    8.17E-05,  -0.0188442
  8.1704E-05,  -0.0188442
  8.1708E-05,  -0.0192211
  8.1712E-05,  -0.0192211
  8.1716E-05,   -0.019598
   8.172E-05,  -0.0192211
  8.1724E-05,   -0.019598
  8.1728E-05,  -0.0199749
  8.1732E-05,  -0.0199749
  8.1736E-05,   -0.019598
   8.174E-05,  -0.0199749
  8.1744E-05,  -0.0199749
  8.1748E-05,  -0.0199749
  8.1752E-05,  -0.0203518
  8.1756E-05,  -0.0203518
   8.176E-05,  -0.0203518
  8.1764E-05,  -0.0203518
  8.1768E-05,  -0.0207286
  8.1772E-05,  -0.0207286
  8.1776E-05,  -0.0207286
   8.178E-05,  -0.0207286
  8.1784E-05,  -0.0207286
  8.1788E-05,  -0.0211055
  8.1792E-05,  -0.0211055
  8.1796E-05,  -0.0211055
    8.18E-05,  -0.0211055
  8.1804E-05,  -0.0211055
  8.1808E-05,  -0.0211055
  8.1812E-05,  -0.0214824
  8.1816E-05,  -0.0214824
   8.182E-05,  -0.0214824
  8.1824E-05,  -0.0214824
  8.1828E-05,  -0.0214824
  8.1832E-05,  -0.0218593
  8.1836E-05,  -0.0214824
   8.184E-05,  -0.0218593
  8.1844E-05,  -0.0222362
  8.1848E-05,  -0.0218593
  8.1852E-05,  -0.0218593
  8.1856E-05,  -0.0222362
   8.186E-05,  -0.0222362
  8.1864E-05,  -0.0222362
  8.1868E-05,  -0.0222362
  8.1872E-05,  -0.0222362
  8.1876E-05,  -0.0222362
   8.188E-05,  -0.0222362
  8.1884E-05,  -0.0222362
  8.1888E-05,  -0.0226131
  8.1892E-05,  -0.0222362
  8.1896E-05,  -0.0226131
    8.19E-05,  -0.0226131
  8.1904E-05,  -0.0226131
  8.1908E-05,  -0.0226131
  8.1912E-05,  -0.0226131
  8.1916E-05,  -0.0226131
   8.192E-05,  -0.0226131
  8.1924E-05,  -0.0226131
  8.1928E-05,  -0.0229899
  8.1932E-05,  -0.0226131
  8.1936E-05,  -0.0226131
   8.194E-05,  -0.0229899
  8.1944E-05,  -0.0226131
  8.1948E-05,  -0.0226131
  8.1952E-05,  -0.0226131
  8.1956E-05,  -0.0226131
   8.196E-05,  -0.0229899
  8.1964E-05,  -0.0229899
  8.1968E-05,  -0.0229899
  8.1972E-05,  -0.0229899
  8.1976E-05,  -0.0229899
   8.198E-05,  -0.0229899
  8.1984E-05,  -0.0229899
  8.1988E-05,  -0.0229899
  8.1992E-05,  -0.0229899
  8.1996E-05,  -0.0229899
     8.2E-05,  -0.0229899
  8.2004E-05,  -0.0229899
  8.2008E-05,  -0.0226131
  8.2012E-05,  -0.0229899
  8.2016E-05,  -0.0229899
   8.202E-05,  -0.0226131
  8.2024E-05,  -0.0226131
  8.2028E-05,  -0.0226131
  8.2032E-05,  -0.0226131
  8.2036E-05,  -0.0226131
   8.204E-05,  -0.0226131
  8.2044E-05,  -0.0226131
  8.2048E-05,  -0.0222362
  8.2052E-05,  -0.0222362
  8.2056E-05,  -0.0226131
   8.206E-05,  -0.0222362
  8.2064E-05,  -0.0222362
  8.2068E-05,  -0.0222362
  8.2072E-05,  -0.0218593
  8.2076E-05,  -0.0222362
   8.208E-05,  -0.0222362
  8.2084E-05,  -0.0222362
  8.2088E-05,  -0.0222362
  8.2092E-05,  -0.0218593
  8.2096E-05,  -0.0218593
    8.21E-05,  -0.0218593
  8.2104E-05,  -0.0214824
  8.2108E-05,  -0.0218593
  8.2112E-05,  -0.0214824
  8.2116E-05,  -0.0214824
   8.212E-05,  -0.0214824
  8.2124E-05,  -0.0214824
  8.2128E-05,  -0.0214824
  8.2132E-05,  -0.0211055
  8.2136E-05,  -0.0211055
   8.214E-05,  -0.0211055
  8.2144E-05,  -0.0211055
  8.2148E-05,  -0.0207286
  8.2152E-05,  -0.0207286
  8.2156E-05,  -0.0207286
   8.216E-05,  -0.0207286
  8.2164E-05,  -0.0203518
  8.2168E-05,  -0.0203518
  8.2172E-05,  -0.0203518
  8.2176E-05,  -0.0199749
   8.218E-05,  -0.0199749
  8.2184E-05,  -0.0199749
  8.2188E-05,   -0.019598
  8.2192E-05,   -0.019598
  8.2196E-05,  -0.0192211
    8.22E-05,   -0.019598
  8.2204E-05,  -0.0192211
  8.2208E-05,  -0.0188442
  8.2212E-05,  -0.0188442
  8.2216E-05,  -0.0188442
   8.222E-05,  -0.0184673
  8.2224E-05,  -0.0184673
  8.2228E-05,  -0.0184673
  8.2232E-05,  -0.0184673
  8.2236E-05,  -0.0180905
   8.224E-05,  -0.0180905
  8.2244E-05,  -0.0180905
  8.2248E-05,  -0.0177136
  8.2252E-05,  -0.0177136
  8.2256E-05,  -0.0173367
   8.226E-05,  -0.0173367
  8.2264E-05,  -0.0173367
  8.2268E-05,  -0.0169598
  8.2272E-05,  -0.0165829
  8.2276E-05,  -0.0169598
   8.228E-05,  -0.0165829
  8.2284E-05,   -0.016206
  8.2288E-05,  -0.0165829
  8.2292E-05,  -0.0158291
  8.2296E-05,  -0.0158291
    8.23E-05,  -0.0154523
  8.2304E-05,  -0.0154523
  8.2308E-05,  -0.0154523
  8.2312E-05,  -0.0150754
  8.2316E-05,  -0.0146985
   8.232E-05,  -0.0146985
  8.2324E-05,  -0.0143216
  8.2328E-05,  -0.0143216
  8.2332E-05,  -0.0139447
  8.2336E-05,  -0.0135678
   8.234E-05,  -0.0139447
  8.2344E-05,   -0.013191
  8.2348E-05,   -0.013191
  8.2352E-05,   -0.013191
  8.2356E-05,  -0.0128141
   8.236E-05,  -0.0124372
  8.2364E-05,  -0.0124372
  8.2368E-05,  -0.0124372
  8.2372E-05,  -0.0120603
  8.2376E-05,  -0.0116834
   8.238E-05,  -0.0113065
  8.2384E-05,  -0.0116834
  8.2388E-05,  -0.0109296
  8.2392E-05,  -0.0109296
  8.2396E-05,  -0.0105528
    8.24E-05,  -0.0105528
  8.2404E-05,  -0.0101759
  8.2408E-05,   -0.009799
  8.2412E-05,   -0.009799
  8.2416E-05, -0.00942211
   8.242E-05, -0.00904523
  8.2424E-05, -0.00904523
  8.2428E-05, -0.00866834
  8.2432E-05, -0.00829146
  8.2436E-05, -0.00791457
   8.244E-05, -0.00791457
  8.2444E-05, -0.00753769
  8.2448E-05,  -0.0071608
  8.2452E-05,  -0.0071608
  8.2456E-05,  -0.0071608
   8.246E-05, -0.00640704
  8.2464E-05, -0.00603015
  8.2468E-05, -0.00603015
  8.2472E-05, -0.00565327
  8.2476E-05, -0.00527638
   8.248E-05,  -0.0048995
  8.2484E-05,  -0.0048995
  8.2488E-05, -0.00452261
  8.2492E-05, -0.00414573
  8.2496E-05, -0.00376884
    8.25E-05, -0.00376884
  8.2504E-05, -0.00301508
  8.2508E-05, -0.00301508
  8.2512E-05, -0.00263819
  8.2516E-05, -0.00226131
   8.252E-05, -0.00188442
  8.2524E-05, -0.00150754
  8.2528E-05, -0.00150754
  8.2532E-05, -0.00113065
  8.2536E-05,-0.000376884
   8.254E-05,-0.000376884
  8.2544E-05,           0
  8.2548E-05, 0.000376884
  8.2552E-05, 0.000753769
  8.2556E-05,  0.00113065
   8.256E-05,  0.00113065
  8.2564E-05,  0.00150754
  8.2568E-05,  0.00226131
  8.2572E-05,  0.00226131
  8.2576E-05,  0.00263819
   8.258E-05,  0.00301508
  8.2584E-05,  0.00301508
  8.2588E-05,  0.00376884
  8.2592E-05,  0.00414573
  8.2596E-05,  0.00414573
    8.26E-05,   0.0048995
  8.2604E-05,   0.0048995
  8.2608E-05,  0.00565327
  8.2612E-05,  0.00603015
  8.2616E-05,  0.00603015
   8.262E-05,  0.00640704
  8.2624E-05,  0.00678392
  8.2628E-05,  0.00753769
  8.2632E-05,  0.00791457
  8.2636E-05,  0.00829146
   8.264E-05,  0.00866834
  8.2644E-05,  0.00904523
  8.2648E-05,  0.00942211
  8.2652E-05,   0.0101759
  8.2656E-05,   0.0101759
   8.266E-05,   0.0105528
  8.2664E-05,   0.0113065
  8.2668E-05,   0.0116834
  8.2672E-05,   0.0120603
  8.2676E-05,   0.0120603
   8.268E-05,   0.0124372
  8.2684E-05,    0.013191
  8.2688E-05,   0.0135678
  8.2692E-05,   0.0139447
  8.2696E-05,   0.0143216
    8.27E-05,   0.0146985
  8.2704E-05,   0.0154523
  8.2708E-05,   0.0158291
  8.2712E-05,    0.016206
  8.2716E-05,   0.0165829
   8.272E-05,   0.0169598
  8.2724E-05,   0.0173367
  8.2728E-05,   0.0180905
  8.2732E-05,   0.0184673
  8.2736E-05,   0.0188442
   8.274E-05,   0.0192211
  8.2744E-05,   0.0199749
  8.2748E-05,   0.0203518
  8.2752E-05,   0.0203518
  8.2756E-05,   0.0211055
   8.276E-05,   0.0214824
  8.2764E-05,   0.0218593
  8.2768E-05,   0.0226131
  8.2772E-05,   0.0229899
  8.2776E-05,   0.0233668
   8.278E-05,   0.0237437
  8.2784E-05,   0.0241206
  8.2788E-05,   0.0248744
  8.2792E-05,   0.0252513
  8.2796E-05,   0.0256281
    8.28E-05,   0.0263819
  8.2804E-05,   0.0267588
  8.2808E-05,   0.0271357
  8.2812E-05,   0.0278894
  8.2816E-05,   0.0278894
   8.282E-05,   0.0286432
  8.2824E-05,   0.0290201
  8.2828E-05,    0.029397
  8.2832E-05,   0.0301508
  8.2836E-05,   0.0305276
   8.284E-05,   0.0312814
  8.2844E-05,   0.0316583
  8.2848E-05,   0.0320352
  8.2852E-05,   0.0327889
  8.2856E-05,   0.0331658
   8.286E-05,   0.0335427
  8.2864E-05,   0.0342965
  8.2868E-05,   0.0346734
  8.2872E-05,   0.0350503
  8.2876E-05,   0.0354271
   8.288E-05,   0.0361809
  8.2884E-05,   0.0365578
  8.2888E-05,   0.0365578
  8.2892E-05,   0.0376884
  8.2896E-05,   0.0380653
    8.29E-05,   0.0384422
  8.2904E-05,   0.0388191
  8.2908E-05,   0.0395729
  8.2912E-05,   0.0399497
  8.2916E-05,   0.0407035
   8.292E-05,   0.0407035
  8.2924E-05,   0.0414573
  8.2928E-05,   0.0418342
  8.2932E-05,   0.0422111
  8.2936E-05,   0.0429648
   8.294E-05,   0.0433417
  8.2944E-05,   0.0437186
  8.2948E-05,   0.0444724
  8.2952E-05,   0.0444724
  8.2956E-05,   0.0452261
   8.296E-05,    0.045603
  8.2964E-05,   0.0459799
  8.2968E-05,   0.0463568
  8.2972E-05,   0.0467337
  8.2976E-05,   0.0474874
   8.298E-05,   0.0478643
  8.2984E-05,   0.0482412
  8.2988E-05,   0.0486181
  8.2992E-05,    0.048995
  8.2996E-05,   0.0493719
     8.3E-05,   0.0501256
  8.3004E-05,   0.0505025
  8.3008E-05,   0.0512563
  8.3012E-05,   0.0512563
  8.3016E-05,   0.0516332
   8.302E-05,     0.05201
  8.3024E-05,   0.0523869
  8.3028E-05,   0.0527638
  8.3032E-05,   0.0531407
  8.3036E-05,   0.0535176
   8.304E-05,   0.0538945
  8.3044E-05,   0.0542714
  8.3048E-05,   0.0546482
  8.3052E-05,   0.0550251
  8.3056E-05,   0.0550251
   8.306E-05,    0.055402
  8.3064E-05,   0.0557789
  8.3068E-05,   0.0557789
  8.3072E-05,   0.0561558
  8.3076E-05,   0.0569095
   8.308E-05,   0.0565327
  8.3084E-05,   0.0572864
  8.3088E-05,   0.0572864
  8.3092E-05,   0.0576633
  8.3096E-05,   0.0576633
    8.31E-05,   0.0580402
  8.3104E-05,   0.0584171
  8.3108E-05,   0.0584171
  8.3112E-05,   0.0584171
  8.3116E-05,    0.058794
   8.312E-05,   0.0591709
  8.3124E-05,    0.058794
  8.3128E-05,   0.0591709
  8.3132E-05,   0.0591709
  8.3136E-05,   0.0595477
   8.314E-05,   0.0591709
  8.3144E-05,   0.0591709
  8.3148E-05,   0.0599246
  8.3152E-05,   0.0595477
  8.3156E-05,   0.0595477
   8.316E-05,   0.0599246
  8.3164E-05,   0.0595477
  8.3168E-05,   0.0599246
  8.3172E-05,   0.0595477
  8.3176E-05,   0.0595477
   8.318E-05,   0.0595477
  8.3184E-05,   0.0591709
  8.3188E-05,   0.0595477
  8.3192E-05,   0.0591709
  8.3196E-05,   0.0591709
    8.32E-05,    0.058794
  8.3204E-05,    0.058794
  8.3208E-05,   0.0584171
  8.3212E-05,   0.0584171
  8.3216E-05,   0.0580402
   8.322E-05,   0.0580402
  8.3224E-05,   0.0576633
  8.3228E-05,   0.0572864
  8.3232E-05,   0.0572864
  8.3236E-05,   0.0569095
   8.324E-05,   0.0561558
  8.3244E-05,   0.0557789
  8.3248E-05,    0.055402
  8.3252E-05,    0.055402
  8.3256E-05,   0.0546482
   8.326E-05,   0.0542714
  8.3264E-05,   0.0538945
  8.3268E-05,   0.0535176
  8.3272E-05,   0.0527638
  8.3276E-05,   0.0523869
   8.328E-05,     0.05201
  8.3284E-05,   0.0512563
  8.3288E-05,   0.0505025
  8.3292E-05,   0.0501256
  8.3296E-05,   0.0493719
    8.33E-05,   0.0486181
  8.3304E-05,   0.0482412
  8.3308E-05,   0.0474874
  8.3312E-05,   0.0463568
  8.3316E-05,   0.0459799
   8.332E-05,   0.0448492
  8.3324E-05,   0.0440955
  8.3328E-05,   0.0433417
  8.3332E-05,   0.0422111
  8.3336E-05,   0.0414573
   8.334E-05,   0.0407035
  8.3344E-05,   0.0395729
  8.3348E-05,   0.0388191
  8.3352E-05,   0.0373116
  8.3356E-05,   0.0365578
   8.336E-05,   0.0354271
  8.3364E-05,   0.0342965
  8.3368E-05,   0.0331658
  8.3372E-05,   0.0320352
  8.3376E-05,   0.0309045
   8.338E-05,   0.0297739
  8.3384E-05,   0.0282663
  8.3388E-05,   0.0271357
  8.3392E-05,    0.026005
  8.3396E-05,   0.0244975
    8.34E-05,   0.0233668
  8.3404E-05,   0.0222362
  8.3408E-05,   0.0207286
  8.3412E-05,   0.0192211
  8.3416E-05,   0.0177136
   8.342E-05,   0.0165829
  8.3424E-05,   0.0154523
  8.3428E-05,   0.0135678
  8.3432E-05,   0.0120603
  8.3436E-05,   0.0105528
   8.344E-05,  0.00904523
  8.3444E-05,  0.00753769
  8.3448E-05,  0.00603015
  8.3452E-05,  0.00414573
  8.3456E-05,  0.00226131
   8.346E-05, 0.000376884
  8.3464E-05, -0.00113065
  8.3468E-05, -0.00301508
  8.3472E-05,  -0.0048995
  8.3476E-05, -0.00640704
   8.348E-05, -0.00866834
  8.3484E-05,  -0.0105528
  8.3488E-05,  -0.0124372
  8.3492E-05,  -0.0146985
  8.3496E-05,   -0.016206
    8.35E-05,  -0.0184673
  8.3504E-05,  -0.0203518
  8.3508E-05,  -0.0222362
  8.3512E-05,  -0.0248744
  8.3516E-05,  -0.0267588
   8.352E-05,  -0.0286432
  8.3524E-05,  -0.0309045
  8.3528E-05,  -0.0331658
  8.3532E-05,  -0.0354271
  8.3536E-05,  -0.0376884
   8.354E-05,  -0.0399497
  8.3544E-05,  -0.0425879
  8.3548E-05,  -0.0444724
  8.3552E-05,  -0.0471106
  8.3556E-05,  -0.0493719
   8.356E-05,  -0.0516332
  8.3564E-05,  -0.0542714
  8.3568E-05,  -0.0565327
  8.3572E-05,  -0.0591709
  8.3576E-05,   -0.061809
   8.358E-05,  -0.0640704
  8.3584E-05,  -0.0670854
  8.3588E-05,  -0.0697236
  8.3592E-05,   -0.071608
  8.3596E-05,  -0.0746231
    8.36E-05,  -0.0772613
  8.3604E-05,  -0.0798995
  8.3608E-05,  -0.0825377
  8.3612E-05,  -0.0855528
  8.3616E-05,   -0.088191
   8.362E-05,  -0.0908291
  8.3624E-05,  -0.0938442
  8.3628E-05,  -0.0968593
  8.3632E-05,  -0.0994975
  8.3636E-05,   -0.102136
   8.364E-05,   -0.105151
  8.3644E-05,   -0.108166
  8.3648E-05,   -0.110804
  8.3652E-05,   -0.113442
  8.3656E-05,   -0.116457
   8.366E-05,   -0.119472
  8.3664E-05,   -0.122111
  8.3668E-05,   -0.125126
  8.3672E-05,   -0.128141
  8.3676E-05,   -0.130779
   8.368E-05,   -0.133794
  8.3684E-05,   -0.136432
  8.3688E-05,   -0.139824
  8.3692E-05,   -0.142462
  8.3696E-05,   -0.145477
    8.37E-05,   -0.148492
  8.3704E-05,   -0.151508
  8.3708E-05,   -0.154146
  8.3712E-05,   -0.157538
  8.3716E-05,   -0.160553
   8.372E-05,   -0.163191
  8.3724E-05,   -0.166206
  8.3728E-05,   -0.169221
  8.3732E-05,   -0.172236
  8.3736E-05,   -0.175251
   8.374E-05,   -0.177889
  8.3744E-05,   -0.180905
  8.3748E-05,   -0.183543
  8.3752E-05,   -0.186935
  8.3756E-05,    -0.18995
   8.376E-05,   -0.192588
  8.3764E-05,   -0.195226
  8.3768E-05,   -0.198241
  8.3772E-05,   -0.200879
  8.3776E-05,   -0.203894
   8.378E-05,   -0.206533
  8.3784E-05,   -0.209171
  8.3788E-05,   -0.212186
  8.3792E-05,   -0.214447
  8.3796E-05,   -0.217839
    8.38E-05,   -0.220101
  8.3804E-05,   -0.222739
  8.3808E-05,   -0.225754
  8.3812E-05,   -0.228392
  8.3816E-05,   -0.230653
   8.382E-05,   -0.233291
  8.3824E-05,    -0.23593
  8.3828E-05,   -0.238945
  8.3832E-05,   -0.241206
  8.3836E-05,   -0.243467
   8.384E-05,   -0.246106
  8.3844E-05,   -0.248744
  8.3848E-05,   -0.251005
  8.3852E-05,   -0.253266
  8.3856E-05,   -0.255528
   8.386E-05,   -0.257789
  8.3864E-05,    -0.26005
  8.3868E-05,   -0.262688
  8.3872E-05,    -0.26495
  8.3876E-05,   -0.266457
   8.388E-05,   -0.268719
  8.3884E-05,    -0.27098
  8.3888E-05,   -0.272864
  8.3892E-05,   -0.274749
  8.3896E-05,   -0.276633
    8.39E-05,   -0.278894
  8.3904E-05,   -0.280779
  8.3908E-05,   -0.282286
  8.3912E-05,   -0.284171
  8.3916E-05,   -0.285678
   8.392E-05,   -0.287186
  8.3924E-05,    -0.28907
  8.3928E-05,   -0.290578
  8.3932E-05,   -0.292085
  8.3936E-05,   -0.293593
   8.394E-05,   -0.294724
  8.3944E-05,   -0.296608
  8.3948E-05,   -0.297739
  8.3952E-05,   -0.298869
  8.3956E-05,   -0.300377
   8.396E-05,   -0.301131
  8.3964E-05,   -0.302261
  8.3968E-05,   -0.303392
  8.3972E-05,   -0.304146
  8.3976E-05,   -0.305276
   8.398E-05,    -0.30603
  8.3984E-05,   -0.306784
  8.3988E-05,   -0.307538
  8.3992E-05,   -0.307915
  8.3996E-05,   -0.308668
     8.4E-05,   -0.309422
  8.4004E-05,   -0.309422
  8.4008E-05,   -0.309799
  8.4012E-05,   -0.310176
  8.4016E-05,   -0.310553
   8.402E-05,   -0.310553
  8.4024E-05,   -0.310553
  8.4028E-05,   -0.310553
  8.4032E-05,   -0.310553
  8.4036E-05,   -0.310176
   8.404E-05,   -0.310553
  8.4044E-05,   -0.310176
  8.4048E-05,   -0.309422
  8.4052E-05,   -0.309045
  8.4056E-05,   -0.308668
   8.406E-05,   -0.308291
  8.4064E-05,   -0.307538
  8.4068E-05,   -0.306784
  8.4072E-05,    -0.30603
  8.4076E-05,   -0.304899
   8.408E-05,   -0.304146
  8.4084E-05,   -0.303392
  8.4088E-05,   -0.301884
  8.4092E-05,   -0.300754
  8.4096E-05,   -0.299623
    8.41E-05,   -0.298116
  8.4104E-05,   -0.296608
  8.4108E-05,   -0.295101
  8.4112E-05,   -0.293593
  8.4116E-05,   -0.292085
   8.412E-05,   -0.289824
  8.4124E-05,   -0.288317
  8.4128E-05,   -0.286432
  8.4132E-05,   -0.284171
  8.4136E-05,   -0.282286
   8.414E-05,   -0.280025
  8.4144E-05,   -0.278141
  8.4148E-05,   -0.275879
  8.4152E-05,   -0.273241
  8.4156E-05,   -0.271357
   8.416E-05,   -0.268342
  8.4164E-05,   -0.265704
  8.4168E-05,   -0.263065
  8.4172E-05,   -0.260427
  8.4176E-05,   -0.257412
   8.418E-05,   -0.254774
  8.4184E-05,   -0.251759
  8.4188E-05,   -0.248744
  8.4192E-05,   -0.245352
  8.4196E-05,   -0.242337
    8.42E-05,   -0.239322
  8.4204E-05,   -0.235553
  8.4208E-05,   -0.232161
  8.4212E-05,   -0.228769
  8.4216E-05,      -0.225
   8.422E-05,   -0.221608
  8.4224E-05,   -0.217839
  8.4228E-05,    -0.21407
  8.4232E-05,   -0.210302
  8.4236E-05,   -0.206156
   8.424E-05,   -0.202387
  8.4244E-05,   -0.198241
  8.4248E-05,   -0.193719
  8.4252E-05,    -0.18995
  8.4256E-05,   -0.185427
   8.426E-05,   -0.181281
  8.4264E-05,   -0.176759
  8.4268E-05,   -0.172236
  8.4272E-05,   -0.167714
  8.4276E-05,   -0.162814
   8.428E-05,   -0.158291
  8.4284E-05,   -0.153769
  8.4288E-05,   -0.148492
  8.4292E-05,   -0.143593
  8.4296E-05,    -0.13907
    8.43E-05,   -0.133794
  8.4304E-05,   -0.128894
  8.4308E-05,   -0.123618
  8.4312E-05,   -0.118719
  8.4316E-05,   -0.113819
   8.432E-05,   -0.108166
  8.4324E-05,   -0.103266
  8.4328E-05,  -0.0979899
  8.4332E-05,  -0.0923367
  8.4336E-05,  -0.0870603
   8.434E-05,  -0.0810302
  8.4344E-05,  -0.0757538
  8.4348E-05,  -0.0704774
  8.4352E-05,  -0.0648241
  8.4356E-05,  -0.0595477
   8.436E-05,  -0.0542714
  8.4364E-05,  -0.0482412
  8.4368E-05,  -0.0425879
  8.4372E-05,  -0.0369347
  8.4376E-05,  -0.0312814
   8.438E-05,  -0.0256281
  8.4384E-05,   -0.019598
  8.4388E-05,  -0.0143216
  8.4392E-05, -0.00866834
  8.4396E-05, -0.00301508
    8.44E-05,  0.00263819
  8.4404E-05,  0.00866834
  8.4408E-05,   0.0143216
  8.4412E-05,   0.0199749
  8.4416E-05,   0.0263819
   8.442E-05,   0.0320352
  8.4424E-05,   0.0380653
  8.4428E-05,   0.0440955
  8.4432E-05,   0.0501256
  8.4436E-05,   0.0561558
   8.444E-05,   0.0621859
  8.4444E-05,   0.0682161
  8.4448E-05,   0.0746231
  8.4452E-05,   0.0802764
  8.4456E-05,   0.0859296
   8.446E-05,   0.0923367
  8.4464E-05,   0.0983668
  8.4468E-05,     0.10402
  8.4472E-05,    0.109673
  8.4476E-05,    0.115704
   8.448E-05,    0.121734
  8.4484E-05,    0.127387
  8.4488E-05,    0.133417
  8.4492E-05,    0.139447
  8.4496E-05,    0.145101
    8.45E-05,    0.151131
  8.4504E-05,    0.157161
  8.4508E-05,    0.163191
  8.4512E-05,    0.168844
  8.4516E-05,    0.174497
   8.452E-05,    0.180528
  8.4524E-05,    0.186181
  8.4528E-05,    0.191457
  8.4532E-05,    0.197487
  8.4536E-05,    0.202764
   8.454E-05,    0.208794
  8.4544E-05,     0.21407
  8.4548E-05,    0.219724
  8.4552E-05,    0.225377
  8.4556E-05,    0.230276
   8.456E-05,    0.235553
  8.4564E-05,    0.241206
  8.4568E-05,    0.246106
  8.4572E-05,    0.251382
  8.4576E-05,    0.256658
   8.458E-05,    0.261935
  8.4584E-05,    0.266834
  8.4588E-05,    0.271734
  8.4592E-05,    0.276633
  8.4596E-05,    0.281533
    8.46E-05,    0.286055
  8.4604E-05,    0.291332
  8.4608E-05,    0.295854
  8.4612E-05,    0.300377
  8.4616E-05,    0.304899
   8.462E-05,    0.309422
  8.4624E-05,    0.313568
  8.4628E-05,     0.31809
  8.4632E-05,    0.322236
  8.4636E-05,    0.326759
   8.464E-05,    0.330528
  8.4644E-05,    0.334673
  8.4648E-05,    0.338819
  8.4652E-05,    0.342588
  8.4656E-05,    0.346734
   8.466E-05,    0.350503
  8.4664E-05,    0.354271
  8.4668E-05,     0.35804
  8.4672E-05,    0.361432
  8.4676E-05,    0.365201
   8.468E-05,    0.368593
  8.4684E-05,    0.371608
  8.4688E-05,       0.375
  8.4692E-05,    0.378015
  8.4696E-05,     0.38103
    8.47E-05,    0.384045
  8.4704E-05,     0.38706
  8.4708E-05,    0.389698
  8.4712E-05,    0.392714
  8.4716E-05,    0.394975
   8.472E-05,     0.39799
  8.4724E-05,    0.400251
  8.4728E-05,    0.402513
  8.4732E-05,    0.405151
  8.4736E-05,    0.407412
   8.474E-05,    0.409673
  8.4744E-05,    0.411558
  8.4748E-05,    0.413442
  8.4752E-05,    0.415704
  8.4756E-05,    0.416834
   8.476E-05,    0.418719
  8.4764E-05,    0.420603
  8.4768E-05,    0.421734
  8.4772E-05,    0.423241
  8.4776E-05,    0.424749
   8.478E-05,    0.425879
  8.4784E-05,    0.426633
  8.4788E-05,    0.427387
  8.4792E-05,    0.428518
  8.4796E-05,    0.429648
    8.48E-05,    0.430025
  8.4804E-05,    0.430779
  8.4808E-05,    0.431533
  8.4812E-05,     0.43191
  8.4816E-05,    0.432286
   8.482E-05,    0.432663
  8.4824E-05,    0.432663
  8.4828E-05,    0.432663
  8.4832E-05,    0.432663
  8.4836E-05,     0.43304
   8.484E-05,    0.432663
  8.4844E-05,    0.432286
  8.4848E-05,     0.43191
  8.4852E-05,    0.431533
  8.4856E-05,    0.431156
   8.486E-05,    0.430402
  8.4864E-05,    0.429648
  8.4868E-05,    0.428894
  8.4872E-05,    0.427764
  8.4876E-05,    0.426633
   8.488E-05,    0.425879
  8.4884E-05,    0.424372
  8.4888E-05,    0.423241
  8.4892E-05,    0.422111
  8.4896E-05,    0.420226
    8.49E-05,    0.419095
  8.4904E-05,    0.417211
  8.4908E-05,    0.415704
  8.4912E-05,    0.413819
  8.4916E-05,    0.411558
   8.492E-05,     0.41005
  8.4924E-05,    0.408166
  8.4928E-05,    0.405528
  8.4932E-05,    0.403643
  8.4936E-05,    0.401382
   8.494E-05,    0.398744
  8.4944E-05,    0.396106
  8.4948E-05,    0.393844
  8.4952E-05,    0.391583
  8.4956E-05,    0.388568
   8.496E-05,    0.385553
  8.4964E-05,    0.382915
  8.4968E-05,    0.380276
  8.4972E-05,    0.377261
  8.4976E-05,    0.373869
   8.498E-05,    0.370854
  8.4984E-05,    0.367839
  8.4988E-05,    0.364447
  8.4992E-05,    0.361055
  8.4996E-05,    0.357663
     8.5E-05,    0.354271
  8.5004E-05,    0.350879
  8.5008E-05,    0.347487
  8.5012E-05,    0.343719
  8.5016E-05,     0.33995
   8.502E-05,    0.335804
  8.5024E-05,    0.332035
  8.5028E-05,    0.328643
  8.5032E-05,    0.324497
  8.5036E-05,    0.320352
   8.504E-05,    0.316206
  8.5044E-05,     0.31206
  8.5048E-05,    0.308291
  8.5052E-05,    0.303769
  8.5056E-05,    0.299623
   8.506E-05,    0.295477
  8.5064E-05,    0.290955
  8.5068E-05,    0.286809
  8.5072E-05,    0.282286
  8.5076E-05,    0.277764
   8.508E-05,    0.273618
  8.5084E-05,    0.268719
  8.5088E-05,    0.264196
  8.5092E-05,    0.259673
  8.5096E-05,    0.254774
    8.51E-05,    0.250251
  8.5104E-05,    0.245352
  8.5108E-05,    0.240452
  8.5112E-05,     0.23593
  8.5116E-05,    0.230653
   8.512E-05,    0.226131
  8.5124E-05,    0.221231
  8.5128E-05,    0.215955
  8.5132E-05,    0.211055
  8.5136E-05,    0.205779
   8.514E-05,    0.200879
  8.5144E-05,    0.195603
  8.5148E-05,    0.190327
  8.5152E-05,    0.185427
  8.5156E-05,    0.180151
   8.516E-05,    0.174874
  8.5164E-05,    0.169598
  8.5168E-05,    0.164322
  8.5172E-05,    0.159045
  8.5176E-05,    0.153769
   8.518E-05,    0.148492
  8.5184E-05,    0.143216
  8.5188E-05,     0.13794
  8.5192E-05,    0.132663
  8.5196E-05,    0.127387
    8.52E-05,    0.122111
  8.5204E-05,    0.116834
  8.5208E-05,    0.111558
  8.5212E-05,    0.106281
  8.5216E-05,    0.101382
   8.522E-05,   0.0957286
  8.5224E-05,   0.0904523
  8.5228E-05,   0.0855528
  8.5232E-05,   0.0798995
  8.5236E-05,   0.0746231
   8.524E-05,   0.0689698
  8.5244E-05,   0.0636935
  8.5248E-05,   0.0584171
  8.5252E-05,   0.0531407
  8.5256E-05,   0.0478643
   8.526E-05,   0.0429648
  8.5264E-05,   0.0376884
  8.5268E-05,   0.0324121
  8.5272E-05,   0.0271357
  8.5276E-05,   0.0222362
   8.528E-05,   0.0173367
  8.5284E-05,   0.0120603
  8.5288E-05,   0.0071608
  8.5292E-05,  0.00226131
  8.5296E-05, -0.00301508
    8.53E-05, -0.00791457
  8.5304E-05,  -0.0128141
  8.5308E-05,  -0.0180905
  8.5312E-05,  -0.0229899
  8.5316E-05,  -0.0278894
   8.532E-05,  -0.0327889
  8.5324E-05,  -0.0376884
  8.5328E-05,  -0.0425879
  8.5332E-05,  -0.0474874
  8.5336E-05,  -0.0523869
   8.534E-05,  -0.0572864
  8.5344E-05,   -0.061809
  8.5348E-05,  -0.0663317
  8.5352E-05,  -0.0712312
  8.5356E-05,  -0.0761307
   8.536E-05,  -0.0806533
  8.5364E-05,  -0.0851759
  8.5368E-05,  -0.0900754
  8.5372E-05,  -0.0949749
  8.5376E-05,  -0.0991206
   8.538E-05,    -0.10402
  8.5384E-05,   -0.108166
  8.5388E-05,   -0.112312
  8.5392E-05,   -0.116834
  8.5396E-05,   -0.121357
    8.54E-05,   -0.125503
  8.5404E-05,   -0.129271
  8.5408E-05,   -0.133417
  8.5412E-05,    -0.13794
  8.5416E-05,   -0.141709
   8.542E-05,   -0.145477
  8.5424E-05,   -0.149623
  8.5428E-05,   -0.153769
  8.5432E-05,   -0.157538
  8.5436E-05,   -0.161307
   8.544E-05,   -0.165075
  8.5444E-05,   -0.168844
  8.5448E-05,   -0.172613
  8.5452E-05,   -0.176005
  8.5456E-05,   -0.179774
   8.546E-05,   -0.183166
  8.5464E-05,   -0.186558
  8.5468E-05,    -0.18995
  8.5472E-05,   -0.192965
  8.5476E-05,   -0.196734
   8.548E-05,   -0.199372
  8.5484E-05,   -0.202764
  8.5488E-05,   -0.206156
  8.5492E-05,   -0.208794
  8.5496E-05,   -0.211809
    8.55E-05,   -0.214447
  8.5504E-05,   -0.217462
  8.5508E-05,   -0.220101
  8.5512E-05,   -0.222362
  8.5516E-05,   -0.225377
   8.552E-05,   -0.227638
  8.5524E-05,   -0.229899
  8.5528E-05,   -0.232915
  8.5532E-05,   -0.235176
  8.5536E-05,    -0.23706
   8.554E-05,   -0.239698
  8.5544E-05,    -0.24196
  8.5548E-05,   -0.243844
  8.5552E-05,   -0.246106
  8.5556E-05,    -0.24799
   8.556E-05,   -0.250251
  8.5564E-05,   -0.251759
  8.5568E-05,   -0.253643
  8.5572E-05,   -0.255151
  8.5576E-05,   -0.256658
   8.558E-05,   -0.258543
  8.5584E-05,    -0.26005
  8.5588E-05,   -0.261558
  8.5592E-05,   -0.263065
  8.5596E-05,   -0.264196
    8.56E-05,   -0.265704
  8.5604E-05,   -0.266834
  8.5608E-05,   -0.267965
  8.5612E-05,   -0.269095
  8.5616E-05,   -0.270226
   8.562E-05,    -0.27098
  8.5624E-05,   -0.272111
  8.5628E-05,   -0.272487
  8.5632E-05,   -0.273241
  8.5636E-05,   -0.273995
   8.564E-05,   -0.274749
  8.5644E-05,   -0.275503
  8.5648E-05,   -0.275503
  8.5652E-05,   -0.275879
  8.5656E-05,   -0.276633
   8.566E-05,   -0.276633
  8.5664E-05,    -0.27701
  8.5668E-05,    -0.27701
  8.5672E-05,    -0.27701
  8.5676E-05,    -0.27701
   8.568E-05,    -0.27701
  8.5684E-05,    -0.27701
  8.5688E-05,    -0.27701
  8.5692E-05,   -0.276633
  8.5696E-05,   -0.276633
    8.57E-05,   -0.276256
  8.5704E-05,   -0.275503
  8.5708E-05,   -0.275126
  8.5712E-05,   -0.274749
  8.5716E-05,   -0.273995
   8.572E-05,   -0.273241
  8.5724E-05,   -0.272864
  8.5728E-05,   -0.272111
  8.5732E-05,    -0.27098
  8.5736E-05,   -0.270226
   8.574E-05,   -0.269472
  8.5744E-05,   -0.268342
  8.5748E-05,   -0.267211
  8.5752E-05,    -0.26608
  8.5756E-05,    -0.26495
   8.576E-05,   -0.263819
  8.5764E-05,   -0.262312
  8.5768E-05,   -0.261181
  8.5772E-05,   -0.259673
  8.5776E-05,   -0.258166
   8.578E-05,   -0.256658
  8.5784E-05,   -0.255528
  8.5788E-05,   -0.253643
  8.5792E-05,   -0.251759
  8.5796E-05,   -0.250251
    8.58E-05,   -0.248744
  8.5804E-05,   -0.246859
  8.5808E-05,   -0.244975
  8.5812E-05,    -0.24309
  8.5816E-05,   -0.241206
   8.582E-05,   -0.238945
  8.5824E-05,    -0.23706
  8.5828E-05,   -0.235176
  8.5832E-05,   -0.232915
  8.5836E-05,   -0.230653
   8.584E-05,   -0.228392
  8.5844E-05,   -0.226508
  8.5848E-05,   -0.224246
  8.5852E-05,   -0.221608
  8.5856E-05,   -0.219724
   8.586E-05,   -0.217085
  8.5864E-05,   -0.214447
  8.5868E-05,   -0.212186
  8.5872E-05,   -0.209548
  8.5876E-05,    -0.20691
   8.588E-05,   -0.204648
  8.5884E-05,    -0.20201
  8.5888E-05,   -0.199372
  8.5892E-05,   -0.196734
  8.5896E-05,   -0.194095
    8.59E-05,   -0.191457
  8.5904E-05,   -0.188442
  8.5908E-05,   -0.185804
  8.5912E-05,   -0.183166
  8.5916E-05,   -0.180528
   8.592E-05,   -0.177889
  8.5924E-05,   -0.174497
  8.5928E-05,   -0.171859
  8.5932E-05,   -0.169221
  8.5936E-05,   -0.166206
   8.594E-05,   -0.163191
  8.5944E-05,   -0.160176
  8.5948E-05,   -0.157161
  8.5952E-05,   -0.154523
  8.5956E-05,   -0.151131
   8.596E-05,   -0.148116
  8.5964E-05,   -0.145101
  8.5968E-05,   -0.142085
  8.5972E-05,    -0.13907
  8.5976E-05,   -0.135678
   8.598E-05,   -0.132663
  8.5984E-05,   -0.129648
  8.5988E-05,   -0.126633
  8.5992E-05,   -0.123618
  8.5996E-05,    -0.12098
     8.6E-05,   -0.117588
  8.6004E-05,   -0.114573
  8.6008E-05,   -0.111558
  8.6012E-05,   -0.108543
  8.6016E-05,   -0.105528
   8.602E-05,   -0.102513
  8.6024E-05,  -0.0994975
  8.6028E-05,  -0.0964824
  8.6032E-05,  -0.0930905
  8.6036E-05,  -0.0904523
   8.604E-05,  -0.0870603
  8.6044E-05,  -0.0840452
  8.6048E-05,  -0.0810302
  8.6052E-05,  -0.0780151
  8.6056E-05,  -0.0753769
   8.606E-05,  -0.0723618
  8.6064E-05,  -0.0693467
  8.6068E-05,  -0.0667085
  8.6072E-05,  -0.0636935
  8.6076E-05,  -0.0606784
   8.608E-05,  -0.0580402
  8.6084E-05,   -0.055402
  8.6088E-05,  -0.0523869
  8.6092E-05,  -0.0497487
  8.6096E-05,  -0.0467337
    8.61E-05,  -0.0440955
  8.6104E-05,  -0.0414573
  8.6108E-05,  -0.0388191
  8.6112E-05,  -0.0361809
  8.6116E-05,  -0.0335427
   8.612E-05,  -0.0309045
  8.6124E-05,  -0.0282663
  8.6128E-05,  -0.0256281
  8.6132E-05,  -0.0233668
  8.6136E-05,  -0.0207286
   8.614E-05,  -0.0184673
  8.6144E-05,  -0.0158291
  8.6148E-05,   -0.013191
  8.6152E-05,  -0.0113065
  8.6156E-05, -0.00904523
   8.616E-05, -0.00678392
  8.6164E-05, -0.00452261
  8.6168E-05, -0.00188442
  8.6172E-05,           0
  8.6176E-05,  0.00188442
   8.618E-05,  0.00414573
  8.6184E-05,  0.00603015
  8.6188E-05,  0.00829146
  8.6192E-05,   0.0101759
  8.6196E-05,   0.0120603
    8.62E-05,   0.0139447
  8.6204E-05,   0.0158291
  8.6208E-05,   0.0177136
  8.6212E-05,    0.019598
  8.6216E-05,   0.0211055
   8.622E-05,   0.0229899
  8.6224E-05,   0.0244975
  8.6228E-05,    0.026005
  8.6232E-05,   0.0278894
  8.6236E-05,    0.029397
   8.624E-05,   0.0309045
  8.6244E-05,   0.0324121
  8.6248E-05,   0.0339196
  8.6252E-05,   0.0354271
  8.6256E-05,   0.0365578
   8.626E-05,   0.0380653
  8.6264E-05,    0.039196
  8.6268E-05,   0.0403266
  8.6272E-05,   0.0414573
  8.6276E-05,   0.0425879
   8.628E-05,   0.0437186
  8.6284E-05,   0.0448492
  8.6288E-05,    0.045603
  8.6292E-05,   0.0471106
  8.6296E-05,   0.0478643
    8.63E-05,   0.0486181
  8.6304E-05,   0.0493719
  8.6308E-05,   0.0505025
  8.6312E-05,   0.0508794
  8.6316E-05,   0.0516332
   8.632E-05,     0.05201
  8.6324E-05,   0.0527638
  8.6328E-05,   0.0535176
  8.6332E-05,   0.0538945
  8.6336E-05,   0.0546482
   8.634E-05,   0.0550251
  8.6344E-05,   0.0550251
  8.6348E-05,    0.055402
  8.6352E-05,   0.0557789
  8.6356E-05,   0.0561558
   8.636E-05,   0.0561558
  8.6364E-05,   0.0561558
  8.6368E-05,   0.0565327
  8.6372E-05,   0.0565327
  8.6376E-05,   0.0565327
   8.638E-05,   0.0565327
  8.6384E-05,   0.0561558
  8.6388E-05,   0.0565327
  8.6392E-05,   0.0561558
  8.6396E-05,   0.0557789
    8.64E-05,   0.0557789
  8.6404E-05,    0.055402
  8.6408E-05,    0.055402
  8.6412E-05,   0.0550251
  8.6416E-05,   0.0546482
   8.642E-05,   0.0542714
  8.6424E-05,   0.0538945
  8.6428E-05,   0.0527638
  8.6432E-05,   0.0527638
  8.6436E-05,     0.05201
   8.644E-05,   0.0512563
  8.6444E-05,   0.0508794
  8.6448E-05,   0.0501256
  8.6452E-05,   0.0493719
  8.6456E-05,   0.0486181
   8.646E-05,   0.0478643
  8.6464E-05,   0.0471106
  8.6468E-05,   0.0459799
  8.6472E-05,   0.0452261
  8.6476E-05,   0.0444724
   8.648E-05,   0.0437186
  8.6484E-05,   0.0425879
  8.6488E-05,   0.0414573
  8.6492E-05,   0.0407035
  8.6496E-05,   0.0395729
    8.65E-05,   0.0384422
  8.6504E-05,   0.0376884
  8.6508E-05,   0.0361809
  8.6512E-05,   0.0350503
  8.6516E-05,   0.0339196
   8.652E-05,   0.0327889
  8.6524E-05,   0.0316583
  8.6528E-05,   0.0305276
  8.6532E-05,   0.0290201
  8.6536E-05,   0.0282663
   8.654E-05,   0.0267588
  8.6544E-05,   0.0252513
  8.6548E-05,   0.0241206
  8.6552E-05,   0.0226131
  8.6556E-05,   0.0214824
   8.656E-05,   0.0199749
  8.6564E-05,   0.0188442
  8.6568E-05,   0.0173367
  8.6572E-05,    0.016206
  8.6576E-05,   0.0146985
   8.658E-05,    0.013191
  8.6584E-05,   0.0116834
  8.6588E-05,   0.0105528
  8.6592E-05,  0.00904523
  8.6596E-05,  0.00753769
    8.66E-05,  0.00640704
  8.6604E-05,   0.0048995
  8.6608E-05,  0.00301508
  8.6612E-05,  0.00188442
  8.6616E-05,           0
   8.662E-05, -0.00113065
  8.6624E-05, -0.00263819
  8.6628E-05, -0.00414573
  8.6632E-05, -0.00565327
  8.6636E-05,  -0.0071608
   8.664E-05, -0.00866834
  8.6644E-05,  -0.0101759
  8.6648E-05,  -0.0116834
  8.6652E-05,   -0.013191
  8.6656E-05,  -0.0146985
   8.666E-05,   -0.016206
  8.6664E-05,  -0.0177136
  8.6668E-05,   -0.019598
  8.6672E-05,  -0.0207286
  8.6676E-05,  -0.0222362
   8.668E-05,  -0.0237437
  8.6684E-05,  -0.0256281
  8.6688E-05,  -0.0271357
  8.6692E-05,  -0.0282663
  8.6696E-05,  -0.0297739
    8.67E-05,  -0.0316583
  8.6704E-05,  -0.0331658
  8.6708E-05,  -0.0342965
  8.6712E-05,  -0.0361809
  8.6716E-05,  -0.0373116
   8.672E-05,  -0.0388191
  8.6724E-05,  -0.0403266
  8.6728E-05,  -0.0418342
  8.6732E-05,  -0.0433417
  8.6736E-05,  -0.0444724
   8.674E-05,  -0.0459799
  8.6744E-05,  -0.0474874
  8.6748E-05,  -0.0486181
  8.6752E-05,  -0.0505025
  8.6756E-05,  -0.0516332
   8.676E-05,  -0.0531407
  8.6764E-05,  -0.0546482
  8.6768E-05,  -0.0557789
  8.6772E-05,  -0.0569095
  8.6776E-05,  -0.0580402
   8.678E-05,  -0.0595477
  8.6784E-05,  -0.0606784
  8.6788E-05,  -0.0621859
  8.6792E-05,  -0.0633166
  8.6796E-05,  -0.0648241
    8.68E-05,  -0.0655779
  8.6804E-05,  -0.0667085
  8.6808E-05,  -0.0682161
  8.6812E-05,  -0.0693467
  8.6816E-05,  -0.0704774
   8.682E-05,  -0.0712312
  8.6824E-05,  -0.0727387
  8.6828E-05,  -0.0734925
  8.6832E-05,  -0.0742462
  8.6836E-05,  -0.0753769
   8.684E-05,  -0.0768844
  8.6844E-05,  -0.0776382
  8.6848E-05,   -0.078392
  8.6852E-05,  -0.0795226
  8.6856E-05,  -0.0806533
   8.686E-05,   -0.081407
  8.6864E-05,  -0.0821608
  8.6868E-05,  -0.0832915
  8.6872E-05,  -0.0840452
  8.6876E-05,   -0.084799
   8.688E-05,  -0.0859296
  8.6884E-05,  -0.0866834
  8.6888E-05,  -0.0874372
  8.6892E-05,   -0.088191
  8.6896E-05,  -0.0889447
    8.69E-05,  -0.0900754
  8.6904E-05,  -0.0904523
  8.6908E-05,   -0.091206
  8.6912E-05,  -0.0919598
  8.6916E-05,  -0.0927136
   8.692E-05,  -0.0930905
  8.6924E-05,  -0.0938442
  8.6928E-05,  -0.0942211
  8.6932E-05,  -0.0949749
  8.6936E-05,  -0.0953518
   8.694E-05,  -0.0961055
  8.6944E-05,  -0.0964824
  8.6948E-05,  -0.0968593
  8.6952E-05,  -0.0976131
  8.6956E-05,  -0.0979899
   8.696E-05,  -0.0979899
  8.6964E-05,  -0.0987437
  8.6968E-05,  -0.0991206
  8.6972E-05,  -0.0991206
  8.6976E-05,  -0.0998744
   8.698E-05,  -0.0998744
  8.6984E-05,   -0.100251
  8.6988E-05,   -0.100628
  8.6992E-05,   -0.101005
  8.6996E-05,   -0.101382
     8.7E-05,   -0.101382
  8.7004E-05,   -0.101382
  8.7008E-05,   -0.101759
  8.7012E-05,   -0.101759
  8.7016E-05,   -0.101759
   8.702E-05,   -0.102136
  8.7024E-05,   -0.102136
  8.7028E-05,   -0.102513
  8.7032E-05,   -0.102136
  8.7036E-05,   -0.102136
   8.704E-05,   -0.102513
  8.7044E-05,   -0.102136
  8.7048E-05,   -0.102136
  8.7052E-05,   -0.102136
  8.7056E-05,   -0.102136
   8.706E-05,   -0.102136
  8.7064E-05,   -0.101759
  8.7068E-05,   -0.101759
  8.7072E-05,   -0.101759
  8.7076E-05,   -0.101382
   8.708E-05,   -0.101382
  8.7084E-05,   -0.101382
  8.7088E-05,   -0.101005
  8.7092E-05,   -0.100628
  8.7096E-05,   -0.100628
    8.71E-05,   -0.100628
  8.7104E-05,   -0.100251
  8.7108E-05,  -0.0994975
  8.7112E-05,  -0.0994975
  8.7116E-05,  -0.0991206
   8.712E-05,  -0.0987437
  8.7124E-05,  -0.0987437
  8.7128E-05,  -0.0979899
  8.7132E-05,  -0.0979899
  8.7136E-05,  -0.0972362
   8.714E-05,  -0.0968593
  8.7144E-05,  -0.0968593
  8.7148E-05,  -0.0961055
  8.7152E-05,  -0.0957286
  8.7156E-05,  -0.0953518
   8.716E-05,   -0.094598
  8.7164E-05,  -0.0942211
  8.7168E-05,  -0.0938442
  8.7172E-05,  -0.0930905
  8.7176E-05,  -0.0927136
   8.718E-05,  -0.0923367
  8.7184E-05,  -0.0915829
  8.7188E-05,   -0.091206
  8.7192E-05,  -0.0904523
  8.7196E-05,  -0.0900754
    8.72E-05,  -0.0893216
  8.7204E-05,  -0.0885678
  8.7208E-05,   -0.088191
  8.7212E-05,  -0.0874372
  8.7216E-05,  -0.0870603
   8.722E-05,  -0.0863065
  8.7224E-05,  -0.0855528
  8.7228E-05,   -0.084799
  8.7232E-05,  -0.0840452
  8.7236E-05,  -0.0832915
   8.724E-05,  -0.0829146
  8.7244E-05,  -0.0817839
  8.7248E-05,   -0.081407
  8.7252E-05,  -0.0806533
  8.7256E-05,  -0.0798995
   8.726E-05,  -0.0791457
  8.7264E-05,   -0.078392
  8.7268E-05,  -0.0776382
  8.7272E-05,  -0.0768844
  8.7276E-05,  -0.0757538
   8.728E-05,  -0.0753769
  8.7284E-05,  -0.0746231
  8.7288E-05,  -0.0734925
  8.7292E-05,  -0.0727387
  8.7296E-05,  -0.0719849
    8.73E-05,  -0.0712312
  8.7304E-05,  -0.0704774
  8.7308E-05,  -0.0693467
  8.7312E-05,   -0.068593
  8.7316E-05,  -0.0678392
   8.732E-05,  -0.0667085
  8.7324E-05,  -0.0659548
  8.7328E-05,   -0.065201
  8.7332E-05,  -0.0640704
  8.7336E-05,  -0.0633166
   8.734E-05,  -0.0625628
  8.7344E-05,   -0.061809
  8.7348E-05,  -0.0606784
  8.7352E-05,  -0.0595477
  8.7356E-05,  -0.0591709
   8.736E-05,  -0.0580402
  8.7364E-05,  -0.0572864
  8.7368E-05,  -0.0561558
  8.7372E-05,   -0.055402
  8.7376E-05,  -0.0542714
   8.738E-05,  -0.0531407
  8.7384E-05,  -0.0523869
  8.7388E-05,  -0.0512563
  8.7392E-05,  -0.0505025
  8.7396E-05,  -0.0493719
    8.74E-05,  -0.0482412
  8.7404E-05,  -0.0471106
  8.7408E-05,  -0.0463568
  8.7412E-05,  -0.0452261
  8.7416E-05,  -0.0440955
   8.742E-05,  -0.0433417
  8.7424E-05,  -0.0422111
  8.7428E-05,  -0.0410804
  8.7432E-05,  -0.0399497
  8.7436E-05,   -0.039196
   8.744E-05,  -0.0380653
  8.7444E-05,  -0.0365578
  8.7448E-05,   -0.035804
  8.7452E-05,  -0.0350503
  8.7456E-05,  -0.0335427
   8.746E-05,  -0.0327889
  8.7464E-05,  -0.0316583
  8.7468E-05,  -0.0305276
  8.7472E-05,   -0.029397
  8.7476E-05,  -0.0282663
   8.748E-05,  -0.0275126
  8.7484E-05,  -0.0263819
  8.7488E-05,  -0.0252513
  8.7492E-05,  -0.0241206
  8.7496E-05,  -0.0233668
    8.75E-05,  -0.0222362
  8.7504E-05,  -0.0211055
  8.7508E-05,   -0.019598
  8.7512E-05,  -0.0188442
  8.7516E-05,  -0.0177136
   8.752E-05,  -0.0165829
  8.7524E-05,  -0.0154523
  8.7528E-05,  -0.0146985
  8.7532E-05,   -0.013191
  8.7536E-05,  -0.0120603
   8.754E-05,  -0.0109296
  8.7544E-05,  -0.0101759
  8.7548E-05, -0.00904523
  8.7552E-05, -0.00791457
  8.7556E-05,  -0.0071608
   8.756E-05, -0.00603015
  8.7564E-05, -0.00452261
  8.7568E-05, -0.00376884
  8.7572E-05, -0.00263819
  8.7576E-05, -0.00150754
   8.758E-05,-0.000376884
  8.7584E-05, 0.000753769
  8.7588E-05,  0.00150754
  8.7592E-05,  0.00301508
  8.7596E-05,  0.00414573
    8.76E-05,   0.0048995
  8.7604E-05,  0.00640704
  8.7608E-05,   0.0071608
  8.7612E-05,  0.00829146
  8.7616E-05,  0.00942211
   8.762E-05,   0.0101759
  8.7624E-05,   0.0116834
  8.7628E-05,   0.0124372
  8.7632E-05,   0.0135678
  8.7636E-05,   0.0146985
   8.764E-05,   0.0158291
  8.7644E-05,   0.0169598
  8.7648E-05,   0.0180905
  8.7652E-05,   0.0188442
  8.7656E-05,   0.0199749
   8.766E-05,   0.0211055
  8.7664E-05,   0.0222362
  8.7668E-05,   0.0229899
  8.7672E-05,   0.0241206
  8.7676E-05,   0.0252513
   8.768E-05,   0.0263819
  8.7684E-05,   0.0271357
  8.7688E-05,   0.0282663
  8.7692E-05,    0.029397
  8.7696E-05,   0.0305276
    8.77E-05,   0.0312814
  8.7704E-05,   0.0324121
  8.7708E-05,   0.0335427
  8.7712E-05,   0.0342965
  8.7716E-05,   0.0354271
   8.772E-05,   0.0365578
  8.7724E-05,   0.0373116
  8.7728E-05,   0.0384422
  8.7732E-05,   0.0395729
  8.7736E-05,   0.0403266
   8.774E-05,   0.0414573
  8.7744E-05,   0.0422111
  8.7748E-05,   0.0433417
  8.7752E-05,   0.0444724
  8.7756E-05,   0.0448492
   8.776E-05,   0.0459799
  8.7764E-05,   0.0471106
  8.7768E-05,   0.0478643
  8.7772E-05,    0.048995
  8.7776E-05,   0.0497487
   8.778E-05,   0.0508794
  8.7784E-05,   0.0516332
  8.7788E-05,     0.05201
  8.7792E-05,   0.0531407
  8.7796E-05,   0.0538945
    8.78E-05,   0.0546482
  8.7804E-05,    0.055402
  8.7808E-05,   0.0561558
  8.7812E-05,   0.0569095
  8.7816E-05,   0.0580402
   8.782E-05,   0.0584171
  8.7824E-05,   0.0591709
  8.7828E-05,   0.0599246
  8.7832E-05,   0.0606784
  8.7836E-05,   0.0614322
   8.784E-05,   0.0621859
  8.7844E-05,   0.0629397
  8.7848E-05,   0.0633166
  8.7852E-05,   0.0640704
  8.7856E-05,   0.0648241
   8.786E-05,   0.0655779
  8.7864E-05,   0.0659548
  8.7868E-05,   0.0663317
  8.7872E-05,   0.0670854
  8.7876E-05,   0.0678392
   8.788E-05,   0.0682161
  8.7884E-05,   0.0682161
  8.7888E-05,   0.0693467
  8.7892E-05,   0.0697236
  8.7896E-05,   0.0701005
    8.79E-05,   0.0704774
  8.7904E-05,   0.0712312
  8.7908E-05,    0.071608
  8.7912E-05,   0.0719849
  8.7916E-05,   0.0723618
   8.792E-05,   0.0727387
  8.7924E-05,   0.0731156
  8.7928E-05,   0.0731156
  8.7932E-05,   0.0738693
  8.7936E-05,   0.0742462
   8.794E-05,   0.0746231
  8.7944E-05,   0.0746231
  8.7948E-05,       0.075
  8.7952E-05,   0.0753769
  8.7956E-05,   0.0753769
   8.796E-05,   0.0757538
  8.7964E-05,   0.0761307
  8.7968E-05,   0.0761307
  8.7972E-05,   0.0765075
  8.7976E-05,   0.0765075
   8.798E-05,   0.0768844
  8.7984E-05,   0.0768844
  8.7988E-05,   0.0765075
  8.7992E-05,   0.0768844
  8.7996E-05,   0.0768844
     8.8E-05,   0.0768844
  8.8004E-05,   0.0772613
  8.8008E-05,   0.0768844
  8.8012E-05,   0.0768844
  8.8016E-05,   0.0772613
   8.802E-05,   0.0768844
  8.8024E-05,   0.0768844
  8.8028E-05,   0.0768844
  8.8032E-05,   0.0768844
  8.8036E-05,   0.0768844
   8.804E-05,   0.0765075
  8.8044E-05,   0.0765075
  8.8048E-05,   0.0765075
  8.8052E-05,   0.0757538
  8.8056E-05,   0.0757538
   8.806E-05,   0.0753769
  8.8064E-05,   0.0753769
  8.8068E-05,       0.075
  8.8072E-05,   0.0746231
  8.8076E-05,   0.0746231
   8.808E-05,   0.0738693
  8.8084E-05,   0.0734925
  8.8088E-05,   0.0734925
  8.8092E-05,   0.0731156
  8.8096E-05,   0.0723618
    8.81E-05,   0.0719849
  8.8104E-05,   0.0719849
  8.8108E-05,   0.0712312
  8.8112E-05,   0.0708543
  8.8116E-05,   0.0701005
   8.812E-05,   0.0701005
  8.8124E-05,   0.0693467
  8.8128E-05,    0.068593
  8.8132E-05,    0.068593
  8.8136E-05,   0.0678392
   8.814E-05,   0.0670854
  8.8144E-05,   0.0667085
  8.8148E-05,   0.0659548
  8.8152E-05,   0.0655779
  8.8156E-05,   0.0648241
   8.816E-05,   0.0640704
  8.8164E-05,   0.0636935
  8.8168E-05,   0.0629397
  8.8172E-05,   0.0621859
  8.8176E-05,   0.0614322
   8.818E-05,   0.0606784
  8.8184E-05,   0.0599246
  8.8188E-05,   0.0591709
  8.8192E-05,   0.0584171
  8.8196E-05,   0.0576633
    8.82E-05,   0.0565327
  8.8204E-05,   0.0557789
  8.8208E-05,   0.0550251
  8.8212E-05,   0.0542714
  8.8216E-05,   0.0535176
   8.822E-05,   0.0523869
  8.8224E-05,   0.0516332
  8.8228E-05,   0.0508794
  8.8232E-05,   0.0501256
  8.8236E-05,    0.048995
   8.824E-05,   0.0478643
  8.8244E-05,   0.0471106
  8.8248E-05,   0.0463568
  8.8252E-05,   0.0452261
  8.8256E-05,   0.0444724
   8.826E-05,   0.0433417
  8.8264E-05,   0.0422111
  8.8268E-05,   0.0414573
  8.8272E-05,   0.0403266
  8.8276E-05,   0.0395729
   8.828E-05,   0.0384422
  8.8284E-05,   0.0376884
  8.8288E-05,   0.0361809
  8.8292E-05,   0.0354271
  8.8296E-05,   0.0342965
    8.83E-05,   0.0335427
  8.8304E-05,   0.0324121
  8.8308E-05,   0.0312814
  8.8312E-05,   0.0301508
  8.8316E-05,   0.0290201
   8.832E-05,   0.0278894
  8.8324E-05,   0.0271357
  8.8328E-05,    0.026005
  8.8332E-05,   0.0248744
  8.8336E-05,   0.0237437
   8.834E-05,   0.0229899
  8.8344E-05,   0.0218593
  8.8348E-05,   0.0203518
  8.8352E-05,    0.019598
  8.8356E-05,   0.0188442
   8.836E-05,   0.0173367
  8.8364E-05,   0.0165829
  8.8368E-05,   0.0158291
  8.8372E-05,   0.0146985
  8.8376E-05,   0.0135678
   8.838E-05,   0.0124372
  8.8384E-05,   0.0116834
  8.8388E-05,   0.0101759
  8.8392E-05,  0.00942211
  8.8396E-05,  0.00829146
    8.84E-05,   0.0071608
  8.8404E-05,  0.00603015
  8.8408E-05,  0.00527638
  8.8412E-05,  0.00414573
  8.8416E-05,  0.00339196
   8.842E-05,  0.00226131
  8.8424E-05,  0.00113065
  8.8428E-05, 0.000376884
  8.8432E-05,-0.000753769
  8.8436E-05, -0.00188442
   8.844E-05, -0.00301508
  8.8444E-05, -0.00376884
  8.8448E-05,  -0.0048995
  8.8452E-05, -0.00603015
  8.8456E-05, -0.00678392
   8.846E-05, -0.00753769
  8.8464E-05, -0.00866834
  8.8468E-05,   -0.009799
  8.8472E-05,  -0.0105528
  8.8476E-05,  -0.0113065
   8.848E-05,  -0.0120603
  8.8484E-05,   -0.013191
  8.8488E-05,  -0.0143216
  8.8492E-05,  -0.0150754
  8.8496E-05,  -0.0158291
    8.85E-05,  -0.0169598
  8.8504E-05,  -0.0173367
  8.8508E-05,  -0.0184673
  8.8512E-05,  -0.0192211
  8.8516E-05,  -0.0203518
   8.852E-05,  -0.0207286
  8.8524E-05,  -0.0214824
  8.8528E-05,  -0.0226131
  8.8532E-05,  -0.0233668
  8.8536E-05,  -0.0241206
   8.854E-05,  -0.0248744
  8.8544E-05,  -0.0252513
  8.8548E-05,   -0.026005
  8.8552E-05,  -0.0267588
  8.8556E-05,  -0.0275126
   8.856E-05,  -0.0282663
  8.8564E-05,  -0.0286432
  8.8568E-05,   -0.029397
  8.8572E-05,  -0.0301508
  8.8576E-05,  -0.0305276
   8.858E-05,  -0.0312814
  8.8584E-05,  -0.0320352
  8.8588E-05,  -0.0324121
  8.8592E-05,  -0.0331658
  8.8596E-05,  -0.0335427
    8.86E-05,  -0.0339196
  8.8604E-05,  -0.0346734
  8.8608E-05,  -0.0350503
  8.8612E-05,   -0.035804
  8.8616E-05,   -0.035804
   8.862E-05,  -0.0365578
  8.8624E-05,  -0.0369347
  8.8628E-05,  -0.0369347
  8.8632E-05,  -0.0376884
  8.8636E-05,  -0.0380653
   8.864E-05,  -0.0380653
  8.8644E-05,  -0.0384422
  8.8648E-05,  -0.0388191
  8.8652E-05,   -0.039196
  8.8656E-05,  -0.0395729
   8.866E-05,  -0.0399497
  8.8664E-05,  -0.0399497
  8.8668E-05,  -0.0403266
  8.8672E-05,  -0.0407035
  8.8676E-05,  -0.0407035
   8.868E-05,  -0.0407035
  8.8684E-05,  -0.0410804
  8.8688E-05,  -0.0414573
  8.8692E-05,  -0.0414573
  8.8696E-05,  -0.0414573
    8.87E-05,  -0.0418342
  8.8704E-05,  -0.0414573
  8.8708E-05,  -0.0418342
  8.8712E-05,  -0.0418342
  8.8716E-05,  -0.0418342
   8.872E-05,  -0.0418342
  8.8724E-05,  -0.0418342
  8.8728E-05,  -0.0418342
  8.8732E-05,  -0.0418342
  8.8736E-05,  -0.0418342
   8.874E-05,  -0.0418342
  8.8744E-05,  -0.0414573
  8.8748E-05,  -0.0414573
  8.8752E-05,  -0.0414573
  8.8756E-05,  -0.0414573
   8.876E-05,  -0.0410804
  8.8764E-05,  -0.0410804
  8.8768E-05,  -0.0410804
  8.8772E-05,  -0.0407035
  8.8776E-05,  -0.0403266
   8.878E-05,  -0.0403266
  8.8784E-05,  -0.0403266
  8.8788E-05,  -0.0399497
  8.8792E-05,  -0.0395729
  8.8796E-05,  -0.0395729
    8.88E-05,   -0.039196
  8.8804E-05,  -0.0388191
  8.8808E-05,  -0.0384422
  8.8812E-05,  -0.0384422
  8.8816E-05,  -0.0380653
   8.882E-05,  -0.0376884
  8.8824E-05,  -0.0373116
  8.8828E-05,  -0.0373116
  8.8832E-05,  -0.0365578
  8.8836E-05,  -0.0361809
   8.884E-05,   -0.035804
  8.8844E-05,   -0.035804
  8.8848E-05,  -0.0350503
  8.8852E-05,  -0.0346734
  8.8856E-05,  -0.0342965
   8.886E-05,  -0.0339196
  8.8864E-05,  -0.0335427
  8.8868E-05,  -0.0327889
  8.8872E-05,  -0.0324121
  8.8876E-05,  -0.0320352
   8.888E-05,  -0.0316583
  8.8884E-05,  -0.0309045
  8.8888E-05,  -0.0305276
  8.8892E-05,  -0.0297739
  8.8896E-05,   -0.029397
    8.89E-05,  -0.0286432
  8.8904E-05,  -0.0282663
  8.8908E-05,  -0.0278894
  8.8912E-05,  -0.0275126
  8.8916E-05,  -0.0267588
   8.892E-05,  -0.0263819
  8.8924E-05,   -0.026005
  8.8928E-05,  -0.0252513
  8.8932E-05,  -0.0248744
  8.8936E-05,  -0.0244975
   8.894E-05,  -0.0237437
  8.8944E-05,  -0.0229899
  8.8948E-05,  -0.0226131
  8.8952E-05,  -0.0226131
  8.8956E-05,  -0.0218593
   8.896E-05,  -0.0211055
  8.8964E-05,  -0.0203518
  8.8968E-05,  -0.0199749
  8.8972E-05,   -0.019598
  8.8976E-05,  -0.0188442
   8.898E-05,  -0.0184673
  8.8984E-05,  -0.0180905
  8.8988E-05,  -0.0173367
  8.8992E-05,  -0.0169598
  8.8996E-05,   -0.016206
