     9.6E-05,   0.0364322
  9.6004E-05,   0.0361809
  9.6008E-05,   0.0354271
  9.6012E-05,   0.0349246
  9.6016E-05,   0.0346734
   9.602E-05,   0.0341709
  9.6024E-05,   0.0336683
  9.6028E-05,   0.0329146
  9.6032E-05,   0.0329146
  9.6036E-05,   0.0324121
   9.604E-05,   0.0319095
  9.6044E-05,    0.031407
  9.6048E-05,   0.0309045
  9.6052E-05,    0.030402
  9.6056E-05,   0.0298995
   9.606E-05,    0.029397
  9.6064E-05,   0.0286432
  9.6068E-05,    0.028392
  9.6072E-05,   0.0281407
  9.6076E-05,   0.0276382
   9.608E-05,   0.0271357
  9.6084E-05,   0.0266332
  9.6088E-05,   0.0261307
  9.6092E-05,   0.0256281
  9.6096E-05,   0.0251256
    9.61E-05,   0.0246231
  9.6104E-05,   0.0241206
  9.6108E-05,   0.0238693
  9.6112E-05,   0.0233668
  9.6116E-05,   0.0228643
   9.612E-05,   0.0223618
  9.6124E-05,   0.0221106
  9.6128E-05,    0.021608
  9.6132E-05,   0.0211055
  9.6136E-05,   0.0208543
   9.614E-05,   0.0203518
  9.6144E-05,   0.0198492
  9.6148E-05,   0.0193467
  9.6152E-05,   0.0188442
  9.6156E-05,   0.0183417
   9.616E-05,   0.0178392
  9.6164E-05,   0.0175879
  9.6168E-05,   0.0168342
  9.6172E-05,   0.0168342
  9.6176E-05,   0.0160804
   9.618E-05,   0.0158291
  9.6184E-05,   0.0153266
  9.6188E-05,   0.0148241
  9.6192E-05,   0.0143216
  9.6196E-05,   0.0138191
    9.62E-05,   0.0135678
  9.6204E-05,   0.0130653
  9.6208E-05,   0.0128141
  9.6212E-05,   0.0123116
  9.6216E-05,    0.011809
   9.622E-05,   0.0113065
  9.6224E-05,   0.0105528
  9.6228E-05,   0.0103015
  9.6232E-05,   0.0100503
  9.6236E-05,  0.00954774
   9.624E-05,  0.00904523
  9.6244E-05,  0.00879397
  9.6248E-05,  0.00854271
  9.6252E-05,  0.00778894
  9.6256E-05,  0.00753769
   9.626E-05,  0.00703518
  9.6264E-05,  0.00678392
  9.6268E-05,  0.00628141
  9.6272E-05,  0.00577889
  9.6276E-05,  0.00577889
   9.628E-05,  0.00527638
  9.6284E-05,  0.00477387
  9.6288E-05,  0.00427136
  9.6292E-05,   0.0040201
  9.6296E-05,  0.00351759
    9.63E-05,  0.00326633
  9.6304E-05,  0.00301508
  9.6308E-05,  0.00251256
  9.6312E-05,  0.00226131
  9.6316E-05,  0.00175879
   9.632E-05,  0.00150754
  9.6324E-05,  0.00125628
  9.6328E-05, 0.000753769
  9.6332E-05, 0.000251256
  9.6336E-05,-0.000251256
   9.634E-05,-0.000251256
  9.6344E-05,-0.000753769
  9.6348E-05, -0.00125628
  9.6352E-05, -0.00125628
  9.6356E-05, -0.00175879
   9.636E-05, -0.00226131
  9.6364E-05, -0.00276382
  9.6368E-05, -0.00276382
  9.6372E-05, -0.00326633
  9.6376E-05, -0.00351759
   9.638E-05,  -0.0040201
  9.6384E-05, -0.00427136
  9.6388E-05, -0.00452261
  9.6392E-05, -0.00502513
  9.6396E-05, -0.00552764
    9.64E-05, -0.00603015
  9.6404E-05, -0.00603015
  9.6408E-05, -0.00628141
  9.6412E-05, -0.00678392
  9.6416E-05, -0.00703518
   9.642E-05, -0.00753769
  9.6424E-05, -0.00778894
  9.6428E-05,  -0.0080402
  9.6432E-05, -0.00854271
  9.6436E-05, -0.00879397
   9.644E-05, -0.00904523
  9.6444E-05, -0.00929648
  9.6448E-05, -0.00954774
  9.6452E-05,  -0.0100503
  9.6456E-05,  -0.0105528
   9.646E-05,   -0.010804
  9.6464E-05,  -0.0110553
  9.6468E-05,  -0.0115578
  9.6472E-05,   -0.011809
  9.6476E-05,  -0.0123116
   9.648E-05,  -0.0123116
  9.6484E-05,  -0.0128141
  9.6488E-05,  -0.0130653
  9.6492E-05,  -0.0135678
  9.6496E-05,  -0.0135678
    9.65E-05,  -0.0140704
  9.6504E-05,  -0.0145729
  9.6508E-05,  -0.0145729
  9.6512E-05,  -0.0148241
  9.6516E-05,  -0.0153266
   9.652E-05,  -0.0155779
  9.6524E-05,  -0.0158291
  9.6528E-05,  -0.0163317
  9.6532E-05,  -0.0165829
  9.6536E-05,  -0.0168342
   9.654E-05,  -0.0173367
  9.6544E-05,  -0.0175879
  9.6548E-05,  -0.0178392
  9.6552E-05,  -0.0180905
  9.6556E-05,   -0.018593
   9.656E-05,  -0.0188442
  9.6564E-05,  -0.0190955
  9.6568E-05,   -0.019598
  9.6572E-05,  -0.0198492
  9.6576E-05,  -0.0203518
   9.658E-05,  -0.0203518
  9.6584E-05,  -0.0208543
  9.6588E-05,  -0.0211055
  9.6592E-05,   -0.021608
  9.6596E-05,  -0.0218593
    9.66E-05,  -0.0221106
  9.6604E-05,  -0.0223618
  9.6608E-05,  -0.0226131
  9.6612E-05,  -0.0231156
  9.6616E-05,  -0.0233668
   9.662E-05,  -0.0238693
  9.6624E-05,  -0.0241206
  9.6628E-05,  -0.0243719
  9.6632E-05,  -0.0248744
  9.6636E-05,  -0.0251256
   9.664E-05,  -0.0256281
  9.6644E-05,  -0.0258794
  9.6648E-05,  -0.0261307
  9.6652E-05,  -0.0266332
  9.6656E-05,  -0.0271357
   9.666E-05,  -0.0273869
  9.6664E-05,  -0.0276382
  9.6668E-05,  -0.0276382
  9.6672E-05,   -0.028392
  9.6676E-05,  -0.0286432
   9.668E-05,  -0.0288945
  9.6684E-05,  -0.0291457
  9.6688E-05,  -0.0296482
  9.6692E-05,  -0.0298995
  9.6696E-05,  -0.0301508
    9.67E-05,  -0.0306533
  9.6704E-05,  -0.0309045
  9.6708E-05,  -0.0311558
  9.6712E-05,   -0.031407
  9.6716E-05,  -0.0321608
   9.672E-05,  -0.0324121
  9.6724E-05,  -0.0326633
  9.6728E-05,  -0.0329146
  9.6732E-05,  -0.0334171
  9.6736E-05,  -0.0339196
   9.674E-05,  -0.0339196
  9.6744E-05,  -0.0341709
  9.6748E-05,  -0.0349246
  9.6752E-05,  -0.0349246
  9.6756E-05,  -0.0354271
   9.676E-05,  -0.0359296
  9.6764E-05,  -0.0364322
  9.6768E-05,  -0.0361809
  9.6772E-05,  -0.0366834
  9.6776E-05,  -0.0374372
   9.678E-05,  -0.0376884
  9.6784E-05,  -0.0379397
  9.6788E-05,   -0.038191
  9.6792E-05,  -0.0386935
  9.6796E-05,  -0.0389447
    9.68E-05,  -0.0394472
  9.6804E-05,  -0.0396985
  9.6808E-05,  -0.0394472
  9.6812E-05,   -0.040201
  9.6816E-05,  -0.0404523
   9.682E-05,  -0.0409548
  9.6824E-05,   -0.041206
  9.6828E-05,  -0.0414573
  9.6832E-05,  -0.0417085
  9.6836E-05,  -0.0422111
   9.684E-05,  -0.0424623
  9.6844E-05,  -0.0427136
  9.6848E-05,  -0.0429648
  9.6852E-05,  -0.0434673
  9.6856E-05,  -0.0437186
   9.686E-05,  -0.0442211
  9.6864E-05,  -0.0447236
  9.6868E-05,  -0.0449749
  9.6872E-05,  -0.0449749
  9.6876E-05,  -0.0454774
   9.688E-05,  -0.0459799
  9.6884E-05,  -0.0459799
  9.6888E-05,  -0.0464824
  9.6892E-05,  -0.0469849
  9.6896E-05,  -0.0472362
    9.69E-05,  -0.0472362
  9.6904E-05,  -0.0474874
  9.6908E-05,  -0.0479899
  9.6912E-05,  -0.0482412
  9.6916E-05,  -0.0484925
   9.692E-05,   -0.048995
  9.6924E-05,  -0.0492462
  9.6928E-05,  -0.0492462
  9.6932E-05,  -0.0497487
  9.6936E-05,  -0.0502513
   9.694E-05,  -0.0502513
  9.6944E-05,  -0.0505025
  9.6948E-05,   -0.051005
  9.6952E-05,  -0.0512563
  9.6956E-05,  -0.0515075
   9.696E-05,    -0.05201
  9.6964E-05,  -0.0525126
  9.6968E-05,  -0.0522613
  9.6972E-05,  -0.0527638
  9.6976E-05,  -0.0530151
   9.698E-05,  -0.0532663
  9.6984E-05,  -0.0535176
  9.6988E-05,  -0.0540201
  9.6992E-05,  -0.0542714
  9.6996E-05,  -0.0545226
     9.7E-05,  -0.0550251
  9.7004E-05,  -0.0552764
  9.7008E-05,  -0.0552764
  9.7012E-05,  -0.0555276
  9.7016E-05,  -0.0560302
   9.702E-05,  -0.0562814
  9.7024E-05,  -0.0562814
  9.7028E-05,  -0.0567839
  9.7032E-05,  -0.0570352
  9.7036E-05,  -0.0572864
   9.704E-05,  -0.0575377
  9.7044E-05,  -0.0577889
  9.7048E-05,  -0.0577889
  9.7052E-05,  -0.0580402
  9.7056E-05,  -0.0585427
   9.706E-05,   -0.058794
  9.7064E-05,  -0.0590452
  9.7068E-05,  -0.0590452
  9.7072E-05,  -0.0595477
  9.7076E-05,   -0.059799
   9.708E-05,   -0.059799
  9.7084E-05,  -0.0603015
  9.7088E-05,  -0.0605528
  9.7092E-05,   -0.060804
  9.7096E-05,  -0.0610553
    9.71E-05,  -0.0613065
  9.7104E-05,  -0.0615578
  9.7108E-05,  -0.0615578
  9.7112E-05,  -0.0620603
  9.7116E-05,  -0.0623116
   9.712E-05,  -0.0625628
  9.7124E-05,  -0.0625628
  9.7128E-05,  -0.0630653
  9.7132E-05,  -0.0633166
  9.7136E-05,  -0.0635678
   9.714E-05,  -0.0635678
  9.7144E-05,  -0.0638191
  9.7148E-05,  -0.0640704
  9.7152E-05,  -0.0645729
  9.7156E-05,  -0.0648241
   9.716E-05,  -0.0650754
  9.7164E-05,  -0.0653266
  9.7168E-05,  -0.0653266
  9.7172E-05,  -0.0655779
  9.7176E-05,  -0.0658291
   9.718E-05,  -0.0660804
  9.7184E-05,  -0.0660804
  9.7188E-05,  -0.0663317
  9.7192E-05,  -0.0668342
  9.7196E-05,  -0.0670854
    9.72E-05,  -0.0673367
  9.7204E-05,  -0.0673367
  9.7208E-05,  -0.0675879
  9.7212E-05,  -0.0678392
  9.7216E-05,  -0.0680905
   9.722E-05,  -0.0683417
  9.7224E-05,   -0.068593
  9.7228E-05,  -0.0690955
  9.7232E-05,  -0.0690955
  9.7236E-05,  -0.0693467
   9.724E-05,  -0.0693467
  9.7244E-05,  -0.0698492
  9.7248E-05,  -0.0698492
  9.7252E-05,  -0.0701005
  9.7256E-05,  -0.0703518
   9.726E-05,   -0.070603
  9.7264E-05,   -0.070603
  9.7268E-05,  -0.0708543
  9.7272E-05,  -0.0711055
  9.7276E-05,  -0.0711055
   9.728E-05,  -0.0713568
  9.7284E-05,   -0.071608
  9.7288E-05,  -0.0721105
  9.7292E-05,  -0.0721105
  9.7296E-05,  -0.0723618
    9.73E-05,  -0.0726131
  9.7304E-05,  -0.0728643
  9.7308E-05,  -0.0731156
  9.7312E-05,  -0.0733668
  9.7316E-05,  -0.0736181
   9.732E-05,  -0.0736181
  9.7324E-05,  -0.0738693
  9.7328E-05,  -0.0743719
  9.7332E-05,  -0.0746231
  9.7336E-05,  -0.0746231
   9.734E-05,  -0.0748744
  9.7344E-05,  -0.0751256
  9.7348E-05,  -0.0753769
  9.7352E-05,  -0.0753769
  9.7356E-05,  -0.0756281
   9.736E-05,  -0.0758794
  9.7364E-05,  -0.0758794
  9.7368E-05,  -0.0763819
  9.7372E-05,  -0.0763819
  9.7376E-05,  -0.0766332
   9.738E-05,  -0.0766332
  9.7384E-05,  -0.0771357
  9.7388E-05,  -0.0771357
  9.7392E-05,  -0.0773869
  9.7396E-05,  -0.0776382
    9.74E-05,  -0.0778894
  9.7404E-05,  -0.0781407
  9.7408E-05,  -0.0781407
  9.7412E-05,   -0.078392
  9.7416E-05,  -0.0786432
   9.742E-05,  -0.0788945
  9.7424E-05,  -0.0788945
  9.7428E-05,  -0.0791457
  9.7432E-05,   -0.079397
  9.7436E-05,  -0.0796482
   9.744E-05,  -0.0796482
  9.7444E-05,  -0.0798995
  9.7448E-05,  -0.0801508
  9.7452E-05,  -0.0801508
  9.7456E-05,   -0.080402
   9.746E-05,  -0.0806533
  9.7464E-05,  -0.0809045
  9.7468E-05,  -0.0809045
  9.7472E-05,  -0.0811558
  9.7476E-05,   -0.081407
   9.748E-05,   -0.081407
  9.7484E-05,   -0.081407
  9.7488E-05,  -0.0819095
  9.7492E-05,  -0.0821608
  9.7496E-05,  -0.0824121
    9.75E-05,  -0.0824121
  9.7504E-05,  -0.0826633
  9.7508E-05,  -0.0826633
  9.7512E-05,  -0.0826633
  9.7516E-05,  -0.0829146
   9.752E-05,  -0.0831658
  9.7524E-05,  -0.0834171
  9.7528E-05,  -0.0836683
  9.7532E-05,  -0.0839196
  9.7536E-05,  -0.0839196
   9.754E-05,  -0.0836683
  9.7544E-05,  -0.0839196
  9.7548E-05,  -0.0841709
  9.7552E-05,  -0.0844221
  9.7556E-05,  -0.0844221
   9.756E-05,  -0.0846734
  9.7564E-05,  -0.0846734
  9.7568E-05,  -0.0846734
  9.7572E-05,  -0.0851759
  9.7576E-05,  -0.0851759
   9.758E-05,  -0.0851759
  9.7584E-05,  -0.0851759
  9.7588E-05,  -0.0856784
  9.7592E-05,  -0.0859296
  9.7596E-05,  -0.0856784
    9.76E-05,  -0.0859296
  9.7604E-05,  -0.0861809
  9.7608E-05,  -0.0859296
  9.7612E-05,  -0.0861809
  9.7616E-05,  -0.0864322
   9.762E-05,  -0.0866834
  9.7624E-05,  -0.0864322
  9.7628E-05,  -0.0869347
  9.7632E-05,  -0.0869347
  9.7636E-05,  -0.0869347
   9.764E-05,  -0.0871859
  9.7644E-05,  -0.0874372
  9.7648E-05,  -0.0874372
  9.7652E-05,  -0.0874372
  9.7656E-05,  -0.0876884
   9.766E-05,  -0.0876884
  9.7664E-05,  -0.0876884
  9.7668E-05,  -0.0879397
  9.7672E-05,   -0.088191
  9.7676E-05,   -0.088191
   9.768E-05,   -0.088191
  9.7684E-05,  -0.0884422
  9.7688E-05,  -0.0884422
  9.7692E-05,  -0.0886935
  9.7696E-05,  -0.0886935
    9.77E-05,  -0.0889447
  9.7704E-05,  -0.0886935
  9.7708E-05,  -0.0886935
  9.7712E-05,  -0.0886935
  9.7716E-05,  -0.0889447
   9.772E-05,   -0.089196
  9.7724E-05,   -0.089196
  9.7728E-05,   -0.089196
  9.7732E-05,  -0.0894472
  9.7736E-05,  -0.0894472
   9.774E-05,  -0.0894472
  9.7744E-05,  -0.0896985
  9.7748E-05,  -0.0894472
  9.7752E-05,  -0.0896985
  9.7756E-05,  -0.0896985
   9.776E-05,  -0.0899497
  9.7764E-05,  -0.0896985
  9.7768E-05,  -0.0899497
  9.7772E-05,  -0.0899497
  9.7776E-05,  -0.0899497
   9.778E-05,  -0.0899497
  9.7784E-05,  -0.0899497
  9.7788E-05,  -0.0899497
  9.7792E-05,   -0.090201
  9.7796E-05,  -0.0904523
    9.78E-05,  -0.0904523
  9.7804E-05,  -0.0904523
  9.7808E-05,  -0.0904523
  9.7812E-05,  -0.0904523
  9.7816E-05,  -0.0904523
   9.782E-05,  -0.0904523
  9.7824E-05,  -0.0904523
  9.7828E-05,  -0.0907035
  9.7832E-05,  -0.0907035
  9.7836E-05,  -0.0907035
   9.784E-05,  -0.0907035
  9.7844E-05,  -0.0909548
  9.7848E-05,  -0.0907035
  9.7852E-05,  -0.0907035
  9.7856E-05,  -0.0907035
   9.786E-05,  -0.0909548
  9.7864E-05,  -0.0909548
  9.7868E-05,  -0.0907035
  9.7872E-05,  -0.0909548
  9.7876E-05,  -0.0909548
   9.788E-05,  -0.0909548
  9.7884E-05,  -0.0909548
  9.7888E-05,  -0.0909548
  9.7892E-05,  -0.0909548
  9.7896E-05,  -0.0909548
    9.79E-05,   -0.091206
  9.7904E-05,  -0.0909548
  9.7908E-05,  -0.0909548
  9.7912E-05,  -0.0909548
  9.7916E-05,  -0.0909548
   9.792E-05,  -0.0909548
  9.7924E-05,  -0.0909548
  9.7928E-05,  -0.0909548
  9.7932E-05,  -0.0909548
  9.7936E-05,  -0.0909548
   9.794E-05,  -0.0909548
  9.7944E-05,  -0.0909548
  9.7948E-05,  -0.0909548
  9.7952E-05,  -0.0909548
  9.7956E-05,  -0.0909548
   9.796E-05,  -0.0909548
  9.7964E-05,  -0.0909548
  9.7968E-05,  -0.0907035
  9.7972E-05,  -0.0907035
  9.7976E-05,  -0.0909548
   9.798E-05,  -0.0907035
  9.7984E-05,  -0.0909548
  9.7988E-05,  -0.0907035
  9.7992E-05,  -0.0909548
  9.7996E-05,  -0.0907035
     9.8E-05,  -0.0907035
  9.8004E-05,  -0.0907035
  9.8008E-05,  -0.0907035
  9.8012E-05,  -0.0907035
  9.8016E-05,  -0.0904523
   9.802E-05,  -0.0904523
  9.8024E-05,  -0.0904523
  9.8028E-05,  -0.0904523
  9.8032E-05,   -0.090201
  9.8036E-05,   -0.090201
   9.804E-05,   -0.090201
  9.8044E-05,   -0.090201
  9.8048E-05,   -0.090201
  9.8052E-05,  -0.0899497
  9.8056E-05,  -0.0899497
   9.806E-05,  -0.0899497
  9.8064E-05,  -0.0896985
  9.8068E-05,  -0.0899497
  9.8072E-05,  -0.0894472
  9.8076E-05,  -0.0894472
   9.808E-05,  -0.0894472
  9.8084E-05,  -0.0894472
  9.8088E-05,  -0.0894472
  9.8092E-05,  -0.0894472
  9.8096E-05,   -0.089196
    9.81E-05,   -0.089196
  9.8104E-05,   -0.089196
  9.8108E-05,  -0.0889447
  9.8112E-05,  -0.0889447
  9.8116E-05,  -0.0889447
   9.812E-05,  -0.0886935
  9.8124E-05,  -0.0886935
  9.8128E-05,  -0.0886935
  9.8132E-05,  -0.0886935
  9.8136E-05,  -0.0884422
   9.814E-05,   -0.088191
  9.8144E-05,   -0.088191
  9.8148E-05,   -0.088191
  9.8152E-05,   -0.088191
  9.8156E-05,  -0.0879397
   9.816E-05,  -0.0879397
  9.8164E-05,  -0.0876884
  9.8168E-05,  -0.0874372
  9.8172E-05,  -0.0874372
  9.8176E-05,  -0.0874372
   9.818E-05,  -0.0871859
  9.8184E-05,  -0.0869347
  9.8188E-05,  -0.0869347
  9.8192E-05,  -0.0869347
  9.8196E-05,  -0.0866834
    9.82E-05,  -0.0864322
  9.8204E-05,  -0.0864322
  9.8208E-05,  -0.0861809
  9.8212E-05,  -0.0861809
  9.8216E-05,  -0.0861809
   9.822E-05,  -0.0856784
  9.8224E-05,  -0.0854271
  9.8228E-05,  -0.0854271
  9.8232E-05,  -0.0851759
  9.8236E-05,  -0.0851759
   9.824E-05,  -0.0846734
  9.8244E-05,  -0.0846734
  9.8248E-05,  -0.0846734
  9.8252E-05,  -0.0844221
  9.8256E-05,  -0.0844221
   9.826E-05,  -0.0841709
  9.8264E-05,  -0.0839196
  9.8268E-05,  -0.0836683
  9.8272E-05,  -0.0836683
  9.8276E-05,  -0.0834171
   9.828E-05,  -0.0829146
  9.8284E-05,  -0.0831658
  9.8288E-05,  -0.0829146
  9.8292E-05,  -0.0826633
  9.8296E-05,  -0.0821608
    9.83E-05,  -0.0821608
  9.8304E-05,  -0.0819095
  9.8308E-05,   -0.081407
  9.8312E-05,   -0.081407
  9.8316E-05,  -0.0811558
   9.832E-05,  -0.0806533
  9.8324E-05,  -0.0806533
  9.8328E-05,  -0.0806533
  9.8332E-05,  -0.0801508
  9.8336E-05,  -0.0798995
   9.834E-05,  -0.0796482
  9.8344E-05,   -0.079397
  9.8348E-05,  -0.0791457
  9.8352E-05,  -0.0788945
  9.8356E-05,  -0.0786432
   9.836E-05,   -0.078392
  9.8364E-05,  -0.0781407
  9.8368E-05,  -0.0778894
  9.8372E-05,  -0.0776382
  9.8376E-05,  -0.0773869
   9.838E-05,  -0.0768844
  9.8384E-05,  -0.0763819
  9.8388E-05,  -0.0761307
  9.8392E-05,  -0.0758794
  9.8396E-05,  -0.0758794
    9.84E-05,  -0.0753769
  9.8404E-05,  -0.0748744
  9.8408E-05,  -0.0743719
  9.8412E-05,  -0.0743719
  9.8416E-05,  -0.0738693
   9.842E-05,  -0.0733668
  9.8424E-05,  -0.0731156
  9.8428E-05,  -0.0728643
  9.8432E-05,  -0.0723618
  9.8436E-05,  -0.0721105
   9.844E-05,  -0.0718593
  9.8444E-05,  -0.0713568
  9.8448E-05,  -0.0708543
  9.8452E-05,   -0.070603
  9.8456E-05,  -0.0703518
   9.846E-05,  -0.0698492
  9.8464E-05,  -0.0693467
  9.8468E-05,  -0.0690955
  9.8472E-05,   -0.068593
  9.8476E-05,  -0.0678392
   9.848E-05,  -0.0675879
  9.8484E-05,  -0.0673367
  9.8488E-05,  -0.0668342
  9.8492E-05,  -0.0663317
  9.8496E-05,  -0.0660804
    9.85E-05,  -0.0655779
  9.8504E-05,  -0.0648241
  9.8508E-05,  -0.0645729
  9.8512E-05,  -0.0640704
  9.8516E-05,  -0.0635678
   9.852E-05,  -0.0633166
  9.8524E-05,  -0.0625628
  9.8528E-05,  -0.0620603
  9.8532E-05,   -0.061809
  9.8536E-05,  -0.0613065
   9.854E-05,   -0.060804
  9.8544E-05,  -0.0600502
  9.8548E-05,   -0.059799
  9.8552E-05,  -0.0592965
  9.8556E-05,  -0.0585427
   9.856E-05,  -0.0582915
  9.8564E-05,  -0.0577889
  9.8568E-05,  -0.0570352
  9.8572E-05,  -0.0565327
  9.8576E-05,  -0.0562814
   9.858E-05,  -0.0552764
  9.8584E-05,  -0.0547739
  9.8588E-05,  -0.0542714
  9.8592E-05,  -0.0537688
  9.8596E-05,  -0.0532663
    9.86E-05,  -0.0525126
  9.8604E-05,    -0.05201
  9.8608E-05,  -0.0512563
  9.8612E-05,  -0.0507538
  9.8616E-05,       -0.05
   9.862E-05,  -0.0497487
  9.8624E-05,   -0.048995
  9.8628E-05,  -0.0484925
  9.8632E-05,  -0.0477387
  9.8636E-05,  -0.0472362
   9.864E-05,  -0.0464824
  9.8644E-05,  -0.0457286
  9.8648E-05,  -0.0452261
  9.8652E-05,  -0.0447236
  9.8656E-05,  -0.0442211
   9.866E-05,  -0.0434673
  9.8664E-05,  -0.0429648
  9.8668E-05,  -0.0422111
  9.8672E-05,  -0.0414573
  9.8676E-05,  -0.0409548
   9.868E-05,  -0.0404523
  9.8684E-05,  -0.0396985
  9.8688E-05,   -0.039196
  9.8692E-05,  -0.0384422
  9.8696E-05,  -0.0379397
    9.87E-05,  -0.0374372
  9.8704E-05,  -0.0364322
  9.8708E-05,  -0.0356784
  9.8712E-05,  -0.0351759
  9.8716E-05,  -0.0344221
   9.872E-05,  -0.0339196
  9.8724E-05,  -0.0331658
  9.8728E-05,  -0.0324121
  9.8732E-05,  -0.0319095
  9.8736E-05,  -0.0311558
   9.874E-05,   -0.030402
  9.8744E-05,  -0.0296482
  9.8748E-05,  -0.0288945
  9.8752E-05,   -0.028392
  9.8756E-05,  -0.0276382
   9.876E-05,  -0.0268844
  9.8764E-05,  -0.0263819
  9.8768E-05,  -0.0253769
  9.8772E-05,  -0.0248744
  9.8776E-05,  -0.0243719
   9.878E-05,  -0.0236181
  9.8784E-05,  -0.0226131
  9.8788E-05,  -0.0221106
  9.8792E-05,   -0.021608
  9.8796E-05,  -0.0208543
    9.88E-05,  -0.0198492
  9.8804E-05,  -0.0193467
  9.8808E-05,   -0.018593
  9.8812E-05,  -0.0178392
  9.8816E-05,  -0.0170854
   9.882E-05,  -0.0165829
  9.8824E-05,  -0.0158291
  9.8828E-05,  -0.0150754
  9.8832E-05,  -0.0145729
  9.8836E-05,  -0.0135678
   9.884E-05,  -0.0128141
  9.8844E-05,  -0.0120603
  9.8848E-05,   -0.011809
  9.8852E-05,   -0.010804
  9.8856E-05,  -0.0100503
   9.886E-05, -0.00954774
  9.8864E-05, -0.00879397
  9.8868E-05,  -0.0080402
  9.8872E-05, -0.00728643
  9.8876E-05, -0.00628141
   9.888E-05, -0.00577889
  9.8884E-05, -0.00502513
  9.8888E-05, -0.00452261
  9.8892E-05, -0.00376884
  9.8896E-05, -0.00276382
    9.89E-05, -0.00226131
  9.8904E-05, -0.00175879
  9.8908E-05,-0.000753769
  9.8912E-05,           0
  9.8916E-05, 0.000753769
   9.892E-05,  0.00125628
  9.8924E-05,  0.00201005
  9.8928E-05,  0.00276382
  9.8932E-05,  0.00351759
  9.8936E-05,  0.00427136
   9.894E-05,  0.00477387
  9.8944E-05,  0.00552764
  9.8948E-05,  0.00628141
  9.8952E-05,  0.00678392
  9.8956E-05,  0.00728643
   9.896E-05,   0.0080402
  9.8964E-05,  0.00879397
  9.8968E-05,  0.00954774
  9.8972E-05,   0.0103015
  9.8976E-05,    0.010804
   9.898E-05,   0.0115578
  9.8984E-05,   0.0123116
  9.8988E-05,   0.0130653
  9.8992E-05,   0.0138191
  9.8996E-05,   0.0143216
     9.9E-05,   0.0153266
  9.9004E-05,   0.0160804
  9.9008E-05,   0.0168342
  9.9012E-05,   0.0173367
  9.9016E-05,   0.0180905
   9.902E-05,   0.0188442
  9.9024E-05,    0.019598
  9.9028E-05,   0.0201005
  9.9032E-05,   0.0211055
  9.9036E-05,   0.0218593
   9.904E-05,   0.0223618
  9.9044E-05,   0.0231156
  9.9048E-05,   0.0238693
  9.9052E-05,   0.0243719
  9.9056E-05,   0.0251256
   9.906E-05,   0.0258794
  9.9064E-05,   0.0266332
  9.9068E-05,   0.0273869
  9.9072E-05,   0.0278894
  9.9076E-05,   0.0288945
   9.908E-05,    0.029397
  9.9084E-05,   0.0301508
  9.9088E-05,   0.0306533
  9.9092E-05,    0.031407
  9.9096E-05,   0.0324121
    9.91E-05,   0.0331658
  9.9104E-05,   0.0336683
  9.9108E-05,   0.0344221
  9.9112E-05,   0.0351759
  9.9116E-05,   0.0359296
   9.912E-05,   0.0366834
  9.9124E-05,   0.0374372
  9.9128E-05,   0.0379397
  9.9132E-05,   0.0386935
  9.9136E-05,   0.0396985
   9.914E-05,   0.0404523
  9.9144E-05,   0.0409548
  9.9148E-05,   0.0419598
  9.9152E-05,   0.0424623
  9.9156E-05,   0.0429648
   9.916E-05,   0.0439698
  9.9164E-05,   0.0447236
  9.9168E-05,   0.0454774
  9.9172E-05,   0.0459799
  9.9176E-05,   0.0467337
   9.918E-05,   0.0477387
  9.9184E-05,   0.0482412
  9.9188E-05,   0.0487437
  9.9192E-05,   0.0497487
  9.9196E-05,   0.0505025
    9.92E-05,    0.051005
  9.9204E-05,   0.0517588
  9.9208E-05,   0.0527638
  9.9212E-05,   0.0535176
  9.9216E-05,   0.0540201
   9.922E-05,   0.0547739
  9.9224E-05,   0.0555276
  9.9228E-05,   0.0562814
  9.9232E-05,   0.0567839
  9.9236E-05,   0.0575377
   9.924E-05,   0.0585427
  9.9244E-05,   0.0592965
  9.9248E-05,   0.0600502
  9.9252E-05,    0.060804
  9.9256E-05,   0.0613065
   9.926E-05,   0.0620603
  9.9264E-05,   0.0630653
  9.9268E-05,   0.0635678
  9.9272E-05,   0.0643216
  9.9276E-05,   0.0653266
   9.928E-05,   0.0660804
  9.9284E-05,   0.0668342
  9.9288E-05,   0.0675879
  9.9292E-05,   0.0683417
  9.9296E-05,   0.0690955
    9.93E-05,   0.0698492
  9.9304E-05,    0.070603
  9.9308E-05,   0.0713568
  9.9312E-05,   0.0721105
  9.9316E-05,   0.0728643
   9.932E-05,   0.0736181
  9.9324E-05,   0.0743719
  9.9328E-05,   0.0751256
  9.9332E-05,   0.0756281
  9.9336E-05,   0.0763819
   9.934E-05,   0.0773869
  9.9344E-05,    0.078392
  9.9348E-05,   0.0788945
  9.9352E-05,   0.0796482
  9.9356E-05,   0.0806533
   9.936E-05,    0.081407
  9.9364E-05,   0.0821608
  9.9368E-05,   0.0829146
  9.9372E-05,   0.0839196
  9.9376E-05,   0.0846734
   9.938E-05,   0.0854271
  9.9384E-05,   0.0864322
  9.9388E-05,   0.0869347
  9.9392E-05,   0.0876884
  9.9396E-05,   0.0884422
    9.94E-05,    0.089196
  9.9404E-05,    0.090201
  9.9408E-05,   0.0909548
  9.9412E-05,   0.0917085
  9.9416E-05,   0.0924623
   9.942E-05,   0.0932161
  9.9424E-05,   0.0942211
  9.9428E-05,   0.0949749
  9.9432E-05,   0.0957286
  9.9436E-05,   0.0964824
   9.944E-05,   0.0972362
  9.9444E-05,   0.0979899
  9.9448E-05,    0.098995
  9.9452E-05,   0.0997487
  9.9456E-05,    0.100503
   9.946E-05,    0.101256
  9.9464E-05,    0.102261
  9.9468E-05,    0.103266
  9.9472E-05,    0.103769
  9.9476E-05,    0.104523
   9.948E-05,    0.105528
  9.9484E-05,    0.106281
  9.9488E-05,    0.107035
  9.9492E-05,    0.107538
  9.9496E-05,    0.108543
    9.95E-05,    0.109296
  9.9504E-05,     0.11005
  9.9508E-05,    0.111307
  9.9512E-05,     0.11206
  9.9516E-05,    0.112814
   9.952E-05,    0.113568
  9.9524E-05,    0.114573
  9.9528E-05,    0.115327
  9.9532E-05,    0.115829
  9.9536E-05,    0.116834
   9.954E-05,    0.117839
  9.9544E-05,    0.118593
  9.9548E-05,    0.119347
  9.9552E-05,      0.1201
  9.9556E-05,    0.120854
   9.956E-05,    0.121357
  9.9564E-05,    0.122362
  9.9568E-05,    0.123116
  9.9572E-05,    0.123869
  9.9576E-05,    0.124874
   9.958E-05,    0.125628
  9.9584E-05,    0.126131
  9.9588E-05,    0.126884
  9.9592E-05,    0.127889
  9.9596E-05,    0.128392
    9.96E-05,    0.129397
  9.9604E-05,    0.130151
  9.9608E-05,    0.130905
  9.9612E-05,    0.131658
  9.9616E-05,    0.132412
   9.962E-05,    0.133166
  9.9624E-05,     0.13392
  9.9628E-05,    0.134673
  9.9632E-05,    0.135176
  9.9636E-05,    0.136181
   9.964E-05,    0.136935
  9.9644E-05,    0.137688
  9.9648E-05,    0.138191
  9.9652E-05,    0.138945
  9.9656E-05,     0.13995
   9.966E-05,    0.140201
  9.9664E-05,    0.140955
  9.9668E-05,    0.142211
  9.9672E-05,    0.142714
  9.9676E-05,    0.143216
   9.968E-05,     0.14397
  9.9684E-05,    0.144724
  9.9688E-05,    0.145477
  9.9692E-05,     0.14598
  9.9696E-05,    0.146734
    9.97E-05,    0.147236
  9.9704E-05,     0.14799
  9.9708E-05,    0.148744
  9.9712E-05,    0.149246
  9.9716E-05,        0.15
   9.972E-05,    0.150754
  9.9724E-05,    0.151256
  9.9728E-05,    0.151759
  9.9732E-05,    0.152513
  9.9736E-05,    0.153266
   9.974E-05,    0.153769
  9.9744E-05,    0.154271
  9.9748E-05,    0.155025
  9.9752E-05,    0.155779
  9.9756E-05,    0.155779
   9.976E-05,    0.156533
  9.9764E-05,    0.157286
  9.9768E-05,     0.15804
  9.9772E-05,    0.158543
  9.9776E-05,    0.158794
   9.978E-05,    0.159548
  9.9784E-05,     0.16005
  9.9788E-05,    0.160553
  9.9792E-05,    0.161307
  9.9796E-05,    0.161809
    9.98E-05,    0.162312
  9.9804E-05,    0.162814
  9.9808E-05,    0.163317
  9.9812E-05,    0.163819
  9.9816E-05,    0.164322
   9.982E-05,    0.164573
  9.9824E-05,    0.165327
  9.9828E-05,    0.165829
  9.9832E-05,    0.166332
  9.9836E-05,    0.166834
   9.984E-05,    0.167337
  9.9844E-05,    0.167839
  9.9848E-05,     0.16809
  9.9852E-05,    0.168593
  9.9856E-05,    0.169095
   9.986E-05,    0.169347
  9.9864E-05,    0.169598
  9.9868E-05,    0.170352
  9.9872E-05,    0.171106
  9.9876E-05,    0.171357
   9.988E-05,    0.171859
  9.9884E-05,    0.172111
  9.9888E-05,    0.172613
  9.9892E-05,    0.172864
  9.9896E-05,    0.173367
    9.99E-05,    0.173869
  9.9904E-05,    0.173869
  9.9908E-05,    0.174623
  9.9912E-05,    0.175126
  9.9916E-05,    0.175126
   9.992E-05,    0.175628
  9.9924E-05,    0.176131
  9.9928E-05,    0.176633
  9.9932E-05,    0.176633
  9.9936E-05,    0.177136
   9.994E-05,    0.177638
  9.9944E-05,    0.177889
  9.9948E-05,    0.178141
  9.9952E-05,    0.178643
  9.9956E-05,    0.178894
   9.996E-05,    0.178894
  9.9964E-05,    0.179397
  9.9968E-05,    0.179899
  9.9972E-05,    0.180151
  9.9976E-05,    0.180151
   9.998E-05,    0.180653
  9.9984E-05,    0.181156
  9.9988E-05,    0.181156
  9.9992E-05,    0.181407
  9.9996E-05,     0.18191
      0.0001,    0.182161
 0.000100004,    0.182412
 0.000100008,    0.182915
 0.000100012,    0.183166
 0.000100016,    0.183417
  0.00010002,    0.183668
 0.000100024,     0.18392
 0.000100028,    0.184422
 0.000100032,    0.184422
 0.000100036,    0.184673
  0.00010004,    0.185176
 0.000100044,    0.185176
 0.000100048,    0.185427
 0.000100052,     0.18593
 0.000100056,    0.186181
  0.00010006,    0.186181
 0.000100064,    0.186181
 0.000100068,    0.186683
 0.000100072,    0.186935
 0.000100076,    0.186935
  0.00010008,    0.187437
 0.000100084,    0.187688
 0.000100088,     0.18794
 0.000100092,     0.18794
 0.000100096,    0.188191
   0.0001001,    0.188442
 0.000100104,    0.188693
 0.000100108,    0.188945
 0.000100112,    0.189196
 0.000100116,    0.189447
  0.00010012,    0.189447
 0.000100124,    0.189698
 0.000100128,     0.18995
 0.000100132,    0.190201
 0.000100136,    0.190201
  0.00010014,    0.190704
 0.000100144,    0.191206
 0.000100148,    0.191206
 0.000100152,    0.191206
 0.000100156,    0.191457
  0.00010016,    0.191709
 0.000100164,    0.191709
 0.000100168,     0.19196
 0.000100172,    0.192211
 0.000100176,    0.192462
  0.00010018,    0.192462
 0.000100184,    0.192714
 0.000100188,    0.192714
 0.000100192,    0.192965
 0.000100196,    0.193216
   0.0001002,    0.193216
 0.000100204,    0.193467
 0.000100208,    0.193719
 0.000100212,     0.19397
 0.000100216,     0.19397
  0.00010022,    0.194221
 0.000100224,    0.194472
 0.000100228,    0.194472
 0.000100232,    0.194472
 0.000100236,    0.194724
  0.00010024,    0.195226
 0.000100244,    0.195226
 0.000100248,    0.195226
 0.000100252,    0.195477
 0.000100256,    0.195729
  0.00010026,    0.195729
 0.000100264,     0.19598
 0.000100268,     0.19598
 0.000100272,    0.196231
 0.000100276,    0.196231
  0.00010028,    0.196482
 0.000100284,    0.196482
 0.000100288,    0.196482
 0.000100292,    0.196985
 0.000100296,    0.196985
   0.0001003,    0.196985
 0.000100304,    0.197236
 0.000100308,    0.197487
 0.000100312,    0.197487
 0.000100316,    0.197487
  0.00010032,    0.197739
 0.000100324,    0.197739
 0.000100328,    0.197739
 0.000100332,     0.19799
 0.000100336,     0.19799
  0.00010034,    0.198241
 0.000100344,    0.198241
 0.000100348,    0.198492
 0.000100352,    0.198492
 0.000100356,    0.198492
  0.00010036,    0.198492
 0.000100364,    0.198744
 0.000100368,    0.198744
 0.000100372,    0.198744
 0.000100376,    0.198995
  0.00010038,    0.198995
 0.000100384,    0.198995
 0.000100388,    0.198995
 0.000100392,    0.198744
 0.000100396,    0.198995
   0.0001004,    0.198995
 0.000100404,    0.199246
 0.000100408,    0.199246
 0.000100412,    0.198995
 0.000100416,    0.199246
  0.00010042,    0.199246
 0.000100424,    0.199246
 0.000100428,    0.199246
 0.000100432,    0.199246
 0.000100436,    0.198995
  0.00010044,    0.199246
 0.000100444,    0.199246
 0.000100448,    0.199246
 0.000100452,    0.199246
 0.000100456,    0.199246
  0.00010046,    0.199246
 0.000100464,    0.198995
 0.000100468,    0.199246
 0.000100472,    0.198995
 0.000100476,    0.198744
  0.00010048,    0.198995
 0.000100484,    0.198995
 0.000100488,    0.198744
 0.000100492,    0.198492
 0.000100496,    0.198492
   0.0001005,    0.198492
 0.000100504,    0.198492
 0.000100508,    0.198492
 0.000100512,    0.198492
 0.000100516,    0.198241
  0.00010052,    0.198241
 0.000100524,     0.19799
 0.000100528,     0.19799
 0.000100532,     0.19799
 0.000100536,    0.197739
  0.00010054,    0.197487
 0.000100544,    0.197739
 0.000100548,    0.197739
 0.000100552,    0.197487
 0.000100556,    0.197236
  0.00010056,    0.197236
 0.000100564,    0.196985
 0.000100568,    0.196734
 0.000100572,    0.196734
 0.000100576,    0.196734
  0.00010058,    0.196482
 0.000100584,    0.196231
 0.000100588,     0.19598
 0.000100592,     0.19598
 0.000100596,    0.195729
   0.0001006,    0.195477
 0.000100604,    0.195477
 0.000100608,    0.195477
 0.000100612,    0.195226
 0.000100616,    0.194975
  0.00010062,    0.194724
 0.000100624,    0.194724
 0.000100628,    0.194472
 0.000100632,    0.194221
 0.000100636,     0.19397
  0.00010064,    0.193719
 0.000100644,    0.193719
 0.000100648,    0.193467
 0.000100652,    0.192965
 0.000100656,    0.192714
  0.00010066,    0.192965
 0.000100664,    0.192462
 0.000100668,    0.192211
 0.000100672,    0.192211
 0.000100676,     0.19196
  0.00010068,    0.191709
 0.000100684,    0.191206
 0.000100688,    0.191206
 0.000100692,    0.190955
 0.000100696,    0.190452
   0.0001007,    0.190201
 0.000100704,    0.190201
 0.000100708,     0.18995
 0.000100712,    0.189698
 0.000100716,    0.189447
  0.00010072,    0.189196
 0.000100724,    0.189196
 0.000100728,    0.188693
 0.000100732,    0.188442
 0.000100736,    0.188191
  0.00010074,     0.18794
 0.000100744,    0.187688
 0.000100748,    0.187437
 0.000100752,    0.187186
 0.000100756,    0.186935
  0.00010076,    0.186432
 0.000100764,    0.186181
 0.000100768,    0.186181
 0.000100772,     0.18593
 0.000100776,    0.185427
  0.00010078,    0.185427
 0.000100784,    0.184925
 0.000100788,    0.184673
 0.000100792,    0.184171
 0.000100796,    0.184171
   0.0001008,     0.18392
 0.000100804,    0.183417
 0.000100808,    0.183417
 0.000100812,    0.182915
 0.000100816,    0.182663
  0.00010082,    0.182412
 0.000100824,     0.18191
 0.000100828,     0.18191
 0.000100832,    0.181156
 0.000100836,    0.181156
  0.00010084,    0.180905
 0.000100844,    0.180402
 0.000100848,    0.180151
 0.000100852,    0.179899
 0.000100856,    0.179648
  0.00010086,    0.179397
 0.000100864,    0.178894
 0.000100868,    0.178643
 0.000100872,    0.178392
 0.000100876,    0.177889
  0.00010088,    0.177638
 0.000100884,    0.177387
 0.000100888,    0.177136
 0.000100892,    0.176884
 0.000100896,    0.176382
   0.0001009,    0.176382
 0.000100904,    0.175879
 0.000100908,    0.175377
 0.000100912,    0.175126
 0.000100916,    0.174874
  0.00010092,    0.174372
 0.000100924,    0.174121
 0.000100928,    0.173869
 0.000100932,    0.173367
 0.000100936,    0.173116
  0.00010094,    0.172864
 0.000100944,    0.172613
 0.000100948,    0.172362
 0.000100952,    0.171859
 0.000100956,    0.171608
  0.00010096,    0.171357
 0.000100964,    0.170854
 0.000100968,    0.170603
 0.000100972,      0.1701
 0.000100976,    0.169849
  0.00010098,    0.169347
 0.000100984,    0.169095
 0.000100988,    0.168844
 0.000100992,    0.168342
 0.000100996,     0.16809
    0.000101,     0.16809
 0.000101004,    0.167588
 0.000101008,    0.167337
 0.000101012,    0.166834
 0.000101016,    0.166332
  0.00010102,     0.16608
 0.000101024,    0.165829
 0.000101028,    0.165327
 0.000101032,    0.165075
 0.000101036,    0.164573
  0.00010104,    0.164573
 0.000101044,     0.16407
 0.000101048,    0.163819
 0.000101052,    0.163317
 0.000101056,    0.162814
  0.00010106,    0.162312
 0.000101064,    0.162312
 0.000101068,    0.161809
 0.000101072,    0.161307
 0.000101076,    0.161055
  0.00010108,    0.160804
 0.000101084,    0.160302
 0.000101088,    0.159799
 0.000101092,    0.159799
 0.000101096,    0.159296
   0.0001011,    0.158794
 0.000101104,    0.158543
 0.000101108,    0.158291
 0.000101112,    0.157538
 0.000101116,    0.157286
  0.00010112,    0.157035
 0.000101124,    0.156784
 0.000101128,    0.156281
 0.000101132,     0.15603
 0.000101136,    0.155779
  0.00010114,    0.155276
 0.000101144,    0.155025
 0.000101148,    0.154774
 0.000101152,    0.154271
 0.000101156,    0.153769
  0.00010116,    0.153266
 0.000101164,    0.153015
 0.000101168,    0.152513
 0.000101172,    0.152261
 0.000101176,    0.151759
  0.00010118,    0.151256
 0.000101184,    0.151005
 0.000101188,    0.150503
 0.000101192,        0.15
 0.000101196,    0.149749
   0.0001012,    0.149497
 0.000101204,    0.149246
 0.000101208,    0.148744
 0.000101212,    0.148492
 0.000101216,     0.14799
  0.00010122,    0.147739
 0.000101224,    0.147236
 0.000101228,    0.146734
 0.000101232,    0.146482
 0.000101236,     0.14598
  0.00010124,    0.145477
 0.000101244,    0.144975
 0.000101248,    0.144724
 0.000101252,    0.144221
 0.000101256,     0.14397
  0.00010126,    0.143216
 0.000101264,    0.142965
 0.000101268,    0.142965
 0.000101272,    0.142462
 0.000101276,    0.141709
  0.00010128,    0.141709
 0.000101284,    0.141206
 0.000101288,    0.140704
 0.000101292,    0.140201
 0.000101296,     0.13995
   0.0001013,    0.139447
 0.000101304,    0.139196
 0.000101308,    0.138945
 0.000101312,    0.138442
 0.000101316,     0.13794
  0.00010132,    0.137437
 0.000101324,    0.137437
 0.000101328,    0.136683
 0.000101332,    0.136432
 0.000101336,    0.136181
  0.00010134,     0.13593
 0.000101344,    0.135427
 0.000101348,    0.134925
 0.000101352,    0.134673
 0.000101356,    0.134171
  0.00010136,    0.133668
 0.000101364,    0.133417
 0.000101368,    0.133166
 0.000101372,    0.132663
 0.000101376,    0.132412
  0.00010138,     0.13191
 0.000101384,    0.131407
 0.000101388,    0.131156
 0.000101392,    0.130653
 0.000101396,    0.130151
   0.0001014,      0.1299
 0.000101404,    0.129648
 0.000101408,    0.129146
 0.000101412,    0.128643
 0.000101416,    0.128392
  0.00010142,    0.127889
 0.000101424,    0.127638
 0.000101428,    0.127136
 0.000101432,    0.126884
 0.000101436,    0.126382
  0.00010144,    0.125879
 0.000101444,    0.125628
 0.000101448,    0.125377
 0.000101452,    0.125126
 0.000101456,    0.124623
  0.00010146,    0.124121
 0.000101464,    0.123869
 0.000101468,    0.123618
 0.000101472,    0.123367
 0.000101476,    0.122613
  0.00010148,    0.122362
 0.000101484,    0.122111
 0.000101488,    0.121859
 0.000101492,    0.121357
 0.000101496,    0.120854
   0.0001015,    0.120603
 0.000101504,      0.1201
 0.000101508,    0.119849
 0.000101512,    0.119598
 0.000101516,    0.119095
  0.00010152,    0.118593
 0.000101524,    0.118342
 0.000101528,     0.11809
 0.000101532,    0.117588
 0.000101536,    0.117337
  0.00010154,    0.117085
 0.000101544,    0.116583
 0.000101548,    0.116332
 0.000101552,     0.11608
 0.000101556,    0.115829
  0.00010156,    0.115075
 0.000101564,    0.114824
 0.000101568,    0.114573
 0.000101572,     0.11407
 0.000101576,    0.113819
  0.00010158,    0.113568
 0.000101584,    0.113317
 0.000101588,    0.112563
 0.000101592,    0.112312
 0.000101596,    0.112312
   0.0001016,    0.111809
 0.000101604,    0.111307
 0.000101608,    0.111055
 0.000101612,    0.110804
 0.000101616,    0.110302
  0.00010162,    0.109799
 0.000101624,    0.109799
 0.000101628,    0.109045
 0.000101632,    0.108794
 0.000101636,    0.108543
  0.00010164,    0.108291
 0.000101644,    0.107789
 0.000101648,    0.107286
 0.000101652,    0.107035
 0.000101656,    0.106533
  0.00010166,    0.106281
 0.000101664,    0.105779
 0.000101668,    0.105528
 0.000101672,    0.105276
 0.000101676,    0.104774
  0.00010168,    0.104523
 0.000101684,    0.104271
 0.000101688,    0.103769
 0.000101692,    0.103266
 0.000101696,    0.103015
   0.0001017,    0.102764
 0.000101704,    0.102513
 0.000101708,    0.102261
 0.000101712,    0.101508
 0.000101716,    0.101256
  0.00010172,    0.100754
 0.000101724,    0.100754
 0.000101728,    0.100251
 0.000101732,   0.0997487
 0.000101736,   0.0992462
  0.00010174,    0.098995
 0.000101744,   0.0987437
 0.000101748,   0.0982412
 0.000101752,   0.0979899
 0.000101756,   0.0974874
  0.00010176,   0.0972362
 0.000101764,   0.0967337
 0.000101768,   0.0962312
 0.000101772,   0.0959799
 0.000101776,   0.0954774
  0.00010178,   0.0952261
 0.000101784,   0.0947236
 0.000101788,   0.0942211
 0.000101792,   0.0939699
 0.000101796,   0.0934673
   0.0001018,   0.0932161
 0.000101804,   0.0927136
 0.000101808,   0.0922111
 0.000101812,   0.0919598
 0.000101816,   0.0914573
  0.00010182,   0.0909548
 0.000101824,   0.0907035
 0.000101828,   0.0904523
 0.000101832,   0.0896985
 0.000101836,    0.089196
  0.00010184,    0.089196
 0.000101844,   0.0886935
 0.000101848,   0.0879397
 0.000101852,   0.0876884
 0.000101856,   0.0874372
  0.00010186,   0.0869347
 0.000101864,   0.0861809
 0.000101868,   0.0861809
 0.000101872,   0.0854271
 0.000101876,   0.0849246
  0.00010188,   0.0844221
 0.000101884,   0.0844221
 0.000101888,   0.0839196
 0.000101892,   0.0831658
 0.000101896,   0.0829146
   0.0001019,   0.0824121
 0.000101904,   0.0821608
 0.000101908,   0.0816583
 0.000101912,   0.0809045
 0.000101916,   0.0806533
  0.00010192,   0.0798995
 0.000101924,    0.079397
 0.000101928,   0.0788945
 0.000101932,    0.078392
 0.000101936,   0.0778894
  0.00010194,   0.0773869
 0.000101944,   0.0768844
 0.000101948,   0.0763819
 0.000101952,   0.0758794
 0.000101956,   0.0751256
  0.00010196,   0.0746231
 0.000101964,   0.0743719
 0.000101968,   0.0738693
 0.000101972,   0.0731156
 0.000101976,   0.0726131
  0.00010198,   0.0726131
 0.000101984,    0.071608
 0.000101988,   0.0708543
 0.000101992,    0.070603
 0.000101996,   0.0701005
    0.000102,   0.0693467
 0.000102004,   0.0688442
 0.000102008,    0.068593
 0.000102012,   0.0680905
 0.000102016,   0.0673367
  0.00010202,   0.0668342
 0.000102024,   0.0660804
 0.000102028,   0.0655779
 0.000102032,   0.0650754
 0.000102036,   0.0645729
  0.00010204,   0.0640704
 0.000102044,   0.0633166
 0.000102048,   0.0625628
 0.000102052,   0.0620603
 0.000102056,   0.0615578
  0.00010206,   0.0605528
 0.000102064,   0.0600502
 0.000102068,   0.0595477
 0.000102072,   0.0590452
 0.000102076,   0.0582915
  0.00010208,   0.0580402
 0.000102084,   0.0572864
 0.000102088,   0.0565327
 0.000102092,   0.0560302
 0.000102096,   0.0555276
   0.0001021,   0.0547739
 0.000102104,   0.0540201
 0.000102108,   0.0535176
 0.000102112,   0.0530151
 0.000102116,   0.0525126
  0.00010212,   0.0517588
 0.000102124,    0.051005
 0.000102128,   0.0505025
 0.000102132,   0.0497487
 0.000102136,   0.0492462
  0.00010214,   0.0487437
 0.000102144,   0.0479899
 0.000102148,   0.0472362
 0.000102152,   0.0467337
 0.000102156,   0.0459799
  0.00010216,   0.0452261
 0.000102164,   0.0447236
 0.000102168,   0.0442211
 0.000102172,   0.0437186
 0.000102176,   0.0429648
  0.00010218,   0.0422111
 0.000102184,   0.0417085
 0.000102188,   0.0409548
 0.000102192,    0.040201
 0.000102196,   0.0396985
   0.0001022,    0.039196
 0.000102204,   0.0386935
 0.000102208,   0.0379397
 0.000102212,   0.0371859
 0.000102216,   0.0366834
  0.00010222,   0.0361809
 0.000102224,   0.0354271
 0.000102228,   0.0346734
 0.000102232,   0.0341709
 0.000102236,   0.0336683
  0.00010224,   0.0329146
 0.000102244,   0.0324121
 0.000102248,   0.0319095
 0.000102252,   0.0311558
 0.000102256,    0.030402
  0.00010226,   0.0298995
 0.000102264,    0.029397
 0.000102268,   0.0286432
 0.000102272,   0.0281407
 0.000102276,   0.0276382
  0.00010228,   0.0271357
 0.000102284,   0.0263819
 0.000102288,   0.0256281
 0.000102292,   0.0253769
 0.000102296,   0.0246231
   0.0001023,   0.0238693
 0.000102304,   0.0236181
 0.000102308,   0.0231156
 0.000102312,   0.0226131
 0.000102316,   0.0218593
  0.00010232,   0.0213568
 0.000102324,   0.0208543
 0.000102328,   0.0203518
 0.000102332,    0.019598
 0.000102336,   0.0190955
  0.00010234,   0.0188442
 0.000102344,   0.0180905
 0.000102348,   0.0175879
 0.000102352,   0.0173367
 0.000102356,   0.0168342
  0.00010236,   0.0158291
 0.000102364,   0.0155779
 0.000102368,   0.0150754
 0.000102372,   0.0145729
 0.000102376,   0.0138191
  0.00010238,   0.0138191
 0.000102384,   0.0133166
 0.000102388,   0.0125628
 0.000102392,   0.0120603
 0.000102396,   0.0115578
   0.0001024,   0.0113065
 0.000102404,   0.0105528
 0.000102408,   0.0100503
 0.000102412,    0.009799
 0.000102416,  0.00929648
  0.00010242,  0.00879397
 0.000102424,  0.00829146
 0.000102428,   0.0080402
 0.000102432,  0.00728643
 0.000102436,  0.00678392
  0.00010244,  0.00653266
 0.000102444,  0.00628141
 0.000102448,  0.00552764
 0.000102452,  0.00502513
 0.000102456,  0.00477387
  0.00010246,  0.00427136
 0.000102464,   0.0040201
 0.000102468,  0.00351759
 0.000102472,  0.00301508
 0.000102476,  0.00276382
  0.00010248,  0.00226131
 0.000102484,  0.00201005
 0.000102488,  0.00125628
 0.000102492, 0.000753769
 0.000102496, 0.000502513
   0.0001025,           0
 0.000102504,-0.000251256
 0.000102508,-0.000753769
 0.000102512, -0.00125628
 0.000102516, -0.00150754
  0.00010252, -0.00201005
 0.000102524, -0.00251256
 0.000102528, -0.00276382
 0.000102532, -0.00326633
 0.000102536, -0.00376884
  0.00010254,  -0.0040201
 0.000102544, -0.00427136
 0.000102548, -0.00477387
 0.000102552, -0.00527638
 0.000102556, -0.00552764
  0.00010256, -0.00603015
 0.000102564, -0.00653266
 0.000102568, -0.00678392
 0.000102572, -0.00703518
 0.000102576, -0.00753769
  0.00010258,  -0.0080402
 0.000102584, -0.00829146
 0.000102588, -0.00879397
 0.000102592, -0.00954774
 0.000102596,   -0.009799
   0.0001026,  -0.0100503
 0.000102604,  -0.0105528
 0.000102608,  -0.0110553
 0.000102612,  -0.0113065
 0.000102616,   -0.011809
  0.00010262,  -0.0125628
 0.000102624,  -0.0125628
 0.000102628,  -0.0130653
 0.000102632,  -0.0135678
 0.000102636,  -0.0140704
  0.00010264,  -0.0143216
 0.000102644,  -0.0145729
 0.000102648,  -0.0153266
 0.000102652,  -0.0158291
 0.000102656,  -0.0163317
  0.00010266,  -0.0165829
 0.000102664,  -0.0168342
 0.000102668,  -0.0173367
 0.000102672,  -0.0180905
 0.000102676,   -0.018593
  0.00010268,  -0.0188442
 0.000102684,  -0.0190955
 0.000102688,  -0.0198492
 0.000102692,  -0.0203518
 0.000102696,  -0.0208543
   0.0001027,  -0.0213568
 0.000102704,  -0.0218593
 0.000102708,  -0.0218593
 0.000102712,  -0.0226131
 0.000102716,  -0.0231156
  0.00010272,  -0.0236181
 0.000102724,  -0.0238693
 0.000102728,  -0.0246231
 0.000102732,  -0.0251256
 0.000102736,  -0.0253769
  0.00010274,  -0.0258794
 0.000102744,  -0.0266332
 0.000102748,  -0.0271357
 0.000102752,  -0.0276382
 0.000102756,  -0.0281407
  0.00010276,  -0.0286432
 0.000102764,  -0.0291457
 0.000102768,  -0.0296482
 0.000102772,  -0.0301508
 0.000102776,  -0.0306533
  0.00010278,   -0.031407
 0.000102784,  -0.0319095
 0.000102788,  -0.0324121
 0.000102792,  -0.0329146
 0.000102796,  -0.0336683
   0.0001028,  -0.0341709
 0.000102804,  -0.0344221
 0.000102808,  -0.0351759
 0.000102812,  -0.0359296
 0.000102816,  -0.0364322
  0.00010282,  -0.0369347
 0.000102824,  -0.0374372
 0.000102828,   -0.038191
 0.000102832,  -0.0386935
 0.000102836,  -0.0394472
  0.00010284,  -0.0399497
 0.000102844,  -0.0404523
 0.000102848,  -0.0409548
 0.000102852,  -0.0419598
 0.000102856,  -0.0424623
  0.00010286,  -0.0429648
 0.000102864,  -0.0437186
 0.000102868,  -0.0442211
 0.000102872,  -0.0447236
 0.000102876,  -0.0452261
  0.00010288,  -0.0459799
 0.000102884,  -0.0467337
 0.000102888,  -0.0472362
 0.000102892,  -0.0479899
 0.000102896,  -0.0487437
   0.0001029,  -0.0492462
 0.000102904,  -0.0497487
 0.000102908,  -0.0502513
 0.000102912,   -0.051005
 0.000102916,  -0.0515075
  0.00010292,  -0.0522613
 0.000102924,  -0.0527638
 0.000102928,  -0.0535176
 0.000102932,  -0.0540201
 0.000102936,  -0.0547739
  0.00010294,  -0.0552764
 0.000102944,  -0.0562814
 0.000102948,  -0.0567839
 0.000102952,  -0.0572864
 0.000102956,  -0.0580402
  0.00010296,   -0.058794
 0.000102964,  -0.0595477
 0.000102968,  -0.0600502
 0.000102972,   -0.060804
 0.000102976,  -0.0615578
  0.00010298,   -0.061809
 0.000102984,  -0.0625628
 0.000102988,  -0.0633166
 0.000102992,  -0.0638191
 0.000102996,  -0.0645729
    0.000103,  -0.0650754
 0.000103004,  -0.0660804
 0.000103008,  -0.0663317
 0.000103012,  -0.0668342
 0.000103016,  -0.0675879
  0.00010302,  -0.0683417
 0.000103024,  -0.0690955
 0.000103028,   -0.069598
 0.000103032,  -0.0703518
 0.000103036,  -0.0708543
  0.00010304,  -0.0713568
 0.000103044,  -0.0721105
 0.000103048,  -0.0728643
 0.000103052,  -0.0733668
 0.000103056,  -0.0741206
  0.00010306,  -0.0748744
 0.000103064,  -0.0753769
 0.000103068,  -0.0758794
 0.000103072,  -0.0768844
 0.000103076,  -0.0771357
  0.00010308,  -0.0776382
 0.000103084,  -0.0786432
 0.000103088,   -0.079397
 0.000103092,  -0.0796482
 0.000103096,   -0.080402
   0.0001031,  -0.0811558
 0.000103104,   -0.081407
 0.000103108,  -0.0819095
 0.000103112,  -0.0826633
 0.000103116,  -0.0834171
  0.00010312,  -0.0839196
 0.000103124,  -0.0844221
 0.000103128,  -0.0851759
 0.000103132,  -0.0856784
 0.000103136,  -0.0861809
  0.00010314,  -0.0869347
 0.000103144,  -0.0876884
 0.000103148,  -0.0879397
 0.000103152,  -0.0886935
 0.000103156,  -0.0894472
  0.00010316,  -0.0899497
 0.000103164,  -0.0904523
 0.000103168,   -0.091206
 0.000103172,  -0.0917085
 0.000103176,  -0.0922111
  0.00010318,  -0.0927136
 0.000103184,  -0.0934673
 0.000103188,  -0.0939699
 0.000103192,  -0.0944724
 0.000103196,  -0.0952261
   0.0001032,  -0.0959799
 0.000103204,  -0.0962312
 0.000103208,  -0.0967337
 0.000103212,  -0.0974874
 0.000103216,  -0.0979899
  0.00010322,  -0.0987437
 0.000103224,  -0.0992462
 0.000103228,  -0.0997487
 0.000103232,   -0.100503
 0.000103236,   -0.101005
  0.00010324,   -0.101508
 0.000103244,    -0.10201
 0.000103248,   -0.102513
 0.000103252,   -0.103015
 0.000103256,   -0.103769
  0.00010326,   -0.104271
 0.000103264,   -0.104774
 0.000103268,   -0.105276
 0.000103272,    -0.10603
 0.000103276,   -0.106533
  0.00010328,   -0.106784
 0.000103284,   -0.107538
 0.000103288,   -0.108291
 0.000103292,   -0.108794
 0.000103296,   -0.109045
   0.0001033,   -0.109548
 0.000103304,   -0.110302
 0.000103308,   -0.110804
 0.000103312,   -0.111307
 0.000103316,    -0.11206
  0.00010332,   -0.112563
 0.000103324,   -0.113065
 0.000103328,   -0.113819
 0.000103332,   -0.114322
 0.000103336,   -0.114824
  0.00010334,   -0.115075
 0.000103344,   -0.115829
 0.000103348,   -0.116332
 0.000103352,   -0.116834
 0.000103356,   -0.117588
  0.00010336,    -0.11809
 0.000103364,   -0.118342
 0.000103368,   -0.118844
 0.000103372,   -0.119598
 0.000103376,     -0.1201
  0.00010338,   -0.120603
 0.000103384,   -0.121106
 0.000103388,   -0.121859
 0.000103392,   -0.122362
 0.000103396,   -0.122613
   0.0001034,   -0.123367
 0.000103404,   -0.123618
 0.000103408,   -0.124372
 0.000103412,   -0.124874
 0.000103416,   -0.125377
  0.00010342,   -0.126131
 0.000103424,   -0.126633
 0.000103428,   -0.127136
 0.000103432,   -0.127638
 0.000103436,   -0.128392
  0.00010344,   -0.128894
 0.000103444,   -0.129397
 0.000103448,   -0.129648
 0.000103452,   -0.130402
 0.000103456,   -0.131156
  0.00010346,   -0.131658
 0.000103464,   -0.132161
 0.000103468,   -0.132412
 0.000103472,   -0.133417
 0.000103476,    -0.13392
  0.00010348,   -0.134171
 0.000103484,   -0.134925
 0.000103488,   -0.135427
 0.000103492,   -0.136181
 0.000103496,   -0.136683
   0.0001035,   -0.137186
 0.000103504,   -0.137688
 0.000103508,   -0.138191
 0.000103512,   -0.138693
 0.000103516,   -0.139447
  0.00010352,    -0.13995
 0.000103524,   -0.140452
 0.000103528,   -0.141206
 0.000103532,   -0.141709
 0.000103536,   -0.142211
  0.00010354,   -0.142714
 0.000103544,   -0.143216
 0.000103548,    -0.14397
 0.000103552,   -0.144472
 0.000103556,   -0.145226
  0.00010356,   -0.145729
 0.000103564,   -0.146231
 0.000103568,   -0.146985
 0.000103572,   -0.147487
 0.000103576,    -0.14799
  0.00010358,   -0.148492
 0.000103584,   -0.149246
 0.000103588,   -0.149749
 0.000103592,   -0.150251
 0.000103596,   -0.151005
   0.0001036,   -0.151508
 0.000103604,    -0.15201
 0.000103608,   -0.152513
 0.000103612,   -0.153518
 0.000103616,    -0.15402
  0.00010362,   -0.154523
 0.000103624,   -0.155025
 0.000103628,   -0.155779
 0.000103632,   -0.156281
 0.000103636,   -0.156784
  0.00010364,   -0.157538
 0.000103644,    -0.15804
 0.000103648,   -0.158543
 0.000103652,   -0.159296
 0.000103656,    -0.16005
  0.00010366,   -0.160553
 0.000103664,   -0.161055
 0.000103668,   -0.161809
 0.000103672,   -0.162312
 0.000103676,   -0.163065
  0.00010368,   -0.163568
 0.000103684,    -0.16407
 0.000103688,   -0.164824
 0.000103692,   -0.165578
 0.000103696,    -0.16608
   0.0001037,   -0.166583
 0.000103704,   -0.167337
 0.000103708,   -0.167839
 0.000103712,   -0.168342
 0.000103716,   -0.168844
  0.00010372,   -0.169598
 0.000103724,     -0.1701
 0.000103728,   -0.170603
 0.000103732,   -0.171357
 0.000103736,   -0.172111
  0.00010374,   -0.172362
 0.000103744,   -0.172864
 0.000103748,   -0.173618
 0.000103752,   -0.174372
 0.000103756,   -0.174874
  0.00010376,   -0.175377
 0.000103764,   -0.176131
 0.000103768,   -0.176633
 0.000103772,   -0.177136
 0.000103776,   -0.177638
  0.00010378,   -0.178141
 0.000103784,   -0.178894
 0.000103788,   -0.179397
 0.000103792,   -0.179899
 0.000103796,   -0.180653
   0.0001038,   -0.181407
 0.000103804,   -0.181658
 0.000103808,   -0.182161
 0.000103812,   -0.182915
 0.000103816,   -0.183417
  0.00010382,   -0.184171
 0.000103824,   -0.184422
 0.000103828,   -0.185176
 0.000103832,   -0.185678
 0.000103836,   -0.186181
  0.00010384,   -0.186683
 0.000103844,   -0.187437
 0.000103848,    -0.18794
 0.000103852,   -0.188442
 0.000103856,   -0.189196
  0.00010386,   -0.189698
 0.000103864,   -0.190201
 0.000103868,   -0.190704
 0.000103872,   -0.191206
 0.000103876,   -0.191709
  0.00010388,    -0.19196
 0.000103884,   -0.192714
 0.000103888,   -0.193216
 0.000103892,   -0.193719
 0.000103896,   -0.194221
   0.0001039,   -0.194724
 0.000103904,   -0.195226
 0.000103908,   -0.195477
 0.000103912,   -0.196231
 0.000103916,   -0.196734
  0.00010392,   -0.197236
 0.000103924,   -0.197739
 0.000103928,   -0.198241
 0.000103932,   -0.198744
 0.000103936,   -0.199246
  0.00010394,   -0.199749
 0.000103944,   -0.200251
 0.000103948,   -0.200754
 0.000103952,   -0.201256
 0.000103956,   -0.201759
  0.00010396,   -0.202261
 0.000103964,   -0.202513
 0.000103968,   -0.202764
 0.000103972,   -0.203266
 0.000103976,   -0.203769
  0.00010398,   -0.204271
 0.000103984,   -0.204774
 0.000103988,   -0.205025
 0.000103992,   -0.205528
 0.000103996,   -0.205779
    0.000104,   -0.206533
 0.000104004,   -0.206784
 0.000104008,   -0.207035
 0.000104012,   -0.207538
 0.000104016,    -0.20804
  0.00010402,   -0.208291
 0.000104024,   -0.208794
 0.000104028,   -0.209045
 0.000104032,   -0.209548
 0.000104036,   -0.209799
  0.00010404,    -0.21005
 0.000104044,   -0.210804
 0.000104048,   -0.211055
 0.000104052,   -0.211307
 0.000104056,   -0.211558
  0.00010406,    -0.21206
 0.000104064,   -0.212312
 0.000104068,   -0.212814
 0.000104072,   -0.213065
 0.000104076,   -0.213317
  0.00010408,   -0.213568
 0.000104084,   -0.213819
 0.000104088,   -0.214322
 0.000104092,   -0.214573
 0.000104096,   -0.214824
   0.0001041,   -0.215327
 0.000104104,   -0.215327
 0.000104108,   -0.215578
 0.000104112,   -0.215829
 0.000104116,   -0.216332
  0.00010412,   -0.216834
 0.000104124,   -0.216834
 0.000104128,   -0.217085
 0.000104132,   -0.217337
 0.000104136,   -0.217588
  0.00010414,   -0.217839
 0.000104144,    -0.21809
 0.000104148,    -0.21809
 0.000104152,   -0.218342
 0.000104156,   -0.218844
  0.00010416,   -0.219095
 0.000104164,   -0.219095
 0.000104168,   -0.219347
 0.000104172,   -0.219598
 0.000104176,   -0.219849
  0.00010418,   -0.219598
 0.000104184,   -0.220101
 0.000104188,   -0.220101
 0.000104192,   -0.220352
 0.000104196,   -0.220352
   0.0001042,   -0.220603
 0.000104204,   -0.220854
 0.000104208,   -0.221106
 0.000104212,   -0.221106
 0.000104216,   -0.221106
  0.00010422,   -0.221357
 0.000104224,   -0.221608
 0.000104228,   -0.221608
 0.000104232,   -0.221859
 0.000104236,   -0.221859
  0.00010424,   -0.221608
 0.000104244,   -0.221859
 0.000104248,   -0.222362
 0.000104252,   -0.222362
 0.000104256,   -0.222111
  0.00010426,   -0.222362
 0.000104264,   -0.222613
 0.000104268,   -0.222613
 0.000104272,   -0.222613
 0.000104276,   -0.222613
  0.00010428,   -0.222613
 0.000104284,   -0.222613
 0.000104288,   -0.222864
 0.000104292,   -0.222613
 0.000104296,   -0.222613
   0.0001043,   -0.222613
 0.000104304,   -0.222864
 0.000104308,   -0.222864
 0.000104312,   -0.222613
 0.000104316,   -0.222864
  0.00010432,   -0.222864
 0.000104324,   -0.222613
 0.000104328,   -0.222864
 0.000104332,   -0.222864
 0.000104336,   -0.222613
  0.00010434,   -0.222613
 0.000104344,   -0.222613
 0.000104348,   -0.222613
 0.000104352,   -0.222613
 0.000104356,   -0.222362
  0.00010436,   -0.222613
 0.000104364,   -0.222362
 0.000104368,   -0.222362
 0.000104372,   -0.222362
 0.000104376,   -0.222111
  0.00010438,   -0.221859
 0.000104384,   -0.221859
 0.000104388,   -0.221859
 0.000104392,   -0.221859
 0.000104396,   -0.221608
   0.0001044,   -0.221608
 0.000104404,   -0.221357
 0.000104408,   -0.221106
 0.000104412,   -0.221106
 0.000104416,   -0.221106
  0.00010442,   -0.220854
 0.000104424,   -0.220603
 0.000104428,   -0.220603
 0.000104432,   -0.220352
 0.000104436,   -0.220352
  0.00010444,   -0.220101
 0.000104444,   -0.219849
 0.000104448,   -0.219598
 0.000104452,   -0.219598
 0.000104456,   -0.219849
  0.00010446,   -0.219347
 0.000104464,   -0.218844
 0.000104468,   -0.218593
 0.000104472,   -0.218844
 0.000104476,   -0.218593
  0.00010448,    -0.21809
 0.000104484,    -0.21809
 0.000104488,   -0.217839
 0.000104492,   -0.217588
 0.000104496,   -0.217588
   0.0001045,   -0.217337
 0.000104504,   -0.217085
 0.000104508,   -0.216834
 0.000104512,   -0.216583
 0.000104516,   -0.216332
  0.00010452,   -0.216332
 0.000104524,    -0.21608
 0.000104528,   -0.215829
 0.000104532,   -0.215578
 0.000104536,   -0.215075
  0.00010454,   -0.214824
 0.000104544,   -0.214573
 0.000104548,   -0.214322
 0.000104552,    -0.21407
 0.000104556,   -0.213819
  0.00010456,   -0.213568
 0.000104564,   -0.213317
 0.000104568,   -0.213065
 0.000104572,   -0.212814
 0.000104576,   -0.212312
  0.00010458,    -0.21206
 0.000104584,   -0.211809
 0.000104588,   -0.211558
 0.000104592,   -0.211307
 0.000104596,   -0.210804
   0.0001046,   -0.210553
 0.000104604,   -0.210302
 0.000104608,    -0.21005
 0.000104612,   -0.209548
 0.000104616,   -0.209548
  0.00010462,   -0.209045
 0.000104624,   -0.208794
 0.000104628,   -0.208291
 0.000104632,   -0.208291
 0.000104636,    -0.20804
  0.00010464,   -0.207286
 0.000104644,   -0.207286
 0.000104648,   -0.207035
 0.000104652,   -0.206533
 0.000104656,   -0.206281
  0.00010466,    -0.20603
 0.000104664,   -0.205528
 0.000104668,   -0.205025
 0.000104672,   -0.204774
 0.000104676,   -0.204774
  0.00010468,   -0.204271
 0.000104684,   -0.203769
 0.000104688,   -0.203518
 0.000104692,   -0.203266
 0.000104696,   -0.202764
   0.0001047,   -0.202513
 0.000104704,    -0.20201
 0.000104708,   -0.201759
 0.000104712,   -0.201508
 0.000104716,   -0.200754
  0.00010472,   -0.200754
 0.000104724,   -0.200503
 0.000104728,        -0.2
 0.000104732,   -0.199497
 0.000104736,   -0.199246
  0.00010474,   -0.198995
 0.000104744,   -0.198492
 0.000104748,    -0.19799
 0.000104752,   -0.197739
 0.000104756,   -0.197739
  0.00010476,   -0.197236
 0.000104764,   -0.196734
 0.000104768,   -0.196482
 0.000104772,   -0.196231
 0.000104776,   -0.195729
  0.00010478,   -0.195226
 0.000104784,   -0.195226
 0.000104788,   -0.194724
 0.000104792,   -0.194221
 0.000104796,   -0.193719
   0.0001048,   -0.193467
 0.000104804,   -0.193216
 0.000104808,   -0.192965
 0.000104812,   -0.192462
 0.000104816,    -0.19196
  0.00010482,    -0.19196
 0.000104824,   -0.191457
 0.000104828,   -0.190955
 0.000104832,   -0.190704
 0.000104836,   -0.190452
  0.00010484,    -0.18995
 0.000104844,   -0.189447
 0.000104848,   -0.189196
 0.000104852,   -0.188945
 0.000104856,   -0.188442
  0.00010486,   -0.188191
 0.000104864,    -0.18794
 0.000104868,   -0.187437
 0.000104872,   -0.186935
 0.000104876,   -0.186683
  0.00010488,   -0.186432
 0.000104884,    -0.18593
 0.000104888,   -0.185678
 0.000104892,   -0.185678
 0.000104896,   -0.185176
   0.0001049,   -0.184673
 0.000104904,   -0.184422
 0.000104908,    -0.18392
 0.000104912,   -0.183668
 0.000104916,   -0.183166
  0.00010492,   -0.183166
 0.000104924,   -0.182663
 0.000104928,   -0.182161
 0.000104932,    -0.18191
 0.000104936,   -0.181407
  0.00010494,   -0.180905
 0.000104944,   -0.180653
 0.000104948,   -0.180402
 0.000104952,   -0.179899
 0.000104956,   -0.179648
  0.00010496,   -0.179397
 0.000104964,   -0.179146
 0.000104968,   -0.178643
 0.000104972,   -0.178392
 0.000104976,   -0.177889
  0.00010498,   -0.177387
 0.000104984,   -0.177387
 0.000104988,   -0.177136
 0.000104992,   -0.176633
 0.000104996,   -0.176131
    0.000105,   -0.175879
 0.000105004,   -0.175628
 0.000105008,   -0.175377
 0.000105012,   -0.174874
 0.000105016,   -0.174623
  0.00010502,   -0.174121
 0.000105024,   -0.173618
 0.000105028,   -0.173618
 0.000105032,   -0.173367
 0.000105036,   -0.172613
  0.00010504,   -0.172111
 0.000105044,   -0.172111
 0.000105048,   -0.171859
 0.000105052,   -0.171357
 0.000105056,   -0.170854
  0.00010506,   -0.170603
 0.000105064,   -0.170352
 0.000105068,   -0.169849
 0.000105072,   -0.169598
 0.000105076,   -0.169095
  0.00010508,   -0.168844
 0.000105084,   -0.168593
 0.000105088,    -0.16809
 0.000105092,   -0.167839
 0.000105096,   -0.167588
   0.0001051,   -0.167337
 0.000105104,   -0.166834
 0.000105108,   -0.166332
 0.000105112,    -0.16608
 0.000105116,   -0.165578
  0.00010512,   -0.165578
 0.000105124,   -0.164824
 0.000105128,   -0.164573
 0.000105132,   -0.164573
 0.000105136,    -0.16407
  0.00010514,   -0.163568
 0.000105144,   -0.163065
 0.000105148,   -0.162814
 0.000105152,   -0.162312
 0.000105156,    -0.16206
  0.00010516,   -0.161809
 0.000105164,   -0.161307
 0.000105168,   -0.161055
 0.000105172,   -0.160553
 0.000105176,   -0.160302
  0.00010518,   -0.159548
 0.000105184,   -0.159296
 0.000105188,   -0.159296
 0.000105192,   -0.158794
 0.000105196,   -0.158291
   0.0001052,    -0.15804
 0.000105204,   -0.157789
 0.000105208,   -0.157286
 0.000105212,   -0.156784
 0.000105216,   -0.156533
  0.00010522,    -0.15603
 0.000105224,   -0.155528
 0.000105228,   -0.155276
 0.000105232,   -0.155025
 0.000105236,   -0.154523
  0.00010524,    -0.15402
 0.000105244,   -0.153769
 0.000105248,   -0.153266
 0.000105252,   -0.152764
 0.000105256,   -0.152513
  0.00010526,   -0.152261
 0.000105264,   -0.151759
 0.000105268,   -0.151256
 0.000105272,   -0.151005
 0.000105276,   -0.150503
  0.00010528,   -0.150251
 0.000105284,   -0.149749
 0.000105288,   -0.149497
 0.000105292,   -0.148995
 0.000105296,   -0.148744
   0.0001053,   -0.148492
 0.000105304,    -0.14799
 0.000105308,   -0.147487
 0.000105312,   -0.147236
 0.000105316,   -0.146985
  0.00010532,   -0.146482
 0.000105324,   -0.145729
 0.000105328,   -0.145477
 0.000105332,   -0.145226
 0.000105336,   -0.144975
  0.00010534,   -0.144221
 0.000105344,    -0.14397
 0.000105348,    -0.14397
 0.000105352,   -0.143216
 0.000105356,   -0.142965
  0.00010536,   -0.142714
 0.000105364,   -0.142211
 0.000105368,   -0.141457
 0.000105372,   -0.141206
 0.000105376,   -0.140955
  0.00010538,   -0.140452
 0.000105384,   -0.140201
 0.000105388,   -0.139698
 0.000105392,   -0.139447
 0.000105396,   -0.139196
   0.0001054,   -0.138693
 0.000105404,   -0.138442
 0.000105408,   -0.137688
 0.000105412,   -0.137437
 0.000105416,   -0.137186
  0.00010542,   -0.136935
 0.000105424,   -0.136432
 0.000105428,    -0.13593
 0.000105432,   -0.135678
 0.000105436,   -0.135427
  0.00010544,   -0.134925
 0.000105444,   -0.134422
 0.000105448,   -0.134171
 0.000105452,   -0.133668
 0.000105456,   -0.133417
  0.00010546,   -0.133166
 0.000105464,   -0.132663
 0.000105468,   -0.132161
 0.000105472,    -0.13191
 0.000105476,   -0.131658
  0.00010548,   -0.131156
 0.000105484,   -0.130653
 0.000105488,   -0.130402
 0.000105492,     -0.1299
 0.000105496,     -0.1299
   0.0001055,   -0.129397
 0.000105504,   -0.128894
 0.000105508,   -0.128643
 0.000105512,   -0.128141
 0.000105516,   -0.127889
  0.00010552,   -0.127387
 0.000105524,   -0.127387
 0.000105528,   -0.126884
 0.000105532,   -0.126633
 0.000105536,   -0.126131
  0.00010554,   -0.125628
 0.000105544,   -0.125377
 0.000105548,   -0.125126
 0.000105552,   -0.124874
 0.000105556,   -0.124372
  0.00010556,   -0.124121
 0.000105564,   -0.123869
 0.000105568,   -0.123618
 0.000105572,   -0.123116
 0.000105576,   -0.122613
  0.00010558,   -0.122362
 0.000105584,   -0.122111
 0.000105588,   -0.121859
 0.000105592,   -0.121608
 0.000105596,   -0.121106
   0.0001056,   -0.120854
 0.000105604,   -0.120603
 0.000105608,   -0.120352
 0.000105612,     -0.1201
 0.000105616,   -0.119598
  0.00010562,   -0.119347
 0.000105624,   -0.119095
 0.000105628,   -0.118844
 0.000105632,    -0.11809
 0.000105636,    -0.11809
  0.00010564,   -0.117839
 0.000105644,   -0.117588
 0.000105648,   -0.117085
 0.000105652,   -0.116834
 0.000105656,   -0.116834
  0.00010566,   -0.116332
 0.000105664,    -0.11608
 0.000105668,   -0.115829
 0.000105672,   -0.115578
 0.000105676,   -0.115075
  0.00010568,   -0.114824
 0.000105684,   -0.114573
 0.000105688,   -0.114322
 0.000105692,    -0.11407
 0.000105696,   -0.113819
   0.0001057,   -0.113568
 0.000105704,   -0.113317
 0.000105708,   -0.112814
 0.000105712,   -0.112563
 0.000105716,   -0.112312
  0.00010572,   -0.112312
 0.000105724,   -0.111809
 0.000105728,   -0.111558
 0.000105732,   -0.111558
 0.000105736,   -0.111307
  0.00010574,   -0.111055
 0.000105744,   -0.110553
 0.000105748,   -0.110302
 0.000105752,    -0.11005
 0.000105756,    -0.11005
  0.00010576,   -0.109799
 0.000105764,   -0.109296
 0.000105768,   -0.109296
 0.000105772,   -0.109045
 0.000105776,   -0.108794
  0.00010578,   -0.108543
 0.000105784,   -0.108543
 0.000105788,   -0.108291
 0.000105792,    -0.10804
 0.000105796,   -0.107789
   0.0001058,   -0.107538
 0.000105804,   -0.107286
 0.000105808,   -0.107286
 0.000105812,   -0.107035
 0.000105816,   -0.106784
  0.00010582,   -0.106533
 0.000105824,   -0.106533
 0.000105828,   -0.106281
 0.000105832,    -0.10603
 0.000105836,   -0.105779
  0.00010584,   -0.105528
 0.000105844,   -0.105528
 0.000105848,   -0.105025
 0.000105852,   -0.105025
 0.000105856,   -0.105025
  0.00010586,   -0.104774
 0.000105864,   -0.104271
 0.000105868,   -0.104271
 0.000105872,   -0.104271
 0.000105876,   -0.103769
  0.00010588,   -0.103769
 0.000105884,   -0.103518
 0.000105888,   -0.103518
 0.000105892,   -0.103266
 0.000105896,   -0.103015
   0.0001059,   -0.103015
 0.000105904,   -0.102764
 0.000105908,   -0.102513
 0.000105912,   -0.102261
 0.000105916,   -0.102261
  0.00010592,    -0.10201
 0.000105924,   -0.101759
 0.000105928,   -0.101759
 0.000105932,   -0.101508
 0.000105936,   -0.101508
  0.00010594,   -0.101005
 0.000105944,   -0.101005
 0.000105948,   -0.100754
 0.000105952,   -0.100503
 0.000105956,   -0.100503
  0.00010596,   -0.100251
 0.000105964,   -0.100251
 0.000105968,        -0.1
 0.000105972,        -0.1
 0.000105976,        -0.1
  0.00010598,  -0.0994975
 0.000105984,  -0.0994975
 0.000105988,  -0.0994975
 0.000105992,  -0.0992462
 0.000105996,   -0.098995
