     9.4E-05,   0.0582915
  9.4004E-05,   0.0582915
  9.4008E-05,   0.0577889
  9.4012E-05,   0.0577889
  9.4016E-05,   0.0582915
   9.402E-05,   0.0592965
  9.4024E-05,    0.058794
  9.4028E-05,   0.0582915
  9.4032E-05,    0.058794
  9.4036E-05,    0.058794
   9.404E-05,    0.059799
  9.4044E-05,   0.0592965
  9.4048E-05,    0.058794
  9.4052E-05,   0.0592965
  9.4056E-05,    0.059799
   9.406E-05,    0.059799
  9.4064E-05,    0.059799
  9.4068E-05,   0.0592965
  9.4072E-05,    0.059799
  9.4076E-05,   0.0603015
   9.408E-05,    0.060804
  9.4084E-05,   0.0603015
  9.4088E-05,    0.059799
  9.4092E-05,   0.0603015
  9.4096E-05,   0.0613065
    9.41E-05,    0.060804
  9.4104E-05,   0.0603015
  9.4108E-05,    0.060804
  9.4112E-05,   0.0613065
  9.4116E-05,    0.061809
   9.412E-05,    0.060804
  9.4124E-05,    0.060804
  9.4128E-05,    0.061809
  9.4132E-05,    0.061809
  9.4136E-05,    0.061809
   9.414E-05,   0.0613065
  9.4144E-05,    0.061809
  9.4148E-05,    0.061809
  9.4152E-05,   0.0623116
  9.4156E-05,   0.0623116
   9.416E-05,    0.061809
  9.4164E-05,    0.061809
  9.4168E-05,   0.0623116
  9.4172E-05,   0.0628141
  9.4176E-05,   0.0628141
   9.418E-05,   0.0623116
  9.4184E-05,   0.0623116
  9.4188E-05,   0.0633166
  9.4192E-05,   0.0633166
  9.4196E-05,   0.0628141
    9.42E-05,   0.0628141
  9.4204E-05,   0.0633166
  9.4208E-05,   0.0638191
  9.4212E-05,   0.0633166
  9.4216E-05,   0.0628141
   9.422E-05,   0.0633166
  9.4224E-05,   0.0643216
  9.4228E-05,   0.0638191
  9.4232E-05,   0.0638191
  9.4236E-05,   0.0638191
   9.424E-05,   0.0643216
  9.4244E-05,   0.0648241
  9.4248E-05,   0.0643216
  9.4252E-05,   0.0643216
  9.4256E-05,   0.0643216
   9.426E-05,   0.0643216
  9.4264E-05,   0.0648241
  9.4268E-05,   0.0643216
  9.4272E-05,   0.0643216
  9.4276E-05,   0.0648241
   9.428E-05,   0.0653266
  9.4284E-05,   0.0653266
  9.4288E-05,   0.0648241
  9.4292E-05,   0.0643216
  9.4296E-05,   0.0653266
    9.43E-05,   0.0658291
  9.4304E-05,   0.0653266
  9.4308E-05,   0.0653266
  9.4312E-05,   0.0658291
  9.4316E-05,   0.0663317
   9.432E-05,   0.0663317
  9.4324E-05,   0.0658291
  9.4328E-05,   0.0653266
  9.4332E-05,   0.0663317
  9.4336E-05,   0.0668342
   9.434E-05,   0.0663317
  9.4344E-05,   0.0663317
  9.4348E-05,   0.0663317
  9.4352E-05,   0.0668342
  9.4356E-05,   0.0668342
   9.436E-05,   0.0663317
  9.4364E-05,   0.0663317
  9.4368E-05,   0.0668342
  9.4372E-05,   0.0673367
  9.4376E-05,   0.0673367
   9.438E-05,   0.0668342
  9.4384E-05,   0.0668342
  9.4388E-05,   0.0673367
  9.4392E-05,   0.0678392
  9.4396E-05,   0.0673367
    9.44E-05,   0.0668342
  9.4404E-05,   0.0673367
  9.4408E-05,   0.0678392
  9.4412E-05,   0.0683417
  9.4416E-05,   0.0678392
   9.442E-05,   0.0673367
  9.4424E-05,   0.0678392
  9.4428E-05,   0.0683417
  9.4432E-05,   0.0683417
  9.4436E-05,   0.0673367
   9.444E-05,   0.0678392
  9.4444E-05,   0.0688442
  9.4448E-05,   0.0688442
  9.4452E-05,   0.0683417
  9.4456E-05,   0.0678392
   9.446E-05,   0.0683417
  9.4464E-05,   0.0693467
  9.4468E-05,   0.0688442
  9.4472E-05,   0.0683417
  9.4476E-05,   0.0683417
   9.448E-05,   0.0688442
  9.4484E-05,   0.0698492
  9.4488E-05,   0.0693467
  9.4492E-05,   0.0683417
  9.4496E-05,   0.0683417
    9.45E-05,   0.0688442
  9.4504E-05,   0.0693467
  9.4508E-05,   0.0688442
  9.4512E-05,   0.0688442
  9.4516E-05,   0.0693467
   9.452E-05,   0.0698492
  9.4524E-05,   0.0698492
  9.4528E-05,   0.0688442
  9.4532E-05,   0.0688442
  9.4536E-05,   0.0693467
   9.454E-05,   0.0698492
  9.4544E-05,   0.0698492
  9.4548E-05,   0.0693467
  9.4552E-05,   0.0698492
  9.4556E-05,   0.0703518
   9.456E-05,   0.0703518
  9.4564E-05,   0.0698492
  9.4568E-05,   0.0693467
  9.4572E-05,   0.0698492
  9.4576E-05,   0.0703518
   9.458E-05,   0.0703518
  9.4584E-05,   0.0698492
  9.4588E-05,   0.0698492
  9.4592E-05,   0.0703518
  9.4596E-05,   0.0708543
    9.46E-05,   0.0698492
  9.4604E-05,   0.0698492
  9.4608E-05,   0.0698492
  9.4612E-05,   0.0708543
  9.4616E-05,   0.0708543
   9.462E-05,   0.0698492
  9.4624E-05,   0.0703518
  9.4628E-05,   0.0703518
  9.4632E-05,   0.0708543
  9.4636E-05,   0.0708543
   9.464E-05,   0.0703518
  9.4644E-05,   0.0703518
  9.4648E-05,   0.0708543
  9.4652E-05,   0.0713568
  9.4656E-05,   0.0708543
   9.466E-05,   0.0703518
  9.4664E-05,   0.0708543
  9.4668E-05,   0.0713568
  9.4672E-05,   0.0713568
  9.4676E-05,   0.0708543
   9.468E-05,   0.0703518
  9.4684E-05,   0.0713568
  9.4688E-05,   0.0713568
  9.4692E-05,   0.0708543
  9.4696E-05,   0.0708543
    9.47E-05,   0.0708543
  9.4704E-05,   0.0713568
  9.4708E-05,   0.0718593
  9.4712E-05,   0.0708543
  9.4716E-05,   0.0708543
   9.472E-05,   0.0713568
  9.4724E-05,   0.0718593
  9.4728E-05,   0.0718593
  9.4732E-05,   0.0708543
  9.4736E-05,   0.0713568
   9.474E-05,   0.0718593
  9.4744E-05,   0.0718593
  9.4748E-05,   0.0718593
  9.4752E-05,   0.0713568
  9.4756E-05,   0.0713568
   9.476E-05,   0.0718593
  9.4764E-05,   0.0723618
  9.4768E-05,   0.0718593
  9.4772E-05,   0.0713568
  9.4776E-05,   0.0713568
   9.478E-05,   0.0723618
  9.4784E-05,   0.0723618
  9.4788E-05,   0.0718593
  9.4792E-05,   0.0713568
  9.4796E-05,   0.0723618
    9.48E-05,   0.0723618
  9.4804E-05,   0.0718593
  9.4808E-05,   0.0713568
  9.4812E-05,   0.0718593
  9.4816E-05,   0.0723618
   9.482E-05,   0.0723618
  9.4824E-05,   0.0713568
  9.4828E-05,   0.0718593
  9.4832E-05,   0.0723618
  9.4836E-05,   0.0723618
   9.484E-05,   0.0718593
  9.4844E-05,   0.0718593
  9.4848E-05,   0.0718593
  9.4852E-05,   0.0723618
  9.4856E-05,   0.0723618
   9.486E-05,   0.0723618
  9.4864E-05,   0.0718593
  9.4868E-05,   0.0723618
  9.4872E-05,   0.0728643
  9.4876E-05,   0.0728643
   9.488E-05,   0.0718593
  9.4884E-05,   0.0718593
  9.4888E-05,   0.0728643
  9.4892E-05,   0.0728643
  9.4896E-05,   0.0728643
    9.49E-05,   0.0723618
  9.4904E-05,   0.0723618
  9.4908E-05,   0.0733668
  9.4912E-05,   0.0728643
  9.4916E-05,   0.0723618
   9.492E-05,   0.0723618
  9.4924E-05,   0.0723618
  9.4928E-05,   0.0733668
  9.4932E-05,   0.0728643
  9.4936E-05,   0.0723618
   9.494E-05,   0.0728643
  9.4944E-05,   0.0728643
  9.4948E-05,   0.0733668
  9.4952E-05,   0.0728643
  9.4956E-05,   0.0723618
   9.496E-05,   0.0723618
  9.4964E-05,   0.0728643
  9.4968E-05,   0.0733668
  9.4972E-05,   0.0728643
  9.4976E-05,   0.0723618
   9.498E-05,   0.0728643
  9.4984E-05,   0.0738693
  9.4988E-05,   0.0733668
  9.4992E-05,   0.0728643
  9.4996E-05,   0.0728643
     9.5E-05,   0.0738693
  9.5004E-05,   0.0738693
  9.5008E-05,   0.0733668
  9.5012E-05,   0.0728643
  9.5016E-05,   0.0733668
   9.502E-05,   0.0738693
  9.5024E-05,   0.0738693
  9.5028E-05,   0.0733668
  9.5032E-05,   0.0733668
  9.5036E-05,   0.0738693
   9.504E-05,   0.0738693
  9.5044E-05,   0.0738693
  9.5048E-05,   0.0733668
  9.5052E-05,   0.0738693
  9.5056E-05,   0.0743719
   9.506E-05,   0.0738693
  9.5064E-05,   0.0733668
  9.5068E-05,   0.0733668
  9.5072E-05,   0.0738693
  9.5076E-05,   0.0743719
   9.508E-05,   0.0738693
  9.5084E-05,   0.0733668
  9.5088E-05,   0.0738693
  9.5092E-05,   0.0743719
  9.5096E-05,   0.0743719
    9.51E-05,   0.0743719
  9.5104E-05,   0.0738693
  9.5108E-05,   0.0738693
  9.5112E-05,   0.0748744
  9.5116E-05,   0.0748744
   9.512E-05,   0.0743719
  9.5124E-05,   0.0738693
  9.5128E-05,   0.0743719
  9.5132E-05,   0.0748744
  9.5136E-05,   0.0743719
   9.514E-05,   0.0738693
  9.5144E-05,   0.0743719
  9.5148E-05,   0.0748744
  9.5152E-05,   0.0748744
  9.5156E-05,   0.0743719
   9.516E-05,   0.0743719
  9.5164E-05,   0.0743719
  9.5168E-05,   0.0753769
  9.5172E-05,   0.0753769
  9.5176E-05,   0.0743719
   9.518E-05,   0.0743719
  9.5184E-05,   0.0748744
  9.5188E-05,   0.0753769
  9.5192E-05,   0.0753769
  9.5196E-05,   0.0743719
    9.52E-05,   0.0748744
  9.5204E-05,   0.0758794
  9.5208E-05,   0.0758794
  9.5212E-05,   0.0748744
  9.5216E-05,   0.0748744
   9.522E-05,   0.0753769
  9.5224E-05,   0.0758794
  9.5228E-05,   0.0753769
  9.5232E-05,   0.0748744
  9.5236E-05,   0.0753769
   9.524E-05,   0.0758794
  9.5244E-05,   0.0758794
  9.5248E-05,   0.0753769
  9.5252E-05,   0.0753769
  9.5256E-05,   0.0753769
   9.526E-05,   0.0763819
  9.5264E-05,   0.0758794
  9.5268E-05,   0.0753769
  9.5272E-05,   0.0753769
  9.5276E-05,   0.0758794
   9.528E-05,   0.0768844
  9.5284E-05,   0.0763819
  9.5288E-05,   0.0758794
  9.5292E-05,   0.0758794
  9.5296E-05,   0.0768844
    9.53E-05,   0.0768844
  9.5304E-05,   0.0758794
  9.5308E-05,   0.0758794
  9.5312E-05,   0.0763819
  9.5316E-05,   0.0768844
   9.532E-05,   0.0768844
  9.5324E-05,   0.0763819
  9.5328E-05,   0.0763819
  9.5332E-05,   0.0768844
  9.5336E-05,   0.0773869
   9.534E-05,   0.0768844
  9.5344E-05,   0.0763819
  9.5348E-05,   0.0763819
  9.5352E-05,   0.0773869
  9.5356E-05,   0.0773869
   9.536E-05,   0.0768844
  9.5364E-05,   0.0768844
  9.5368E-05,   0.0768844
  9.5372E-05,   0.0778894
  9.5376E-05,   0.0773869
   9.538E-05,   0.0768844
  9.5384E-05,   0.0768844
  9.5388E-05,   0.0773869
  9.5392E-05,   0.0778894
  9.5396E-05,   0.0773869
    9.54E-05,   0.0768844
  9.5404E-05,   0.0773869
  9.5408E-05,   0.0778894
  9.5412E-05,   0.0778894
  9.5416E-05,   0.0773869
   9.542E-05,   0.0773869
  9.5424E-05,   0.0778894
  9.5428E-05,    0.078392
  9.5432E-05,   0.0778894
  9.5436E-05,   0.0773869
   9.544E-05,   0.0773869
  9.5444E-05,   0.0778894
  9.5448E-05,    0.078392
  9.5452E-05,   0.0778894
  9.5456E-05,   0.0778894
   9.546E-05,   0.0773869
  9.5464E-05,   0.0778894
  9.5468E-05,    0.078392
  9.5472E-05,   0.0778894
  9.5476E-05,   0.0778894
   9.548E-05,   0.0778894
  9.5484E-05,   0.0788945
  9.5488E-05,    0.078392
  9.5492E-05,   0.0778894
  9.5496E-05,   0.0778894
    9.55E-05,    0.078392
  9.5504E-05,   0.0788945
  9.5508E-05,    0.078392
  9.5512E-05,   0.0778894
  9.5516E-05,    0.078392
   9.552E-05,   0.0788945
  9.5524E-05,    0.078392
  9.5528E-05,   0.0778894
  9.5532E-05,    0.078392
  9.5536E-05,   0.0788945
   9.554E-05,   0.0788945
  9.5544E-05,    0.078392
  9.5548E-05,    0.078392
  9.5552E-05,    0.078392
  9.5556E-05,   0.0788945
   9.556E-05,   0.0788945
  9.5564E-05,    0.078392
  9.5568E-05,   0.0778894
  9.5572E-05,    0.078392
  9.5576E-05,    0.079397
   9.558E-05,   0.0788945
  9.5584E-05,    0.078392
  9.5588E-05,    0.078392
  9.5592E-05,   0.0788945
  9.5596E-05,    0.079397
    9.56E-05,    0.078392
  9.5604E-05,    0.078392
  9.5608E-05,   0.0788945
  9.5612E-05,    0.079397
  9.5616E-05,    0.079397
   9.562E-05,    0.078392
  9.5624E-05,   0.0788945
  9.5628E-05,    0.079397
  9.5632E-05,    0.079397
  9.5636E-05,   0.0788945
   9.564E-05,   0.0788945
  9.5644E-05,   0.0788945
  9.5648E-05,    0.079397
  9.5652E-05,    0.079397
  9.5656E-05,   0.0788945
   9.566E-05,   0.0788945
  9.5664E-05,   0.0788945
  9.5668E-05,   0.0798995
  9.5672E-05,    0.079397
  9.5676E-05,   0.0788945
   9.568E-05,   0.0788945
  9.5684E-05,    0.079397
  9.5688E-05,   0.0798995
  9.5692E-05,    0.079397
  9.5696E-05,   0.0788945
    9.57E-05,    0.079397
  9.5704E-05,   0.0798995
  9.5708E-05,   0.0798995
  9.5712E-05,    0.079397
  9.5716E-05,    0.079397
   9.572E-05,    0.079397
  9.5724E-05,   0.0798995
  9.5728E-05,   0.0798995
  9.5732E-05,    0.079397
  9.5736E-05,    0.079397
   9.574E-05,   0.0798995
  9.5744E-05,    0.080402
  9.5748E-05,    0.079397
  9.5752E-05,    0.079397
  9.5756E-05,    0.079397
   9.576E-05,    0.080402
  9.5764E-05,   0.0798995
  9.5768E-05,    0.079397
  9.5772E-05,    0.079397
  9.5776E-05,    0.080402
   9.578E-05,    0.080402
  9.5784E-05,   0.0798995
  9.5788E-05,   0.0798995
  9.5792E-05,   0.0798995
  9.5796E-05,    0.080402
    9.58E-05,    0.080402
  9.5804E-05,    0.080402
  9.5808E-05,   0.0798995
  9.5812E-05,    0.080402
  9.5816E-05,   0.0809045
   9.582E-05,   0.0809045
  9.5824E-05,   0.0798995
  9.5828E-05,   0.0798995
  9.5832E-05,   0.0809045
  9.5836E-05,    0.081407
   9.584E-05,   0.0809045
  9.5844E-05,   0.0798995
  9.5848E-05,    0.080402
  9.5852E-05,    0.081407
  9.5856E-05,    0.081407
   9.586E-05,    0.080402
  9.5864E-05,    0.080402
  9.5868E-05,   0.0809045
  9.5872E-05,   0.0819095
  9.5876E-05,    0.081407
   9.588E-05,   0.0809045
  9.5884E-05,   0.0809045
  9.5888E-05,   0.0819095
  9.5892E-05,   0.0819095
  9.5896E-05,    0.081407
    9.59E-05,    0.081407
  9.5904E-05,    0.081407
  9.5908E-05,   0.0824121
  9.5912E-05,   0.0824121
  9.5916E-05,   0.0819095
   9.592E-05,   0.0819095
  9.5924E-05,   0.0819095
  9.5928E-05,   0.0824121
  9.5932E-05,   0.0824121
  9.5936E-05,   0.0824121
   9.594E-05,   0.0824121
  9.5944E-05,   0.0829146
  9.5948E-05,   0.0834171
  9.5952E-05,   0.0829146
  9.5956E-05,   0.0829146
   9.596E-05,   0.0834171
  9.5964E-05,   0.0839196
  9.5968E-05,   0.0839196
  9.5972E-05,   0.0834171
  9.5976E-05,   0.0839196
   9.598E-05,   0.0844221
  9.5984E-05,   0.0854271
  9.5988E-05,   0.0849246
  9.5992E-05,   0.0844221
  9.5996E-05,   0.0849246
     9.6E-05,   0.0859296
  9.6004E-05,   0.0859296
  9.6008E-05,   0.0854271
  9.6012E-05,   0.0859296
  9.6016E-05,   0.0864322
   9.602E-05,   0.0869347
  9.6024E-05,   0.0869347
  9.6028E-05,   0.0869347
  9.6032E-05,   0.0869347
  9.6036E-05,   0.0879397
   9.604E-05,   0.0884422
  9.6044E-05,   0.0884422
  9.6048E-05,   0.0884422
  9.6052E-05,   0.0884422
  9.6056E-05,   0.0894472
   9.606E-05,   0.0899497
  9.6064E-05,   0.0899497
  9.6068E-05,   0.0899497
  9.6072E-05,   0.0904523
  9.6076E-05,   0.0914573
   9.608E-05,   0.0919598
  9.6084E-05,   0.0914573
  9.6088E-05,   0.0919598
  9.6092E-05,   0.0934673
  9.6096E-05,   0.0934673
    9.61E-05,   0.0934673
  9.6104E-05,   0.0939699
  9.6108E-05,   0.0949749
  9.6112E-05,   0.0954774
  9.6116E-05,   0.0959799
   9.612E-05,   0.0959799
  9.6124E-05,   0.0964824
  9.6128E-05,   0.0974874
  9.6132E-05,   0.0984925
  9.6136E-05,   0.0984925
   9.614E-05,    0.098995
  9.6144E-05,   0.0994975
  9.6148E-05,    0.100503
  9.6152E-05,    0.101508
  9.6156E-05,    0.101508
   9.616E-05,     0.10201
  9.6164E-05,    0.102513
  9.6168E-05,     0.10402
  9.6172E-05,    0.104523
  9.6176E-05,    0.105025
   9.618E-05,    0.105528
  9.6184E-05,    0.106533
  9.6188E-05,     0.10804
  9.6192E-05,     0.10804
  9.6196E-05,    0.108543
    9.62E-05,    0.109548
  9.6204E-05,    0.111055
  9.6208E-05,    0.111558
  9.6212E-05,     0.11206
  9.6216E-05,    0.113065
   9.622E-05,     0.11407
  9.6224E-05,    0.115578
  9.6228E-05,     0.11608
  9.6232E-05,    0.116583
  9.6236E-05,    0.117588
   9.624E-05,    0.119095
  9.6244E-05,      0.1201
  9.6248E-05,    0.120603
  9.6252E-05,    0.121608
  9.6256E-05,    0.122613
   9.626E-05,    0.124121
  9.6264E-05,    0.125628
  9.6268E-05,    0.126131
  9.6272E-05,    0.127136
  9.6276E-05,    0.128141
   9.628E-05,    0.130151
  9.6284E-05,    0.131156
  9.6288E-05,    0.131658
  9.6292E-05,    0.133166
  9.6296E-05,    0.134673
    9.63E-05,    0.136181
  9.6304E-05,    0.136683
  9.6308E-05,    0.137688
  9.6312E-05,    0.139698
  9.6316E-05,    0.141206
   9.632E-05,    0.142211
  9.6324E-05,    0.143216
  9.6328E-05,    0.144221
  9.6332E-05,    0.146231
  9.6336E-05,    0.147739
   9.634E-05,    0.148744
  9.6344E-05,    0.150251
  9.6348E-05,    0.151759
  9.6352E-05,    0.153769
  9.6356E-05,    0.154774
   9.636E-05,    0.155779
  9.6364E-05,    0.157286
  9.6368E-05,    0.158794
  9.6372E-05,    0.161307
  9.6376E-05,    0.162312
   9.638E-05,    0.163317
  9.6384E-05,    0.164824
  9.6388E-05,    0.167337
  9.6392E-05,    0.168844
  9.6396E-05,    0.169849
    9.64E-05,    0.170854
  9.6404E-05,    0.172864
  9.6408E-05,    0.175377
  9.6412E-05,    0.176884
  9.6416E-05,    0.177889
   9.642E-05,    0.179397
  9.6424E-05,    0.181407
  9.6428E-05,    0.183417
  9.6432E-05,    0.184422
  9.6436E-05,     0.18593
   9.644E-05,    0.187437
  9.6444E-05,     0.18995
  9.6448E-05,     0.19196
  9.6452E-05,    0.192965
  9.6456E-05,     0.19397
   9.646E-05,     0.19598
  9.6464E-05,    0.198492
  9.6468E-05,         0.2
  9.6472E-05,    0.201005
  9.6476E-05,    0.202513
   9.648E-05,    0.205025
  9.6484E-05,    0.206533
  9.6488E-05,    0.207538
  9.6492E-05,    0.209045
  9.6496E-05,    0.210553
    9.65E-05,    0.213065
  9.6504E-05,    0.214573
  9.6508E-05,    0.215578
  9.6512E-05,    0.217085
  9.6516E-05,    0.219095
   9.652E-05,    0.220603
  9.6524E-05,    0.222111
  9.6528E-05,    0.223116
  9.6532E-05,    0.224121
  9.6536E-05,    0.226633
   9.654E-05,    0.228141
  9.6544E-05,    0.229146
  9.6548E-05,    0.229648
  9.6552E-05,    0.231658
  9.6556E-05,    0.233668
   9.656E-05,    0.234673
  9.6564E-05,    0.235176
  9.6568E-05,    0.236181
  9.6572E-05,    0.238191
  9.6576E-05,    0.239698
   9.658E-05,    0.240201
  9.6584E-05,    0.240704
  9.6588E-05,    0.242211
  9.6592E-05,    0.243719
  9.6596E-05,    0.244724
    9.66E-05,    0.245226
  9.6604E-05,    0.245729
  9.6608E-05,    0.247236
  9.6612E-05,    0.248241
  9.6616E-05,    0.249246
   9.662E-05,    0.249246
  9.6624E-05,    0.249246
  9.6628E-05,    0.250754
  9.6632E-05,    0.251759
  9.6636E-05,    0.251759
   9.664E-05,    0.251759
  9.6644E-05,    0.252261
  9.6648E-05,    0.253266
  9.6652E-05,    0.253769
  9.6656E-05,    0.253266
   9.666E-05,    0.252764
  9.6664E-05,    0.253266
  9.6668E-05,    0.253769
  9.6672E-05,    0.253769
  9.6676E-05,    0.252764
   9.668E-05,    0.252261
  9.6684E-05,    0.252764
  9.6688E-05,    0.252764
  9.6692E-05,    0.251759
  9.6696E-05,    0.250754
    9.67E-05,    0.250251
  9.6704E-05,    0.250754
  9.6708E-05,    0.249749
  9.6712E-05,    0.248241
  9.6716E-05,    0.247236
   9.672E-05,    0.246231
  9.6724E-05,    0.246231
  9.6728E-05,    0.244221
  9.6732E-05,    0.242714
  9.6736E-05,    0.241709
   9.674E-05,    0.240201
  9.6744E-05,    0.239196
  9.6748E-05,    0.237186
  9.6752E-05,    0.235176
  9.6756E-05,    0.233668
   9.676E-05,    0.232161
  9.6764E-05,    0.230151
  9.6768E-05,    0.227136
  9.6772E-05,    0.224623
  9.6776E-05,    0.223116
   9.678E-05,    0.221106
  9.6784E-05,     0.21809
  9.6788E-05,    0.215075
  9.6792E-05,     0.21206
  9.6796E-05,     0.21005
    9.68E-05,    0.207035
  9.6804E-05,    0.203518
  9.6808E-05,    0.200503
  9.6812E-05,    0.196985
  9.6816E-05,    0.194472
   9.682E-05,    0.190452
  9.6824E-05,    0.186432
  9.6828E-05,    0.182915
  9.6832E-05,    0.179397
  9.6836E-05,    0.175879
   9.684E-05,    0.171357
  9.6844E-05,    0.167337
  9.6848E-05,    0.162814
  9.6852E-05,    0.159296
  9.6856E-05,    0.154774
   9.686E-05,    0.149749
  9.6864E-05,    0.144724
  9.6868E-05,    0.140704
  9.6872E-05,    0.136181
  9.6876E-05,    0.131156
   9.688E-05,    0.125126
  9.6884E-05,    0.120603
  9.6888E-05,    0.115578
  9.6892E-05,    0.110553
  9.6896E-05,    0.104523
    9.69E-05,   0.0984925
  9.6904E-05,   0.0934673
  9.6908E-05,   0.0879397
  9.6912E-05,   0.0819095
  9.6916E-05,   0.0753769
   9.692E-05,   0.0693467
  9.6924E-05,   0.0633166
  9.6928E-05,   0.0572864
  9.6932E-05,   0.0507538
  9.6936E-05,   0.0442211
   9.694E-05,   0.0376884
  9.6944E-05,   0.0316583
  9.6948E-05,   0.0251256
  9.6952E-05,   0.0180905
  9.6956E-05,   0.0115578
   9.696E-05,  0.00452261
  9.6964E-05, -0.00201005
  9.6968E-05, -0.00904523
  9.6972E-05,  -0.0165829
  9.6976E-05,  -0.0241206
   9.698E-05,  -0.0306533
  9.6984E-05,   -0.038191
  9.6988E-05,  -0.0457286
  9.6992E-05,  -0.0542714
  9.6996E-05,   -0.061809
     9.7E-05,  -0.0688442
  9.7004E-05,  -0.0763819
  9.7008E-05,  -0.0849246
  9.7012E-05,  -0.0929648
  9.7016E-05,   -0.100503
   9.702E-05,    -0.10804
  9.7024E-05,   -0.117085
  9.7028E-05,   -0.125628
  9.7032E-05,   -0.134171
  9.7036E-05,   -0.142211
   9.704E-05,   -0.150251
  9.7044E-05,   -0.158794
  9.7048E-05,   -0.167337
  9.7052E-05,   -0.175377
  9.7056E-05,   -0.183417
   9.706E-05,    -0.19196
  9.7064E-05,   -0.201005
  9.7068E-05,    -0.21005
  9.7072E-05,    -0.21809
  9.7076E-05,   -0.226131
   9.708E-05,   -0.235176
  9.7084E-05,   -0.244221
  9.7088E-05,   -0.252764
  9.7092E-05,   -0.260804
  9.7096E-05,   -0.268844
    9.71E-05,   -0.278392
  9.7104E-05,   -0.286935
  9.7108E-05,   -0.294975
  9.7112E-05,   -0.302513
  9.7116E-05,   -0.311055
   9.712E-05,     -0.3201
  9.7124E-05,   -0.328643
  9.7128E-05,   -0.336181
  9.7132E-05,   -0.344724
  9.7136E-05,   -0.353266
   9.714E-05,   -0.361809
  9.7144E-05,   -0.369849
  9.7148E-05,   -0.377387
  9.7152E-05,   -0.384925
  9.7156E-05,    -0.39397
   9.716E-05,    -0.40201
  9.7164E-05,    -0.41005
  9.7168E-05,   -0.417085
  9.7172E-05,   -0.425628
  9.7176E-05,   -0.434171
   9.718E-05,   -0.441709
  9.7184E-05,   -0.448744
  9.7188E-05,   -0.456281
  9.7192E-05,   -0.464322
  9.7196E-05,   -0.471357
    9.72E-05,   -0.478392
  9.7204E-05,   -0.485427
  9.7208E-05,   -0.492462
  9.7212E-05,        -0.5
  9.7216E-05,   -0.507035
   9.722E-05,   -0.513568
  9.7224E-05,   -0.519598
  9.7228E-05,   -0.526633
  9.7232E-05,   -0.533668
  9.7236E-05,   -0.539698
   9.724E-05,   -0.545226
  9.7244E-05,   -0.551256
  9.7248E-05,   -0.557789
  9.7252E-05,   -0.563819
  9.7256E-05,   -0.568844
   9.726E-05,   -0.573869
  9.7264E-05,   -0.579899
  9.7268E-05,   -0.586432
  9.7272E-05,   -0.590955
  9.7276E-05,   -0.595477
   9.728E-05,        -0.6
  9.7284E-05,   -0.605528
  9.7288E-05,   -0.610553
  9.7292E-05,   -0.614573
  9.7296E-05,    -0.61809
    9.73E-05,   -0.622111
  9.7304E-05,   -0.627136
  9.7308E-05,   -0.630653
  9.7312E-05,   -0.633668
  9.7316E-05,   -0.636181
   9.732E-05,   -0.639699
  9.7324E-05,   -0.643719
  9.7328E-05,   -0.646231
  9.7332E-05,   -0.647739
  9.7336E-05,   -0.650251
   9.734E-05,   -0.653266
  9.7344E-05,   -0.655779
  9.7348E-05,   -0.656784
  9.7352E-05,   -0.657789
  9.7356E-05,   -0.659799
   9.736E-05,   -0.661307
  9.7364E-05,   -0.662814
  9.7368E-05,   -0.663317
  9.7372E-05,   -0.663317
  9.7376E-05,   -0.664322
   9.738E-05,   -0.665327
  9.7384E-05,   -0.665829
  9.7388E-05,   -0.664824
  9.7392E-05,   -0.664322
  9.7396E-05,   -0.664824
    9.74E-05,   -0.664322
  9.7404E-05,   -0.663317
  9.7408E-05,   -0.661809
  9.7412E-05,   -0.660804
  9.7416E-05,   -0.659799
   9.742E-05,   -0.658291
  9.7424E-05,   -0.655779
  9.7428E-05,   -0.653769
  9.7432E-05,   -0.651759
  9.7436E-05,   -0.649749
   9.744E-05,   -0.646734
  9.7444E-05,   -0.643216
  9.7448E-05,   -0.640703
  9.7452E-05,   -0.637186
  9.7456E-05,   -0.634673
   9.746E-05,   -0.630653
  9.7464E-05,   -0.626131
  9.7468E-05,   -0.622613
  9.7472E-05,   -0.618593
  9.7476E-05,   -0.614573
   9.748E-05,   -0.609045
  9.7484E-05,    -0.60402
  9.7488E-05,   -0.599497
  9.7492E-05,   -0.594472
  9.7496E-05,   -0.588945
    9.75E-05,   -0.582915
  9.7504E-05,   -0.576884
  9.7508E-05,   -0.571357
  9.7512E-05,   -0.565327
  9.7516E-05,   -0.558291
   9.752E-05,   -0.551256
  9.7524E-05,   -0.544724
  9.7528E-05,   -0.537688
  9.7532E-05,   -0.531156
  9.7536E-05,   -0.523116
   9.754E-05,   -0.515578
  9.7544E-05,   -0.508543
  9.7548E-05,   -0.501005
  9.7552E-05,   -0.492462
  9.7556E-05,    -0.48392
   9.756E-05,   -0.475879
  9.7564E-05,   -0.467839
  9.7568E-05,   -0.459799
  9.7572E-05,   -0.450754
  9.7576E-05,   -0.441709
   9.758E-05,   -0.432663
  9.7584E-05,   -0.423618
  9.7588E-05,   -0.414573
  9.7592E-05,    -0.40402
  9.7596E-05,   -0.394472
    9.76E-05,   -0.384925
  9.7604E-05,   -0.375879
  9.7608E-05,   -0.365327
  9.7612E-05,   -0.353769
  9.7616E-05,   -0.343719
   9.762E-05,   -0.334171
  9.7624E-05,   -0.323116
  9.7628E-05,   -0.311558
  9.7632E-05,   -0.300503
  9.7636E-05,   -0.290452
   9.764E-05,     -0.2799
  9.7644E-05,   -0.267839
  9.7648E-05,   -0.256784
  9.7652E-05,   -0.245226
  9.7656E-05,   -0.233668
   9.766E-05,   -0.222613
  9.7664E-05,    -0.21005
  9.7668E-05,    -0.19799
  9.7672E-05,    -0.18593
  9.7676E-05,   -0.174372
   9.768E-05,   -0.162312
  9.7684E-05,   -0.149749
  9.7688E-05,   -0.137186
  9.7692E-05,   -0.125126
  9.7696E-05,   -0.112563
    9.77E-05,        -0.1
  9.7704E-05,  -0.0869347
  9.7708E-05,  -0.0743719
  9.7712E-05,  -0.0628141
  9.7716E-05,  -0.0502513
   9.772E-05,  -0.0371859
  9.7724E-05,  -0.0241206
  9.7728E-05,  -0.0125628
  9.7732E-05,-0.000502513
  9.7736E-05,   0.0120603
   9.774E-05,   0.0251256
  9.7744E-05,    0.038191
  9.7748E-05,   0.0512563
  9.7752E-05,   0.0638191
  9.7756E-05,   0.0773869
   9.776E-05,   0.0909548
  9.7764E-05,    0.103518
  9.7768E-05,    0.116583
  9.7772E-05,    0.129146
  9.7776E-05,    0.142714
   9.778E-05,    0.155779
  9.7784E-05,    0.167839
  9.7788E-05,    0.180905
  9.7792E-05,     0.19397
  9.7796E-05,    0.207538
    9.78E-05,    0.220603
  9.7804E-05,    0.233668
  9.7808E-05,    0.246231
  9.7812E-05,    0.259799
  9.7816E-05,    0.272864
   9.782E-05,    0.285427
  9.7824E-05,     0.29799
  9.7828E-05,    0.310553
  9.7832E-05,    0.323618
  9.7836E-05,    0.336683
   9.784E-05,    0.348744
  9.7844E-05,    0.361307
  9.7848E-05,    0.373869
  9.7852E-05,    0.386935
  9.7856E-05,    0.398995
   9.786E-05,    0.410553
  9.7864E-05,    0.423116
  9.7868E-05,    0.435678
  9.7872E-05,    0.448241
  9.7876E-05,    0.459296
   9.788E-05,    0.470352
  9.7884E-05,    0.482915
  9.7888E-05,    0.495477
  9.7892E-05,    0.507035
  9.7896E-05,    0.518593
    9.79E-05,    0.529648
  9.7904E-05,    0.541709
  9.7908E-05,    0.553769
  9.7912E-05,    0.564824
  9.7916E-05,    0.575879
   9.792E-05,    0.586432
  9.7924E-05,     0.59799
  9.7928E-05,    0.609045
  9.7932E-05,    0.619095
  9.7936E-05,    0.629146
   9.794E-05,    0.639699
  9.7944E-05,    0.650754
  9.7948E-05,    0.660804
  9.7952E-05,    0.670352
  9.7956E-05,    0.680402
   9.796E-05,    0.690452
  9.7964E-05,    0.701005
  9.7968E-05,     0.71005
  9.7972E-05,    0.719095
  9.7976E-05,    0.728643
   9.798E-05,    0.738191
  9.7984E-05,    0.747739
  9.7988E-05,    0.755779
  9.7992E-05,    0.763819
  9.7996E-05,    0.772864
     9.8E-05,    0.782412
  9.8004E-05,    0.790955
  9.8008E-05,    0.798492
  9.8012E-05,    0.806533
  9.8016E-05,    0.815075
   9.802E-05,    0.823116
  9.8024E-05,    0.830653
  9.8028E-05,    0.837186
  9.8032E-05,    0.844724
  9.8036E-05,    0.852764
   9.804E-05,    0.859799
  9.8044E-05,    0.866332
  9.8048E-05,    0.872362
  9.8052E-05,    0.879397
  9.8056E-05,    0.886432
   9.806E-05,    0.892462
  9.8064E-05,     0.89799
  9.8068E-05,    0.903015
  9.8072E-05,    0.909045
  9.8076E-05,    0.915578
   9.808E-05,    0.920101
  9.8084E-05,    0.924623
  9.8088E-05,    0.930151
  9.8092E-05,    0.935176
  9.8096E-05,    0.940201
    9.81E-05,    0.944221
  9.8104E-05,    0.948241
  9.8108E-05,    0.953266
  9.8112E-05,    0.957286
  9.8116E-05,    0.961307
   9.812E-05,    0.964824
  9.8124E-05,    0.967839
  9.8128E-05,    0.971859
  9.8132E-05,    0.975879
  9.8136E-05,    0.978392
   9.814E-05,    0.981407
  9.8144E-05,     0.98392
  9.8148E-05,    0.986935
  9.8152E-05,    0.989447
  9.8156E-05,    0.991457
   9.816E-05,    0.992965
  9.8164E-05,    0.994975
  9.8168E-05,    0.997487
  9.8172E-05,    0.998492
  9.8176E-05,    0.999497
   9.818E-05,     1.00101
  9.8184E-05,     1.00201
  9.8188E-05,     1.00302
  9.8192E-05,     1.00302
  9.8196E-05,     1.00352
    9.82E-05,     1.00402
  9.8204E-05,     1.00452
  9.8208E-05,     1.00452
  9.8212E-05,     1.00452
  9.8216E-05,     1.00402
   9.822E-05,     1.00402
  9.8224E-05,     1.00402
  9.8228E-05,     1.00302
  9.8232E-05,     1.00201
  9.8236E-05,     1.00101
   9.824E-05,      1.0005
  9.8244E-05,    0.999497
  9.8248E-05,    0.997487
  9.8252E-05,     0.99598
  9.8256E-05,    0.994472
   9.826E-05,    0.992965
  9.8264E-05,    0.990452
  9.8268E-05,     0.98794
  9.8272E-05,    0.985427
  9.8276E-05,    0.983417
   9.828E-05,    0.980905
  9.8284E-05,    0.977889
  9.8288E-05,    0.974372
  9.8292E-05,    0.971357
  9.8296E-05,    0.968342
    9.83E-05,    0.964824
  9.8304E-05,    0.960302
  9.8308E-05,    0.956281
  9.8312E-05,    0.952261
  9.8316E-05,    0.948744
   9.832E-05,    0.943719
  9.8324E-05,    0.938693
  9.8328E-05,    0.934171
  9.8332E-05,    0.929648
  9.8336E-05,    0.924623
   9.834E-05,    0.919095
  9.8344E-05,     0.91407
  9.8348E-05,    0.909045
  9.8352E-05,     0.90402
  9.8356E-05,     0.89799
   9.836E-05,     0.89196
  9.8364E-05,    0.885427
  9.8368E-05,      0.8799
  9.8372E-05,    0.873869
  9.8376E-05,    0.867337
   9.838E-05,    0.860301
  9.8384E-05,    0.853266
  9.8388E-05,    0.847236
  9.8392E-05,    0.840201
  9.8396E-05,    0.832161
    9.84E-05,    0.824623
  9.8404E-05,    0.817085
  9.8408E-05,     0.81005
  9.8412E-05,     0.80201
  9.8416E-05,    0.793467
   9.842E-05,    0.784925
  9.8424E-05,    0.777387
  9.8428E-05,    0.769347
  9.8432E-05,    0.760301
  9.8436E-05,    0.751759
   9.844E-05,    0.743216
  9.8444E-05,    0.734673
  9.8448E-05,    0.725628
  9.8452E-05,    0.715578
  9.8456E-05,     0.70603
   9.846E-05,    0.696985
  9.8464E-05,     0.68794
  9.8468E-05,    0.678392
  9.8472E-05,    0.668342
  9.8476E-05,    0.659296
   9.848E-05,    0.649749
  9.8484E-05,    0.639699
  9.8488E-05,    0.629648
  9.8492E-05,    0.619095
  9.8496E-05,    0.608543
    9.85E-05,    0.598995
  9.8504E-05,     0.58794
  9.8508E-05,    0.576884
  9.8512E-05,    0.566332
  9.8516E-05,    0.555779
   9.852E-05,    0.545226
  9.8524E-05,    0.534171
  9.8528E-05,    0.522613
  9.8532E-05,     0.51206
  9.8536E-05,    0.501508
   9.854E-05,    0.490452
  9.8544E-05,    0.478392
  9.8548E-05,    0.466834
  9.8552E-05,    0.455779
  9.8556E-05,    0.444724
   9.856E-05,    0.432663
  9.8564E-05,    0.420603
  9.8568E-05,    0.409045
  9.8572E-05,    0.398492
  9.8576E-05,    0.386935
   9.858E-05,    0.374372
  9.8584E-05,    0.362312
  9.8588E-05,    0.350754
  9.8592E-05,    0.340201
  9.8596E-05,    0.328141
    9.86E-05,    0.315578
  9.8604E-05,     0.30402
  9.8608E-05,    0.292462
  9.8612E-05,    0.280905
  9.8616E-05,    0.268844
   9.862E-05,    0.255779
  9.8624E-05,    0.244221
  9.8628E-05,    0.232663
  9.8632E-05,    0.221106
  9.8636E-05,    0.208543
   9.864E-05,     0.19598
  9.8644E-05,     0.18392
  9.8648E-05,    0.172864
  9.8652E-05,    0.160804
  9.8656E-05,    0.148744
   9.866E-05,    0.136683
  9.8664E-05,    0.125628
  9.8668E-05,    0.114573
  9.8672E-05,    0.102513
  9.8676E-05,   0.0899497
   9.868E-05,   0.0788945
  9.8684E-05,   0.0678392
  9.8688E-05,   0.0562814
  9.8692E-05,   0.0442211
  9.8696E-05,   0.0326633
    9.87E-05,   0.0221106
  9.8704E-05,   0.0115578
  9.8708E-05, 0.000502513
  9.8712E-05,  -0.0115578
  9.8716E-05,  -0.0226131
   9.872E-05,  -0.0326633
  9.8724E-05,  -0.0432161
  9.8728E-05,  -0.0552764
  9.8732E-05,  -0.0663317
  9.8736E-05,  -0.0768844
   9.874E-05,  -0.0869347
  9.8744E-05,  -0.0969849
  9.8748E-05,   -0.108543
  9.8752E-05,   -0.119095
  9.8756E-05,   -0.129648
   9.876E-05,   -0.139698
  9.8764E-05,   -0.149749
  9.8768E-05,   -0.160804
  9.8772E-05,   -0.170352
  9.8776E-05,   -0.179397
   9.878E-05,   -0.188945
  9.8784E-05,   -0.198995
  9.8788E-05,   -0.209045
  9.8792E-05,    -0.21809
  9.8796E-05,   -0.226633
    9.88E-05,   -0.236683
  9.8804E-05,   -0.245729
  9.8808E-05,   -0.254774
  9.8812E-05,   -0.263317
  9.8816E-05,   -0.271357
   9.882E-05,     -0.2799
  9.8824E-05,   -0.288442
  9.8828E-05,   -0.296482
  9.8832E-05,    -0.30402
  9.8836E-05,   -0.311558
   9.884E-05,   -0.319598
  9.8844E-05,   -0.327136
  9.8848E-05,   -0.334673
  9.8852E-05,   -0.341206
  9.8856E-05,   -0.348241
   9.886E-05,   -0.355779
  9.8864E-05,   -0.362814
  9.8868E-05,   -0.368844
  9.8872E-05,   -0.374874
  9.8876E-05,   -0.380905
   9.888E-05,    -0.38794
  9.8884E-05,   -0.393467
  9.8888E-05,   -0.398492
  9.8892E-05,   -0.404523
  9.8896E-05,   -0.410553
    9.89E-05,    -0.41608
  9.8904E-05,   -0.421106
  9.8908E-05,   -0.425628
  9.8912E-05,   -0.430653
  9.8916E-05,   -0.435678
   9.892E-05,   -0.440201
  9.8924E-05,   -0.443719
  9.8928E-05,   -0.447739
  9.8932E-05,   -0.452261
  9.8936E-05,   -0.455779
   9.894E-05,   -0.459296
  9.8944E-05,   -0.461809
  9.8948E-05,   -0.465327
  9.8952E-05,   -0.468342
  9.8956E-05,   -0.471357
   9.896E-05,   -0.473869
  9.8964E-05,   -0.475879
  9.8968E-05,   -0.478894
  9.8972E-05,   -0.481407
  9.8976E-05,   -0.483417
   9.898E-05,   -0.484925
  9.8984E-05,    -0.48593
  9.8988E-05,    -0.48794
  9.8992E-05,    -0.48995
  9.8996E-05,   -0.490955
     9.9E-05,   -0.491457
  9.9004E-05,    -0.49196
  9.9008E-05,   -0.493467
  9.9012E-05,    -0.49397
  9.9016E-05,    -0.49397
   9.902E-05,    -0.49397
  9.9024E-05,    -0.49397
  9.9028E-05,   -0.494472
  9.9032E-05,    -0.49397
  9.9036E-05,   -0.492462
   9.904E-05,    -0.49196
  9.9044E-05,    -0.49196
  9.9048E-05,   -0.490955
  9.9052E-05,   -0.489447
  9.9056E-05,    -0.48794
   9.906E-05,   -0.486935
  9.9064E-05,    -0.48593
  9.9068E-05,    -0.48392
  9.9072E-05,   -0.481407
  9.9076E-05,   -0.479397
   9.908E-05,   -0.477889
  9.9084E-05,   -0.475879
  9.9088E-05,   -0.473367
  9.9092E-05,   -0.470352
  9.9096E-05,   -0.467337
    9.91E-05,   -0.465327
  9.9104E-05,   -0.462814
  9.9108E-05,   -0.459296
  9.9112E-05,   -0.455276
  9.9116E-05,   -0.452764
   9.912E-05,   -0.449749
  9.9124E-05,   -0.446231
  9.9128E-05,   -0.442211
  9.9132E-05,   -0.438693
  9.9136E-05,   -0.435176
   9.914E-05,   -0.431658
  9.9144E-05,   -0.427136
  9.9148E-05,   -0.422613
  9.9152E-05,   -0.418593
  9.9156E-05,   -0.415075
   9.916E-05,   -0.410553
  9.9164E-05,   -0.405528
  9.9168E-05,   -0.400503
  9.9172E-05,   -0.396482
  9.9176E-05,    -0.39196
   9.918E-05,   -0.387437
  9.9184E-05,    -0.38191
  9.9188E-05,   -0.376884
  9.9192E-05,   -0.372362
  9.9196E-05,   -0.367337
    9.92E-05,   -0.362312
  9.9204E-05,   -0.356281
  9.9208E-05,   -0.351256
  9.9212E-05,   -0.346231
  9.9216E-05,   -0.341206
   9.922E-05,   -0.335176
  9.9224E-05,   -0.329648
  9.9228E-05,   -0.324623
  9.9232E-05,   -0.319598
  9.9236E-05,   -0.313568
   9.924E-05,   -0.307538
  9.9244E-05,   -0.302513
  9.9248E-05,   -0.297487
  9.9252E-05,    -0.29196
  9.9256E-05,    -0.28593
   9.926E-05,     -0.2799
  9.9264E-05,   -0.274874
  9.9268E-05,   -0.269347
  9.9272E-05,   -0.263317
  9.9276E-05,   -0.257286
   9.928E-05,   -0.251256
  9.9284E-05,   -0.246231
  9.9288E-05,   -0.240704
  9.9292E-05,   -0.234673
  9.9296E-05,   -0.228643
    9.93E-05,   -0.223116
  9.9304E-05,    -0.21809
  9.9308E-05,   -0.212563
  9.9312E-05,    -0.20603
  9.9316E-05,        -0.2
   9.932E-05,   -0.194975
  9.9324E-05,   -0.189447
  9.9328E-05,    -0.18392
  9.9332E-05,   -0.177889
  9.9336E-05,   -0.172362
   9.934E-05,   -0.167337
  9.9344E-05,   -0.162312
  9.9348E-05,   -0.156784
  9.9352E-05,   -0.150754
  9.9356E-05,   -0.145729
   9.936E-05,   -0.141206
  9.9364E-05,   -0.136683
  9.9368E-05,   -0.130151
  9.9372E-05,   -0.124623
  9.9376E-05,     -0.1201
   9.938E-05,   -0.115578
  9.9384E-05,    -0.11005
  9.9388E-05,   -0.105025
  9.9392E-05,   -0.100503
  9.9396E-05,  -0.0959799
    9.94E-05,  -0.0919598
  9.9404E-05,  -0.0869347
  9.9408E-05,  -0.0819095
  9.9412E-05,  -0.0778894
  9.9416E-05,  -0.0738693
   9.942E-05,  -0.0693467
  9.9424E-05,  -0.0648241
  9.9428E-05,  -0.0603015
  9.9432E-05,  -0.0567839
  9.9436E-05,  -0.0532663
   9.944E-05,  -0.0492462
  9.9444E-05,  -0.0447236
  9.9448E-05,  -0.0407035
  9.9452E-05,  -0.0376884
  9.9456E-05,  -0.0346734
   9.946E-05,  -0.0301508
  9.9464E-05,  -0.0266332
  9.9468E-05,  -0.0236181
  9.9472E-05,   -0.020603
  9.9476E-05,  -0.0175879
   9.948E-05,  -0.0140704
  9.9484E-05,  -0.0110553
  9.9488E-05, -0.00854271
  9.9492E-05, -0.00603015
  9.9496E-05, -0.00301508
    9.95E-05, 0.000502513
  9.9504E-05,  0.00301508
  9.9508E-05,  0.00502513
  9.9512E-05,  0.00753769
  9.9516E-05,   0.0100503
   9.952E-05,   0.0130653
  9.9524E-05,   0.0145729
  9.9528E-05,   0.0165829
  9.9532E-05,    0.018593
  9.9536E-05,   0.0211055
   9.954E-05,   0.0231156
  9.9544E-05,   0.0246231
  9.9548E-05,   0.0261307
  9.9552E-05,   0.0281407
  9.9556E-05,   0.0301508
   9.956E-05,   0.0316583
  9.9564E-05,   0.0326633
  9.9568E-05,   0.0336683
  9.9572E-05,   0.0356784
  9.9576E-05,   0.0371859
   9.958E-05,    0.038191
  9.9584E-05,   0.0386935
  9.9588E-05,    0.040201
  9.9592E-05,   0.0417085
  9.9596E-05,   0.0427136
    9.96E-05,   0.0427136
  9.9604E-05,   0.0432161
  9.9608E-05,   0.0447236
  9.9612E-05,   0.0457286
  9.9616E-05,   0.0457286
   9.962E-05,   0.0457286
  9.9624E-05,   0.0462312
  9.9628E-05,   0.0472362
  9.9632E-05,   0.0482412
  9.9636E-05,   0.0477387
   9.964E-05,   0.0477387
  9.9644E-05,   0.0482412
  9.9648E-05,   0.0487437
  9.9652E-05,   0.0487437
  9.9656E-05,   0.0482412
   9.966E-05,   0.0482412
  9.9664E-05,   0.0487437
  9.9668E-05,   0.0487437
  9.9672E-05,   0.0482412
  9.9676E-05,   0.0477387
   9.968E-05,   0.0477387
  9.9684E-05,   0.0477387
  9.9688E-05,   0.0472362
  9.9692E-05,   0.0467337
  9.9696E-05,   0.0457286
    9.97E-05,   0.0457286
  9.9704E-05,   0.0457286
  9.9708E-05,   0.0452261
  9.9712E-05,   0.0442211
  9.9716E-05,   0.0432161
   9.972E-05,   0.0432161
  9.9724E-05,   0.0432161
  9.9728E-05,   0.0417085
  9.9732E-05,   0.0407035
  9.9736E-05,    0.040201
   9.974E-05,    0.040201
  9.9744E-05,    0.039196
  9.9748E-05,   0.0376884
  9.9752E-05,   0.0371859
  9.9756E-05,   0.0366834
   9.976E-05,   0.0361809
  9.9764E-05,   0.0346734
  9.9768E-05,   0.0336683
  9.9772E-05,   0.0331658
  9.9776E-05,   0.0326633
   9.978E-05,   0.0316583
  9.9784E-05,   0.0301508
  9.9788E-05,   0.0291457
  9.9792E-05,   0.0281407
  9.9796E-05,   0.0281407
    9.98E-05,   0.0271357
  9.9804E-05,   0.0256281
  9.9808E-05,   0.0246231
  9.9812E-05,   0.0241206
  9.9816E-05,   0.0236181
   9.982E-05,   0.0221106
  9.9824E-05,    0.020603
  9.9828E-05,   0.0201005
  9.9832E-05,   0.0201005
  9.9836E-05,   0.0190955
   9.984E-05,   0.0170854
  9.9844E-05,   0.0160804
  9.9848E-05,   0.0155779
  9.9852E-05,   0.0155779
  9.9856E-05,   0.0140704
   9.986E-05,   0.0125628
  9.9864E-05,   0.0120603
  9.9868E-05,   0.0115578
  9.9872E-05,   0.0110553
  9.9876E-05,  0.00954774
   9.988E-05,  0.00854271
  9.9884E-05,   0.0080402
  9.9888E-05,  0.00753769
  9.9892E-05,  0.00703518
  9.9896E-05,  0.00552764
    9.99E-05,  0.00452261
  9.9904E-05,   0.0040201
  9.9908E-05,   0.0040201
  9.9912E-05,  0.00301508
  9.9916E-05,  0.00201005
   9.992E-05,  0.00150754
  9.9924E-05,  0.00150754
  9.9928E-05,  0.00100503
  9.9932E-05,-0.000502513
  9.9936E-05, -0.00100503
   9.994E-05, -0.00150754
  9.9944E-05, -0.00150754
  9.9948E-05, -0.00201005
  9.9952E-05, -0.00301508
  9.9956E-05, -0.00351759
   9.996E-05, -0.00351759
  9.9964E-05, -0.00351759
  9.9968E-05, -0.00452261
  9.9972E-05, -0.00552764
  9.9976E-05, -0.00552764
   9.998E-05, -0.00552764
  9.9984E-05, -0.00552764
  9.9988E-05, -0.00653266
  9.9992E-05, -0.00703518
  9.9996E-05, -0.00653266
      0.0001, -0.00653266
 0.000100004, -0.00703518
 0.000100008, -0.00753769
 0.000100012,  -0.0080402
 0.000100016, -0.00753769
  0.00010002, -0.00703518
 0.000100024, -0.00753769
 0.000100028,  -0.0080402
 0.000100032,  -0.0080402
 0.000100036, -0.00753769
  0.00010004, -0.00753769
 0.000100044,  -0.0080402
 0.000100048,  -0.0080402
 0.000100052, -0.00753769
 0.000100056, -0.00703518
  0.00010006, -0.00703518
 0.000100064, -0.00753769
 0.000100068, -0.00753769
 0.000100072, -0.00653266
 0.000100076, -0.00603015
  0.00010008, -0.00653266
 0.000100084, -0.00653266
 0.000100088, -0.00552764
 0.000100092, -0.00502513
 0.000100096, -0.00452261
   0.0001001, -0.00502513
 0.000100104, -0.00452261
 0.000100108,  -0.0040201
 0.000100112, -0.00301508
 0.000100116, -0.00301508
  0.00010012, -0.00301508
 0.000100124, -0.00251256
 0.000100128, -0.00150754
 0.000100132, -0.00100503
 0.000100136, -0.00100503
  0.00010014, -0.00100503
 0.000100144,           0
 0.000100148,  0.00100503
 0.000100152,  0.00150754
 0.000100156,  0.00150754
  0.00010016,  0.00201005
 0.000100164,  0.00301508
 0.000100168,   0.0040201
 0.000100172,   0.0040201
 0.000100176,  0.00452261
  0.00010018,  0.00502513
 0.000100184,  0.00653266
 0.000100188,  0.00703518
 0.000100192,  0.00703518
 0.000100196,  0.00753769
   0.0001002,  0.00854271
 0.000100204,  0.00954774
 0.000100208,   0.0105528
 0.000100212,   0.0105528
 0.000100216,   0.0110553
  0.00010022,   0.0125628
 0.000100224,   0.0130653
 0.000100228,   0.0135678
 0.000100232,   0.0140704
 0.000100236,   0.0150754
  0.00010024,   0.0160804
 0.000100244,   0.0165829
 0.000100248,   0.0170854
 0.000100252,   0.0175879
 0.000100256,    0.018593
  0.00010026,    0.019598
 0.000100264,    0.020603
 0.000100268,    0.020603
 0.000100272,   0.0211055
 0.000100276,   0.0226131
  0.00010028,   0.0236181
 0.000100284,   0.0236181
 0.000100288,   0.0241206
 0.000100292,   0.0251256
 0.000100296,   0.0261307
   0.0001003,   0.0266332
 0.000100304,   0.0266332
 0.000100308,   0.0276382
 0.000100312,   0.0291457
 0.000100316,   0.0301508
  0.00010032,   0.0301508
 0.000100324,   0.0301508
 0.000100328,   0.0311558
 0.000100332,   0.0326633
 0.000100336,   0.0331658
  0.00010034,   0.0331658
 0.000100344,   0.0336683
 0.000100348,   0.0346734
 0.000100352,   0.0356784
 0.000100356,   0.0361809
  0.00010036,   0.0366834
 0.000100364,   0.0366834
 0.000100368,    0.038191
 0.000100372,   0.0386935
 0.000100376,    0.039196
  0.00010038,    0.039196
 0.000100384,   0.0396985
 0.000100388,    0.041206
 0.000100392,   0.0417085
 0.000100396,   0.0417085
   0.0001004,   0.0422111
 0.000100404,   0.0432161
 0.000100408,   0.0442211
 0.000100412,   0.0442211
 0.000100416,   0.0442211
  0.00010042,   0.0447236
 0.000100424,   0.0457286
 0.000100428,   0.0462312
 0.000100432,   0.0462312
 0.000100436,   0.0467337
  0.00010044,   0.0477387
 0.000100444,   0.0482412
 0.000100448,   0.0482412
 0.000100452,   0.0482412
 0.000100456,   0.0487437
  0.00010046,   0.0497487
 0.000100464,   0.0502513
 0.000100468,   0.0502513
 0.000100472,   0.0502513
 0.000100476,   0.0507538
  0.00010048,   0.0517588
 0.000100484,   0.0517588
 0.000100488,   0.0517588
 0.000100492,   0.0517588
 0.000100496,   0.0522613
   0.0001005,   0.0532663
 0.000100504,   0.0527638
 0.000100508,   0.0527638
 0.000100512,   0.0527638
 0.000100516,   0.0537688
  0.00010052,   0.0542714
 0.000100524,   0.0537688
 0.000100528,   0.0532663
 0.000100532,   0.0537688
 0.000100536,   0.0547739
  0.00010054,   0.0547739
 0.000100544,   0.0537688
 0.000100548,   0.0542714
 0.000100552,   0.0547739
 0.000100556,   0.0552764
  0.00010056,   0.0547739
 0.000100564,   0.0542714
 0.000100568,   0.0542714
 0.000100572,   0.0547739
 0.000100576,   0.0552764
  0.00010058,   0.0552764
 0.000100584,   0.0542714
 0.000100588,   0.0547739
 0.000100592,   0.0557789
 0.000100596,   0.0552764
   0.0001006,   0.0542714
 0.000100604,   0.0542714
 0.000100608,   0.0547739
 0.000100612,   0.0552764
 0.000100616,   0.0547739
  0.00010062,   0.0542714
 0.000100624,   0.0542714
 0.000100628,   0.0547739
 0.000100632,   0.0547739
 0.000100636,   0.0542714
  0.00010064,   0.0537688
 0.000100644,   0.0537688
 0.000100648,   0.0542714
 0.000100652,   0.0542714
 0.000100656,   0.0532663
  0.00010066,   0.0532663
 0.000100664,   0.0532663
 0.000100668,   0.0532663
 0.000100672,   0.0527638
 0.000100676,   0.0522613
  0.00010068,   0.0522613
 0.000100684,   0.0527638
 0.000100688,   0.0522613
 0.000100692,   0.0517588
 0.000100696,   0.0512563
   0.0001007,   0.0512563
 0.000100704,   0.0517588
 0.000100708,   0.0507538
 0.000100712,   0.0507538
 0.000100716,   0.0502513
  0.00010072,   0.0502513
 0.000100724,   0.0502513
 0.000100728,   0.0497487
 0.000100732,   0.0487437
 0.000100736,   0.0492462
  0.00010074,   0.0492462
 0.000100744,   0.0487437
 0.000100748,   0.0482412
 0.000100752,   0.0477387
 0.000100756,   0.0482412
  0.00010076,   0.0482412
 0.000100764,   0.0472362
 0.000100768,   0.0462312
 0.000100772,   0.0467337
 0.000100776,   0.0467337
  0.00010078,   0.0467337
 0.000100784,   0.0457286
 0.000100788,   0.0452261
 0.000100792,   0.0452261
 0.000100796,   0.0452261
   0.0001008,   0.0447236
 0.000100804,   0.0437186
 0.000100808,   0.0437186
 0.000100812,   0.0442211
 0.000100816,   0.0442211
  0.00010082,   0.0427136
 0.000100824,   0.0422111
 0.000100828,   0.0422111
 0.000100832,   0.0427136
 0.000100836,   0.0422111
  0.00010084,    0.041206
 0.000100844,   0.0407035
 0.000100848,   0.0407035
 0.000100852,    0.041206
 0.000100856,    0.040201
  0.00010086,   0.0396985
 0.000100864,    0.039196
 0.000100868,   0.0396985
 0.000100872,   0.0396985
 0.000100876,   0.0386935
  0.00010088,   0.0376884
 0.000100884,   0.0376884
 0.000100888,    0.038191
 0.000100892,    0.038191
 0.000100896,   0.0366834
   0.0001009,   0.0361809
 0.000100904,   0.0366834
 0.000100908,   0.0366834
 0.000100912,   0.0356784
 0.000100916,   0.0351759
  0.00010092,   0.0351759
 0.000100924,   0.0351759
 0.000100928,   0.0351759
 0.000100932,   0.0341709
 0.000100936,   0.0336683
  0.00010094,   0.0336683
 0.000100944,   0.0341709
 0.000100948,   0.0336683
 0.000100952,   0.0331658
 0.000100956,   0.0326633
  0.00010096,   0.0321608
 0.000100964,   0.0326633
 0.000100968,   0.0321608
 0.000100972,   0.0311558
 0.000100976,   0.0311558
  0.00010098,   0.0316583
 0.000100984,   0.0316583
 0.000100988,   0.0306533
 0.000100992,   0.0301508
 0.000100996,   0.0301508
    0.000101,   0.0306533
 0.000101004,   0.0301508
 0.000101008,   0.0291457
 0.000101012,   0.0291457
 0.000101016,   0.0296482
  0.00010102,   0.0291457
 0.000101024,   0.0286432
 0.000101028,   0.0276382
 0.000101032,   0.0276382
 0.000101036,   0.0281407
  0.00010104,   0.0276382
 0.000101044,   0.0271357
 0.000101048,   0.0266332
 0.000101052,   0.0271357
 0.000101056,   0.0271357
  0.00010106,   0.0261307
 0.000101064,   0.0261307
 0.000101068,   0.0256281
 0.000101072,   0.0261307
 0.000101076,   0.0261307
  0.00010108,   0.0256281
 0.000101084,   0.0251256
 0.000101088,   0.0246231
 0.000101092,   0.0251256
 0.000101096,   0.0251256
   0.0001011,   0.0241206
 0.000101104,   0.0236181
 0.000101108,   0.0241206
 0.000101112,   0.0246231
 0.000101116,   0.0236181
  0.00010112,   0.0231156
 0.000101124,   0.0231156
 0.000101128,   0.0236181
 0.000101132,   0.0231156
 0.000101136,   0.0226131
  0.00010114,   0.0221106
 0.000101144,   0.0226131
 0.000101148,   0.0226131
 0.000101152,   0.0221106
 0.000101156,    0.021608
  0.00010116,    0.021608
 0.000101164,    0.021608
 0.000101168,    0.021608
 0.000101172,   0.0211055
 0.000101176,    0.020603
  0.00010118,    0.020603
 0.000101184,   0.0211055
 0.000101188,   0.0211055
 0.000101192,   0.0201005
 0.000101196,    0.019598
   0.0001012,   0.0201005
 0.000101204,    0.020603
 0.000101208,   0.0201005
 0.000101212,   0.0190955
 0.000101216,   0.0190955
  0.00010122,    0.019598
 0.000101224,    0.019598
 0.000101228,    0.018593
 0.000101232,    0.018593
 0.000101236,    0.018593
  0.00010124,   0.0190955
 0.000101244,    0.018593
 0.000101248,   0.0175879
 0.000101252,   0.0175879
 0.000101256,   0.0180905
  0.00010126,   0.0180905
 0.000101264,   0.0175879
 0.000101268,   0.0165829
 0.000101272,   0.0165829
 0.000101276,   0.0175879
  0.00010128,   0.0170854
 0.000101284,   0.0165829
 0.000101288,   0.0160804
 0.000101292,   0.0160804
 0.000101296,   0.0165829
   0.0001013,   0.0160804
 0.000101304,   0.0155779
 0.000101308,   0.0150754
 0.000101312,   0.0155779
 0.000101316,   0.0160804
  0.00010132,   0.0150754
 0.000101324,   0.0145729
 0.000101328,   0.0145729
 0.000101332,   0.0145729
 0.000101336,   0.0145729
  0.00010134,   0.0140704
 0.000101344,   0.0135678
 0.000101348,   0.0135678
 0.000101352,   0.0140704
 0.000101356,   0.0135678
  0.00010136,   0.0130653
 0.000101364,   0.0125628
 0.000101368,   0.0130653
 0.000101372,   0.0130653
 0.000101376,   0.0125628
  0.00010138,   0.0120603
 0.000101384,   0.0120603
 0.000101388,   0.0125628
 0.000101392,   0.0115578
 0.000101396,   0.0110553
   0.0001014,   0.0110553
 0.000101404,   0.0110553
 0.000101408,   0.0110553
 0.000101412,   0.0105528
 0.000101416,   0.0105528
  0.00010142,   0.0100503
 0.000101424,   0.0105528
 0.000101428,   0.0105528
 0.000101432,  0.00954774
 0.000101436,  0.00904523
  0.00010144,  0.00954774
 0.000101444,  0.00954774
 0.000101448,  0.00904523
 0.000101452,  0.00854271
 0.000101456,  0.00854271
  0.00010146,  0.00854271
 0.000101464,  0.00854271
 0.000101468,  0.00753769
 0.000101472,  0.00703518
 0.000101476,  0.00703518
  0.00010148,  0.00753769
 0.000101484,  0.00703518
 0.000101488,  0.00603015
 0.000101492,  0.00603015
 0.000101496,  0.00653266
   0.0001015,  0.00653266
 0.000101504,  0.00552764
 0.000101508,  0.00502513
 0.000101512,  0.00502513
 0.000101516,  0.00552764
  0.00010152,  0.00552764
 0.000101524,  0.00452261
 0.000101528,   0.0040201
 0.000101532,   0.0040201
 0.000101536,   0.0040201
  0.00010154,   0.0040201
 0.000101544,  0.00301508
 0.000101548,  0.00301508
 0.000101552,  0.00301508
 0.000101556,  0.00301508
  0.00010156,  0.00251256
 0.000101564,  0.00150754
 0.000101568,  0.00150754
 0.000101572,  0.00201005
 0.000101576,  0.00201005
  0.00010158,  0.00100503
 0.000101584, 0.000502513
 0.000101588, 0.000502513
 0.000101592,  0.00100503
 0.000101596,           0
   0.0001016,-0.000502513
 0.000101604,-0.000502513
 0.000101608,-0.000502513
 0.000101612,-0.000502513
 0.000101616, -0.00100503
  0.00010162, -0.00150754
 0.000101624, -0.00201005
 0.000101628, -0.00150754
 0.000101632, -0.00201005
 0.000101636, -0.00251256
  0.00010164, -0.00301508
 0.000101644, -0.00301508
 0.000101648, -0.00301508
 0.000101652, -0.00351759
 0.000101656,  -0.0040201
  0.00010166, -0.00452261
 0.000101664,  -0.0040201
 0.000101668,  -0.0040201
 0.000101672, -0.00452261
 0.000101676, -0.00552764
  0.00010168, -0.00552764
 0.000101684, -0.00502513
 0.000101688, -0.00552764
 0.000101692, -0.00603015
 0.000101696, -0.00653266
   0.0001017, -0.00653266
 0.000101704, -0.00653266
 0.000101708, -0.00703518
 0.000101712, -0.00753769
 0.000101716, -0.00753769
  0.00010172, -0.00703518
 0.000101724,  -0.0080402
 0.000101728, -0.00854271
 0.000101732, -0.00854271
 0.000101736, -0.00904523
  0.00010174, -0.00854271
 0.000101744, -0.00904523
 0.000101748, -0.00954774
 0.000101752, -0.00954774
 0.000101756, -0.00954774
  0.00010176, -0.00954774
 0.000101764,  -0.0105528
 0.000101768,  -0.0110553
 0.000101772,  -0.0110553
 0.000101776,  -0.0110553
  0.00010178,  -0.0110553
 0.000101784,  -0.0115578
 0.000101788,  -0.0125628
 0.000101792,  -0.0120603
 0.000101796,  -0.0120603
   0.0001018,  -0.0125628
 0.000101804,  -0.0130653
 0.000101808,  -0.0135678
 0.000101812,  -0.0130653
 0.000101816,  -0.0130653
  0.00010182,  -0.0140704
 0.000101824,  -0.0145729
 0.000101828,  -0.0145729
 0.000101832,  -0.0140704
 0.000101836,  -0.0145729
  0.00010184,  -0.0155779
 0.000101844,  -0.0155779
 0.000101848,  -0.0150754
 0.000101852,  -0.0150754
 0.000101856,  -0.0160804
  0.00010186,  -0.0165829
 0.000101864,  -0.0165829
 0.000101868,  -0.0160804
 0.000101872,  -0.0165829
 0.000101876,  -0.0175879
  0.00010188,  -0.0175879
 0.000101884,  -0.0170854
 0.000101888,  -0.0170854
 0.000101892,  -0.0175879
 0.000101896,  -0.0180905
   0.0001019,   -0.018593
 0.000101904,  -0.0180905
 0.000101908,  -0.0180905
 0.000101912,   -0.018593
 0.000101916,   -0.019598
  0.00010192,   -0.019598
 0.000101924,   -0.018593
 0.000101928,  -0.0190955
 0.000101932,  -0.0201005
 0.000101936,   -0.020603
  0.00010194,  -0.0201005
 0.000101944,   -0.019598
 0.000101948,   -0.020603
 0.000101952,  -0.0211055
 0.000101956,  -0.0211055
  0.00010196,  -0.0211055
 0.000101964,  -0.0211055
 0.000101968,   -0.021608
 0.000101972,  -0.0221106
 0.000101976,  -0.0221106
  0.00010198,   -0.021608
 0.000101984,   -0.021608
 0.000101988,  -0.0226131
 0.000101992,  -0.0231156
 0.000101996,  -0.0231156
    0.000102,  -0.0226131
 0.000102004,  -0.0231156
 0.000102008,  -0.0241206
 0.000102012,  -0.0241206
 0.000102016,  -0.0236181
  0.00010202,  -0.0236181
 0.000102024,  -0.0246231
 0.000102028,  -0.0246231
 0.000102032,  -0.0246231
 0.000102036,  -0.0241206
  0.00010204,  -0.0246231
 0.000102044,  -0.0256281
 0.000102048,  -0.0256281
 0.000102052,  -0.0251256
 0.000102056,  -0.0251256
  0.00010206,  -0.0261307
 0.000102064,  -0.0266332
 0.000102068,  -0.0266332
 0.000102072,  -0.0261307
 0.000102076,  -0.0261307
  0.00010208,  -0.0271357
 0.000102084,  -0.0276382
 0.000102088,  -0.0271357
 0.000102092,  -0.0266332
 0.000102096,  -0.0276382
   0.0001021,  -0.0281407
 0.000102104,  -0.0286432
 0.000102108,  -0.0276382
 0.000102112,  -0.0281407
 0.000102116,  -0.0286432
  0.00010212,  -0.0291457
 0.000102124,  -0.0291457
 0.000102128,  -0.0286432
 0.000102132,  -0.0291457
 0.000102136,  -0.0296482
  0.00010214,  -0.0301508
 0.000102144,  -0.0296482
 0.000102148,  -0.0296482
 0.000102152,  -0.0301508
 0.000102156,  -0.0306533
  0.00010216,  -0.0306533
 0.000102164,  -0.0301508
 0.000102168,  -0.0306533
 0.000102172,  -0.0311558
 0.000102176,  -0.0316583
  0.00010218,  -0.0316583
 0.000102184,  -0.0306533
 0.000102188,  -0.0316583
 0.000102192,  -0.0321608
 0.000102196,  -0.0326633
   0.0001022,  -0.0321608
 0.000102204,  -0.0321608
 0.000102208,  -0.0331658
 0.000102212,  -0.0331658
 0.000102216,  -0.0331658
  0.00010222,  -0.0326633
 0.000102224,  -0.0331658
 0.000102228,  -0.0336683
 0.000102232,  -0.0341709
 0.000102236,  -0.0341709
  0.00010224,  -0.0336683
 0.000102244,  -0.0341709
 0.000102248,  -0.0351759
 0.000102252,  -0.0351759
 0.000102256,  -0.0346734
  0.00010226,  -0.0346734
 0.000102264,  -0.0356784
 0.000102268,  -0.0361809
 0.000102272,  -0.0361809
 0.000102276,  -0.0356784
  0.00010228,  -0.0361809
 0.000102284,  -0.0366834
 0.000102288,  -0.0371859
 0.000102292,  -0.0366834
 0.000102296,  -0.0361809
   0.0001023,  -0.0371859
 0.000102304,  -0.0376884
 0.000102308,  -0.0376884
 0.000102312,  -0.0371859
 0.000102316,  -0.0371859
  0.00010232,   -0.038191
 0.000102324,  -0.0386935
 0.000102328,  -0.0386935
 0.000102332,   -0.038191
 0.000102336,  -0.0386935
  0.00010234,   -0.039196
 0.000102344,  -0.0396985
 0.000102348,  -0.0396985
 0.000102352,   -0.039196
 0.000102356,   -0.039196
  0.00010236,   -0.040201
 0.000102364,  -0.0407035
 0.000102368,   -0.040201
 0.000102372,   -0.040201
 0.000102376,  -0.0407035
  0.00010238,  -0.0417085
 0.000102384,   -0.041206
 0.000102388,  -0.0407035
 0.000102392,  -0.0417085
 0.000102396,  -0.0422111
   0.0001024,  -0.0422111
 0.000102404,  -0.0422111
 0.000102408,  -0.0422111
 0.000102412,  -0.0427136
 0.000102416,  -0.0432161
  0.00010242,  -0.0432161
 0.000102424,  -0.0427136
 0.000102428,  -0.0432161
 0.000102432,  -0.0437186
 0.000102436,  -0.0437186
  0.00010244,  -0.0442211
 0.000102444,  -0.0437186
 0.000102448,  -0.0437186
 0.000102452,  -0.0447236
 0.000102456,  -0.0452261
  0.00010246,  -0.0447236
 0.000102464,  -0.0447236
 0.000102468,  -0.0452261
 0.000102472,  -0.0457286
 0.000102476,  -0.0457286
  0.00010248,  -0.0452261
 0.000102484,  -0.0457286
 0.000102488,  -0.0462312
 0.000102492,  -0.0467337
 0.000102496,  -0.0467337
   0.0001025,  -0.0462312
 0.000102504,  -0.0467337
 0.000102508,  -0.0472362
 0.000102512,  -0.0472362
 0.000102516,  -0.0472362
  0.00010252,  -0.0472362
 0.000102524,  -0.0477387
 0.000102528,  -0.0482412
 0.000102532,  -0.0482412
 0.000102536,  -0.0477387
  0.00010254,  -0.0482412
 0.000102544,  -0.0487437
 0.000102548,  -0.0487437
 0.000102552,  -0.0487437
 0.000102556,  -0.0487437
  0.00010256,  -0.0492462
 0.000102564,  -0.0497487
 0.000102568,  -0.0497487
 0.000102572,  -0.0492462
 0.000102576,  -0.0492462
  0.00010258,  -0.0502513
 0.000102584,  -0.0507538
 0.000102588,  -0.0502513
 0.000102592,  -0.0497487
 0.000102596,  -0.0502513
   0.0001026,  -0.0512563
 0.000102604,  -0.0512563
 0.000102608,  -0.0507538
 0.000102612,  -0.0507538
 0.000102616,  -0.0512563
  0.00010262,  -0.0517588
 0.000102624,  -0.0517588
 0.000102628,  -0.0512563
 0.000102632,  -0.0517588
 0.000102636,  -0.0522613
  0.00010264,  -0.0522613
 0.000102644,  -0.0517588
 0.000102648,  -0.0517588
 0.000102652,  -0.0522613
 0.000102656,  -0.0532663
  0.00010266,  -0.0527638
 0.000102664,  -0.0522613
 0.000102668,  -0.0527638
 0.000102672,  -0.0532663
 0.000102676,  -0.0537688
  0.00010268,  -0.0532663
 0.000102684,  -0.0527638
 0.000102688,  -0.0532663
 0.000102692,  -0.0537688
 0.000102696,  -0.0542714
   0.0001027,  -0.0537688
 0.000102704,  -0.0537688
 0.000102708,  -0.0542714
 0.000102712,  -0.0542714
 0.000102716,  -0.0542714
  0.00010272,  -0.0537688
 0.000102724,  -0.0537688
 0.000102728,  -0.0547739
 0.000102732,  -0.0547739
 0.000102736,  -0.0547739
  0.00010274,  -0.0537688
 0.000102744,  -0.0542714
 0.000102748,  -0.0552764
 0.000102752,  -0.0547739
 0.000102756,  -0.0547739
  0.00010276,  -0.0542714
 0.000102764,  -0.0552764
 0.000102768,  -0.0552764
 0.000102772,  -0.0552764
 0.000102776,  -0.0547739
  0.00010278,  -0.0547739
 0.000102784,  -0.0557789
 0.000102788,  -0.0557789
 0.000102792,  -0.0552764
 0.000102796,  -0.0547739
   0.0001028,  -0.0557789
 0.000102804,  -0.0562814
 0.000102808,  -0.0557789
 0.000102812,  -0.0552764
 0.000102816,  -0.0552764
  0.00010282,  -0.0557789
 0.000102824,  -0.0557789
 0.000102828,  -0.0552764
 0.000102832,  -0.0552764
 0.000102836,  -0.0552764
  0.00010284,  -0.0557789
 0.000102844,  -0.0557789
 0.000102848,  -0.0552764
 0.000102852,  -0.0552764
 0.000102856,  -0.0557789
  0.00010286,  -0.0562814
 0.000102864,  -0.0562814
 0.000102868,  -0.0552764
 0.000102872,  -0.0552764
 0.000102876,  -0.0557789
  0.00010288,  -0.0562814
 0.000102884,  -0.0557789
 0.000102888,  -0.0552764
 0.000102892,  -0.0557789
 0.000102896,  -0.0562814
   0.0001029,  -0.0557789
 0.000102904,  -0.0552764
 0.000102908,  -0.0552764
 0.000102912,  -0.0557789
 0.000102916,  -0.0557789
  0.00010292,  -0.0557789
 0.000102924,  -0.0552764
 0.000102928,  -0.0552764
 0.000102932,  -0.0552764
 0.000102936,  -0.0557789
  0.00010294,  -0.0552764
 0.000102944,  -0.0547739
 0.000102948,  -0.0552764
 0.000102952,  -0.0552764
 0.000102956,  -0.0557789
  0.00010296,  -0.0547739
 0.000102964,  -0.0547739
 0.000102968,  -0.0552764
 0.000102972,  -0.0557789
 0.000102976,  -0.0552764
  0.00010298,  -0.0547739
 0.000102984,  -0.0542714
 0.000102988,  -0.0552764
 0.000102992,  -0.0552764
 0.000102996,  -0.0547739
    0.000103,  -0.0542714
 0.000103004,  -0.0547739
 0.000103008,  -0.0552764
 0.000103012,  -0.0547739
 0.000103016,  -0.0537688
  0.00010302,  -0.0537688
 0.000103024,  -0.0547739
 0.000103028,  -0.0547739
 0.000103032,  -0.0537688
 0.000103036,  -0.0532663
  0.00010304,  -0.0537688
 0.000103044,  -0.0542714
 0.000103048,  -0.0542714
 0.000103052,  -0.0537688
 0.000103056,  -0.0532663
  0.00010306,  -0.0532663
 0.000103064,  -0.0537688
 0.000103068,  -0.0542714
 0.000103072,  -0.0532663
 0.000103076,  -0.0527638
  0.00010308,  -0.0537688
 0.000103084,  -0.0537688
 0.000103088,  -0.0532663
 0.000103092,  -0.0522613
 0.000103096,  -0.0532663
   0.0001031,  -0.0532663
 0.000103104,  -0.0532663
 0.000103108,  -0.0522613
 0.000103112,  -0.0522613
 0.000103116,  -0.0527638
  0.00010312,  -0.0532663
 0.000103124,  -0.0522613
 0.000103128,  -0.0517588
 0.000103132,  -0.0522613
 0.000103136,  -0.0527638
  0.00010314,  -0.0522613
 0.000103144,  -0.0512563
 0.000103148,  -0.0512563
 0.000103152,  -0.0517588
 0.000103156,  -0.0517588
  0.00010316,  -0.0517588
 0.000103164,  -0.0512563
 0.000103168,  -0.0512563
 0.000103172,  -0.0517588
 0.000103176,  -0.0517588
  0.00010318,  -0.0512563
 0.000103184,  -0.0502513
 0.000103188,  -0.0507538
 0.000103192,  -0.0512563
 0.000103196,  -0.0512563
   0.0001032,  -0.0507538
 0.000103204,  -0.0502513
 0.000103208,  -0.0507538
 0.000103212,  -0.0512563
 0.000103216,  -0.0507538
  0.00010322,  -0.0497487
 0.000103224,  -0.0497487
 0.000103228,  -0.0502513
 0.000103232,  -0.0507538
 0.000103236,  -0.0497487
  0.00010324,  -0.0492462
 0.000103244,  -0.0497487
 0.000103248,  -0.0497487
 0.000103252,  -0.0497487
 0.000103256,  -0.0492462
  0.00010326,  -0.0487437
 0.000103264,  -0.0497487
 0.000103268,  -0.0492462
 0.000103272,  -0.0487437
 0.000103276,  -0.0482412
  0.00010328,  -0.0487437
 0.000103284,  -0.0487437
 0.000103288,  -0.0487437
 0.000103292,  -0.0482412
 0.000103296,  -0.0477387
   0.0001033,  -0.0482412
 0.000103304,  -0.0487437
 0.000103308,  -0.0482412
 0.000103312,  -0.0472362
 0.000103316,  -0.0472362
  0.00010332,  -0.0477387
 0.000103324,  -0.0482412
 0.000103328,  -0.0477387
 0.000103332,  -0.0467337
 0.000103336,  -0.0472362
  0.00010334,  -0.0477387
 0.000103344,  -0.0472362
 0.000103348,  -0.0467337
 0.000103352,  -0.0462312
 0.000103356,  -0.0467337
  0.00010336,  -0.0472362
 0.000103364,  -0.0467337
 0.000103368,  -0.0462312
 0.000103372,  -0.0457286
 0.000103376,  -0.0462312
  0.00010338,  -0.0467337
 0.000103384,  -0.0462312
 0.000103388,  -0.0457286
 0.000103392,  -0.0457286
 0.000103396,  -0.0462312
   0.0001034,  -0.0462312
 0.000103404,  -0.0452261
 0.000103408,  -0.0452261
 0.000103412,  -0.0457286
 0.000103416,  -0.0457286
  0.00010342,  -0.0452261
 0.000103424,  -0.0452261
 0.000103428,  -0.0447236
 0.000103432,  -0.0452261
 0.000103436,  -0.0452261
  0.00010344,  -0.0447236
 0.000103444,  -0.0442211
 0.000103448,  -0.0442211
 0.000103452,  -0.0447236
 0.000103456,  -0.0447236
  0.00010346,  -0.0442211
 0.000103464,  -0.0437186
 0.000103468,  -0.0442211
 0.000103472,  -0.0447236
 0.000103476,  -0.0442211
  0.00010348,  -0.0437186
 0.000103484,  -0.0437186
 0.000103488,  -0.0442211
 0.000103492,  -0.0442211
 0.000103496,  -0.0432161
   0.0001035,  -0.0432161
 0.000103504,  -0.0437186
 0.000103508,  -0.0437186
 0.000103512,  -0.0437186
 0.000103516,  -0.0427136
  0.00010352,  -0.0427136
 0.000103524,  -0.0432161
 0.000103528,  -0.0432161
 0.000103532,  -0.0432161
 0.000103536,  -0.0427136
  0.00010354,  -0.0422111
 0.000103544,  -0.0427136
 0.000103548,  -0.0432161
 0.000103552,  -0.0422111
 0.000103556,  -0.0422111
  0.00010356,  -0.0427136
 0.000103564,  -0.0432161
 0.000103568,  -0.0427136
 0.000103572,  -0.0422111
 0.000103576,  -0.0417085
  0.00010358,  -0.0427136
 0.000103584,  -0.0427136
 0.000103588,  -0.0417085
 0.000103592,  -0.0417085
 0.000103596,  -0.0417085
   0.0001036,  -0.0422111
 0.000103604,  -0.0422111
 0.000103608,   -0.041206
 0.000103612,   -0.041206
 0.000103616,  -0.0417085
  0.00010362,  -0.0422111
 0.000103624,  -0.0417085
 0.000103628,   -0.041206
 0.000103632,   -0.041206
 0.000103636,  -0.0417085
  0.00010364,  -0.0417085
 0.000103644,   -0.041206
 0.000103648,  -0.0407035
 0.000103652,   -0.041206
 0.000103656,  -0.0417085
  0.00010366,  -0.0417085
 0.000103664,   -0.041206
 0.000103668,  -0.0407035
 0.000103672,   -0.041206
 0.000103676,  -0.0417085
  0.00010368,   -0.041206
 0.000103684,  -0.0407035
 0.000103688,  -0.0407035
 0.000103692,   -0.041206
 0.000103696,   -0.041206
   0.0001037,  -0.0407035
 0.000103704,  -0.0407035
 0.000103708,   -0.041206
 0.000103712,   -0.041206
 0.000103716,   -0.041206
  0.00010372,  -0.0407035
 0.000103724,  -0.0407035
 0.000103728,   -0.041206
 0.000103732,   -0.041206
 0.000103736,  -0.0407035
  0.00010374,  -0.0407035
 0.000103744,  -0.0407035
 0.000103748,  -0.0407035
 0.000103752,  -0.0407035
 0.000103756,  -0.0407035
  0.00010376,   -0.040201
 0.000103764,  -0.0407035
 0.000103768,   -0.041206
 0.000103772,   -0.041206
 0.000103776,   -0.040201
  0.00010378,   -0.040201
 0.000103784,   -0.041206
 0.000103788,   -0.041206
 0.000103792,  -0.0407035
 0.000103796,   -0.040201
   0.0001038,  -0.0407035
 0.000103804,   -0.041206
 0.000103808,  -0.0407035
 0.000103812,   -0.040201
 0.000103816,  -0.0407035
  0.00010382,  -0.0407035
 0.000103824,   -0.041206
 0.000103828,  -0.0407035
 0.000103832,   -0.040201
 0.000103836,  -0.0407035
  0.00010384,   -0.041206
 0.000103844,   -0.041206
 0.000103848,  -0.0407035
 0.000103852,   -0.040201
 0.000103856,   -0.041206
  0.00010386,   -0.041206
 0.000103864,   -0.041206
 0.000103868,  -0.0407035
 0.000103872,  -0.0407035
 0.000103876,  -0.0417085
  0.00010388,   -0.041206
 0.000103884,  -0.0407035
 0.000103888,  -0.0407035
 0.000103892,   -0.041206
 0.000103896,  -0.0417085
   0.0001039,  -0.0417085
 0.000103904,   -0.041206
 0.000103908,  -0.0407035
 0.000103912,   -0.041206
 0.000103916,  -0.0417085
  0.00010392,  -0.0417085
 0.000103924,   -0.041206
 0.000103928,   -0.041206
 0.000103932,  -0.0417085
 0.000103936,  -0.0422111
  0.00010394,  -0.0417085
 0.000103944,   -0.041206
 0.000103948,  -0.0417085
 0.000103952,  -0.0422111
 0.000103956,  -0.0422111
  0.00010396,   -0.041206
 0.000103964,  -0.0417085
 0.000103968,  -0.0422111
 0.000103972,  -0.0422111
 0.000103976,  -0.0422111
  0.00010398,  -0.0417085
 0.000103984,  -0.0422111
 0.000103988,  -0.0427136
 0.000103992,  -0.0427136
 0.000103996,  -0.0422111
