     5.4E-05,  -0.0330653
  5.4004E-05,  -0.0330653
  5.4008E-05,  -0.0337688
  5.4012E-05,  -0.0337688
  5.4016E-05,  -0.0337688
   5.402E-05,  -0.0337688
  5.4024E-05,  -0.0337688
  5.4028E-05,  -0.0337688
  5.4032E-05,  -0.0344724
  5.4036E-05,  -0.0337688
   5.404E-05,  -0.0337688
  5.4044E-05,  -0.0344724
  5.4048E-05,  -0.0344724
  5.4052E-05,  -0.0344724
  5.4056E-05,  -0.0344724
   5.406E-05,  -0.0344724
  5.4064E-05,  -0.0351759
  5.4068E-05,  -0.0351759
  5.4072E-05,  -0.0351759
  5.4076E-05,  -0.0351759
   5.408E-05,  -0.0351759
  5.4084E-05,  -0.0351759
  5.4088E-05,  -0.0358794
  5.4092E-05,  -0.0358794
  5.4096E-05,  -0.0358794
    5.41E-05,  -0.0358794
  5.4104E-05,  -0.0358794
  5.4108E-05,  -0.0358794
  5.4112E-05,  -0.0358794
  5.4116E-05,  -0.0358794
   5.412E-05,  -0.0358794
  5.4124E-05,  -0.0365829
  5.4128E-05,  -0.0365829
  5.4132E-05,  -0.0365829
  5.4136E-05,  -0.0365829
   5.414E-05,  -0.0372864
  5.4144E-05,  -0.0372864
  5.4148E-05,  -0.0372864
  5.4152E-05,  -0.0372864
  5.4156E-05,  -0.0372864
   5.416E-05,  -0.0372864
  5.4164E-05,  -0.0372864
  5.4168E-05,  -0.0372864
  5.4172E-05,  -0.0372864
  5.4176E-05,  -0.0372864
   5.418E-05,  -0.0372864
  5.4184E-05,  -0.0379899
  5.4188E-05,  -0.0372864
  5.4192E-05,  -0.0372864
  5.4196E-05,  -0.0372864
    5.42E-05,  -0.0379899
  5.4204E-05,  -0.0379899
  5.4208E-05,  -0.0379899
  5.4212E-05,  -0.0386935
  5.4216E-05,  -0.0379899
   5.422E-05,  -0.0379899
  5.4224E-05,  -0.0386935
  5.4228E-05,  -0.0386935
  5.4232E-05,  -0.0386935
  5.4236E-05,  -0.0386935
   5.424E-05,  -0.0386935
  5.4244E-05,  -0.0386935
  5.4248E-05,  -0.0386935
  5.4252E-05,  -0.0386935
  5.4256E-05,  -0.0386935
   5.426E-05,   -0.039397
  5.4264E-05,  -0.0386935
  5.4268E-05,   -0.039397
  5.4272E-05,   -0.039397
  5.4276E-05,   -0.039397
   5.428E-05,   -0.039397
  5.4284E-05,   -0.039397
  5.4288E-05,   -0.039397
  5.4292E-05,   -0.039397
  5.4296E-05,   -0.039397
    5.43E-05,  -0.0401005
  5.4304E-05,  -0.0401005
  5.4308E-05,  -0.0401005
  5.4312E-05,  -0.0401005
  5.4316E-05,  -0.0401005
   5.432E-05,  -0.0401005
  5.4324E-05,  -0.0401005
  5.4328E-05,  -0.0401005
  5.4332E-05,  -0.0401005
  5.4336E-05,  -0.0401005
   5.434E-05,  -0.0401005
  5.4344E-05,  -0.0401005
  5.4348E-05,  -0.0401005
  5.4352E-05,  -0.0401005
  5.4356E-05,  -0.0401005
   5.436E-05,  -0.0401005
  5.4364E-05,  -0.0401005
  5.4368E-05,   -0.040804
  5.4372E-05,   -0.040804
  5.4376E-05,   -0.040804
   5.438E-05,   -0.040804
  5.4384E-05,   -0.040804
  5.4388E-05,   -0.040804
  5.4392E-05,   -0.040804
  5.4396E-05,   -0.040804
    5.44E-05,   -0.040804
  5.4404E-05,   -0.040804
  5.4408E-05,   -0.040804
  5.4412E-05,  -0.0415075
  5.4416E-05,   -0.040804
   5.442E-05,   -0.040804
  5.4424E-05,  -0.0415075
  5.4428E-05,  -0.0415075
  5.4432E-05,  -0.0415075
  5.4436E-05,  -0.0415075
   5.444E-05,  -0.0415075
  5.4444E-05,  -0.0415075
  5.4448E-05,  -0.0415075
  5.4452E-05,  -0.0415075
  5.4456E-05,  -0.0415075
   5.446E-05,  -0.0415075
  5.4464E-05,  -0.0415075
  5.4468E-05,  -0.0415075
  5.4472E-05,  -0.0415075
  5.4476E-05,  -0.0415075
   5.448E-05,  -0.0422111
  5.4484E-05,  -0.0415075
  5.4488E-05,  -0.0415075
  5.4492E-05,  -0.0422111
  5.4496E-05,  -0.0422111
    5.45E-05,  -0.0422111
  5.4504E-05,  -0.0415075
  5.4508E-05,  -0.0422111
  5.4512E-05,  -0.0422111
  5.4516E-05,  -0.0422111
   5.452E-05,  -0.0422111
  5.4524E-05,  -0.0422111
  5.4528E-05,  -0.0422111
  5.4532E-05,  -0.0422111
  5.4536E-05,  -0.0422111
   5.454E-05,  -0.0422111
  5.4544E-05,  -0.0422111
  5.4548E-05,  -0.0422111
  5.4552E-05,  -0.0422111
  5.4556E-05,  -0.0422111
   5.456E-05,  -0.0422111
  5.4564E-05,  -0.0422111
  5.4568E-05,  -0.0422111
  5.4572E-05,  -0.0422111
  5.4576E-05,  -0.0422111
   5.458E-05,  -0.0422111
  5.4584E-05,  -0.0422111
  5.4588E-05,  -0.0422111
  5.4592E-05,  -0.0422111
  5.4596E-05,  -0.0422111
    5.46E-05,  -0.0422111
  5.4604E-05,  -0.0422111
  5.4608E-05,  -0.0422111
  5.4612E-05,  -0.0422111
  5.4616E-05,  -0.0422111
   5.462E-05,  -0.0422111
  5.4624E-05,  -0.0422111
  5.4628E-05,  -0.0422111
  5.4632E-05,  -0.0422111
  5.4636E-05,  -0.0422111
   5.464E-05,  -0.0422111
  5.4644E-05,  -0.0422111
  5.4648E-05,  -0.0422111
  5.4652E-05,  -0.0422111
  5.4656E-05,  -0.0422111
   5.466E-05,  -0.0422111
  5.4664E-05,  -0.0422111
  5.4668E-05,  -0.0422111
  5.4672E-05,  -0.0422111
  5.4676E-05,  -0.0422111
   5.468E-05,  -0.0422111
  5.4684E-05,  -0.0422111
  5.4688E-05,  -0.0422111
  5.4692E-05,  -0.0422111
  5.4696E-05,  -0.0422111
    5.47E-05,  -0.0429146
  5.4704E-05,  -0.0422111
  5.4708E-05,  -0.0422111
  5.4712E-05,  -0.0422111
  5.4716E-05,  -0.0422111
   5.472E-05,  -0.0422111
  5.4724E-05,  -0.0422111
  5.4728E-05,  -0.0422111
  5.4732E-05,  -0.0422111
  5.4736E-05,  -0.0422111
   5.474E-05,  -0.0422111
  5.4744E-05,  -0.0422111
  5.4748E-05,  -0.0422111
  5.4752E-05,  -0.0415075
  5.4756E-05,  -0.0422111
   5.476E-05,  -0.0422111
  5.4764E-05,  -0.0422111
  5.4768E-05,  -0.0422111
  5.4772E-05,  -0.0415075
  5.4776E-05,  -0.0415075
   5.478E-05,  -0.0415075
  5.4784E-05,  -0.0422111
  5.4788E-05,  -0.0415075
  5.4792E-05,  -0.0415075
  5.4796E-05,  -0.0415075
    5.48E-05,  -0.0415075
  5.4804E-05,  -0.0415075
  5.4808E-05,  -0.0415075
  5.4812E-05,  -0.0415075
  5.4816E-05,  -0.0415075
   5.482E-05,  -0.0415075
  5.4824E-05,  -0.0415075
  5.4828E-05,  -0.0415075
  5.4832E-05,  -0.0415075
  5.4836E-05,  -0.0415075
   5.484E-05,  -0.0415075
  5.4844E-05,  -0.0415075
  5.4848E-05,  -0.0415075
  5.4852E-05,   -0.040804
  5.4856E-05,   -0.040804
   5.486E-05,  -0.0415075
  5.4864E-05,   -0.040804
  5.4868E-05,   -0.040804
  5.4872E-05,   -0.040804
  5.4876E-05,   -0.040804
   5.488E-05,   -0.040804
  5.4884E-05,   -0.040804
  5.4888E-05,   -0.040804
  5.4892E-05,   -0.040804
  5.4896E-05,   -0.040804
    5.49E-05,   -0.040804
  5.4904E-05,   -0.040804
  5.4908E-05,  -0.0401005
  5.4912E-05,  -0.0401005
  5.4916E-05,   -0.040804
   5.492E-05,   -0.040804
  5.4924E-05,  -0.0401005
  5.4928E-05,  -0.0401005
  5.4932E-05,  -0.0401005
  5.4936E-05,  -0.0401005
   5.494E-05,  -0.0401005
  5.4944E-05,  -0.0401005
  5.4948E-05,  -0.0401005
  5.4952E-05,   -0.039397
  5.4956E-05,  -0.0401005
   5.496E-05,  -0.0401005
  5.4964E-05,  -0.0401005
  5.4968E-05,  -0.0401005
  5.4972E-05,   -0.039397
  5.4976E-05,  -0.0401005
   5.498E-05,   -0.039397
  5.4984E-05,  -0.0401005
  5.4988E-05,   -0.039397
  5.4992E-05,   -0.039397
  5.4996E-05,   -0.039397
     5.5E-05,   -0.039397
  5.5004E-05,   -0.039397
  5.5008E-05,   -0.039397
  5.5012E-05,   -0.039397
  5.5016E-05,   -0.039397
   5.502E-05,   -0.039397
  5.5024E-05,   -0.039397
  5.5028E-05,   -0.039397
  5.5032E-05,  -0.0386935
  5.5036E-05,  -0.0386935
   5.504E-05,  -0.0386935
  5.5044E-05,  -0.0386935
  5.5048E-05,  -0.0386935
  5.5052E-05,  -0.0386935
  5.5056E-05,  -0.0386935
   5.506E-05,  -0.0386935
  5.5064E-05,  -0.0386935
  5.5068E-05,  -0.0386935
  5.5072E-05,  -0.0379899
  5.5076E-05,  -0.0379899
   5.508E-05,  -0.0379899
  5.5084E-05,  -0.0379899
  5.5088E-05,  -0.0379899
  5.5092E-05,  -0.0379899
  5.5096E-05,  -0.0379899
    5.51E-05,  -0.0379899
  5.5104E-05,  -0.0379899
  5.5108E-05,  -0.0379899
  5.5112E-05,  -0.0372864
  5.5116E-05,  -0.0379899
   5.512E-05,  -0.0372864
  5.5124E-05,  -0.0372864
  5.5128E-05,  -0.0372864
  5.5132E-05,  -0.0372864
  5.5136E-05,  -0.0372864
   5.514E-05,  -0.0372864
  5.5144E-05,  -0.0372864
  5.5148E-05,  -0.0365829
  5.5152E-05,  -0.0372864
  5.5156E-05,  -0.0372864
   5.516E-05,  -0.0365829
  5.5164E-05,  -0.0365829
  5.5168E-05,  -0.0365829
  5.5172E-05,  -0.0365829
  5.5176E-05,  -0.0365829
   5.518E-05,  -0.0365829
  5.5184E-05,  -0.0365829
  5.5188E-05,  -0.0365829
  5.5192E-05,  -0.0365829
  5.5196E-05,  -0.0365829
    5.52E-05,  -0.0358794
  5.5204E-05,  -0.0358794
  5.5208E-05,  -0.0358794
  5.5212E-05,  -0.0358794
  5.5216E-05,  -0.0358794
   5.522E-05,  -0.0358794
  5.5224E-05,  -0.0358794
  5.5228E-05,  -0.0358794
  5.5232E-05,  -0.0351759
  5.5236E-05,  -0.0351759
   5.524E-05,  -0.0351759
  5.5244E-05,  -0.0351759
  5.5248E-05,  -0.0351759
  5.5252E-05,  -0.0351759
  5.5256E-05,  -0.0351759
   5.526E-05,  -0.0351759
  5.5264E-05,  -0.0351759
  5.5268E-05,  -0.0351759
  5.5272E-05,  -0.0344724
  5.5276E-05,  -0.0344724
   5.528E-05,  -0.0344724
  5.5284E-05,  -0.0344724
  5.5288E-05,  -0.0344724
  5.5292E-05,  -0.0344724
  5.5296E-05,  -0.0344724
    5.53E-05,  -0.0337688
  5.5304E-05,  -0.0337688
  5.5308E-05,  -0.0337688
  5.5312E-05,  -0.0337688
  5.5316E-05,  -0.0337688
   5.532E-05,  -0.0337688
  5.5324E-05,  -0.0337688
  5.5328E-05,  -0.0337688
  5.5332E-05,  -0.0330653
  5.5336E-05,  -0.0330653
   5.534E-05,  -0.0330653
  5.5344E-05,  -0.0330653
  5.5348E-05,  -0.0330653
  5.5352E-05,  -0.0330653
  5.5356E-05,  -0.0330653
   5.536E-05,  -0.0330653
  5.5364E-05,  -0.0323618
  5.5368E-05,  -0.0323618
  5.5372E-05,  -0.0323618
  5.5376E-05,  -0.0323618
   5.538E-05,  -0.0323618
  5.5384E-05,  -0.0323618
  5.5388E-05,  -0.0316583
  5.5392E-05,  -0.0316583
  5.5396E-05,  -0.0316583
    5.54E-05,  -0.0316583
  5.5404E-05,  -0.0316583
  5.5408E-05,  -0.0316583
  5.5412E-05,  -0.0316583
  5.5416E-05,  -0.0316583
   5.542E-05,  -0.0309548
  5.5424E-05,  -0.0309548
  5.5428E-05,  -0.0309548
  5.5432E-05,  -0.0309548
  5.5436E-05,  -0.0302513
   5.544E-05,  -0.0309548
  5.5444E-05,  -0.0302513
  5.5448E-05,  -0.0302513
  5.5452E-05,  -0.0302513
  5.5456E-05,  -0.0302513
   5.546E-05,  -0.0302513
  5.5464E-05,  -0.0302513
  5.5468E-05,  -0.0302513
  5.5472E-05,  -0.0302513
  5.5476E-05,  -0.0302513
   5.548E-05,  -0.0295477
  5.5484E-05,  -0.0295477
  5.5488E-05,  -0.0295477
  5.5492E-05,  -0.0295477
  5.5496E-05,  -0.0288442
    5.55E-05,  -0.0295477
  5.5504E-05,  -0.0288442
  5.5508E-05,  -0.0288442
  5.5512E-05,  -0.0288442
  5.5516E-05,  -0.0288442
   5.552E-05,  -0.0288442
  5.5524E-05,  -0.0281407
  5.5528E-05,  -0.0281407
  5.5532E-05,  -0.0281407
  5.5536E-05,  -0.0281407
   5.554E-05,  -0.0281407
  5.5544E-05,  -0.0281407
  5.5548E-05,  -0.0281407
  5.5552E-05,  -0.0274372
  5.5556E-05,  -0.0281407
   5.556E-05,  -0.0274372
  5.5564E-05,  -0.0274372
  5.5568E-05,  -0.0274372
  5.5572E-05,  -0.0274372
  5.5576E-05,  -0.0274372
   5.558E-05,  -0.0267337
  5.5584E-05,  -0.0267337
  5.5588E-05,  -0.0267337
  5.5592E-05,  -0.0267337
  5.5596E-05,  -0.0267337
    5.56E-05,  -0.0267337
  5.5604E-05,  -0.0267337
  5.5608E-05,  -0.0260302
  5.5612E-05,  -0.0260302
  5.5616E-05,  -0.0260302
   5.562E-05,  -0.0253266
  5.5624E-05,  -0.0253266
  5.5628E-05,  -0.0260302
  5.5632E-05,  -0.0260302
  5.5636E-05,  -0.0253266
   5.564E-05,  -0.0253266
  5.5644E-05,  -0.0253266
  5.5648E-05,  -0.0253266
  5.5652E-05,  -0.0253266
  5.5656E-05,  -0.0246231
   5.566E-05,  -0.0253266
  5.5664E-05,  -0.0246231
  5.5668E-05,  -0.0246231
  5.5672E-05,  -0.0246231
  5.5676E-05,  -0.0246231
   5.568E-05,  -0.0239196
  5.5684E-05,  -0.0239196
  5.5688E-05,  -0.0239196
  5.5692E-05,  -0.0239196
  5.5696E-05,  -0.0239196
    5.57E-05,  -0.0239196
  5.5704E-05,  -0.0232161
  5.5708E-05,  -0.0232161
  5.5712E-05,  -0.0232161
  5.5716E-05,  -0.0232161
   5.572E-05,  -0.0225126
  5.5724E-05,  -0.0225126
  5.5728E-05,  -0.0225126
  5.5732E-05,  -0.0225126
  5.5736E-05,  -0.0225126
   5.574E-05,  -0.0225126
  5.5744E-05,  -0.0225126
  5.5748E-05,  -0.0225126
  5.5752E-05,   -0.021809
  5.5756E-05,   -0.021809
   5.576E-05,   -0.021809
  5.5764E-05,   -0.021809
  5.5768E-05,   -0.021809
  5.5772E-05,   -0.021809
  5.5776E-05,   -0.021809
   5.578E-05,  -0.0211055
  5.5784E-05,  -0.0211055
  5.5788E-05,  -0.0211055
  5.5792E-05,  -0.0211055
  5.5796E-05,  -0.0211055
    5.58E-05,  -0.0211055
  5.5804E-05,  -0.0211055
  5.5808E-05,   -0.020402
  5.5812E-05,   -0.020402
  5.5816E-05,   -0.020402
   5.582E-05,   -0.020402
  5.5824E-05,  -0.0196985
  5.5828E-05,  -0.0196985
  5.5832E-05,  -0.0196985
  5.5836E-05,  -0.0196985
   5.584E-05,  -0.0196985
  5.5844E-05,  -0.0196985
  5.5848E-05,  -0.0196985
  5.5852E-05,   -0.018995
  5.5856E-05,   -0.018995
   5.586E-05,   -0.018995
  5.5864E-05,   -0.018995
  5.5868E-05,   -0.018995
  5.5872E-05,   -0.018995
  5.5876E-05,   -0.018995
   5.588E-05,  -0.0182915
  5.5884E-05,  -0.0182915
  5.5888E-05,  -0.0182915
  5.5892E-05,  -0.0182915
  5.5896E-05,  -0.0182915
    5.59E-05,  -0.0182915
  5.5904E-05,  -0.0182915
  5.5908E-05,  -0.0182915
  5.5912E-05,  -0.0175879
  5.5916E-05,  -0.0175879
   5.592E-05,  -0.0175879
  5.5924E-05,  -0.0175879
  5.5928E-05,  -0.0175879
  5.5932E-05,  -0.0168844
  5.5936E-05,  -0.0168844
   5.594E-05,  -0.0168844
  5.5944E-05,  -0.0168844
  5.5948E-05,  -0.0168844
  5.5952E-05,  -0.0168844
  5.5956E-05,  -0.0161809
   5.596E-05,  -0.0161809
  5.5964E-05,  -0.0161809
  5.5968E-05,  -0.0161809
  5.5972E-05,  -0.0161809
  5.5976E-05,  -0.0161809
   5.598E-05,  -0.0154774
  5.5984E-05,  -0.0154774
  5.5988E-05,  -0.0154774
  5.5992E-05,  -0.0154774
  5.5996E-05,  -0.0154774
     5.6E-05,  -0.0154774
  5.6004E-05,  -0.0154774
  5.6008E-05,  -0.0154774
  5.6012E-05,  -0.0147739
  5.6016E-05,  -0.0147739
   5.602E-05,  -0.0147739
  5.6024E-05,  -0.0147739
  5.6028E-05,  -0.0147739
  5.6032E-05,  -0.0147739
  5.6036E-05,  -0.0147739
   5.604E-05,  -0.0147739
  5.6044E-05,  -0.0140704
  5.6048E-05,  -0.0140704
  5.6052E-05,  -0.0140704
  5.6056E-05,  -0.0140704
   5.606E-05,  -0.0140704
  5.6064E-05,  -0.0140704
  5.6068E-05,  -0.0140704
  5.6072E-05,  -0.0133668
  5.6076E-05,  -0.0133668
   5.608E-05,  -0.0133668
  5.6084E-05,  -0.0133668
  5.6088E-05,  -0.0126633
  5.6092E-05,  -0.0126633
  5.6096E-05,  -0.0126633
    5.61E-05,  -0.0126633
  5.6104E-05,  -0.0126633
  5.6108E-05,  -0.0126633
  5.6112E-05,  -0.0119598
  5.6116E-05,  -0.0119598
   5.612E-05,  -0.0119598
  5.6124E-05,  -0.0119598
  5.6128E-05,  -0.0119598
  5.6132E-05,  -0.0119598
  5.6136E-05,  -0.0119598
   5.614E-05,  -0.0112563
  5.6144E-05,  -0.0119598
  5.6148E-05,  -0.0112563
  5.6152E-05,  -0.0112563
  5.6156E-05,  -0.0112563
   5.616E-05,  -0.0105528
  5.6164E-05,  -0.0105528
  5.6168E-05,  -0.0105528
  5.6172E-05,  -0.0105528
  5.6176E-05,  -0.0105528
   5.618E-05,  -0.0105528
  5.6184E-05,  -0.0105528
  5.6188E-05,  -0.0105528
  5.6192E-05, -0.00984925
  5.6196E-05, -0.00984925
    5.62E-05, -0.00984925
  5.6204E-05, -0.00984925
  5.6208E-05, -0.00984925
  5.6212E-05, -0.00984925
  5.6216E-05, -0.00984925
   5.622E-05, -0.00914573
  5.6224E-05, -0.00914573
  5.6228E-05, -0.00914573
  5.6232E-05, -0.00914573
  5.6236E-05, -0.00914573
   5.624E-05, -0.00844221
  5.6244E-05, -0.00844221
  5.6248E-05, -0.00844221
  5.6252E-05, -0.00844221
  5.6256E-05, -0.00844221
   5.626E-05, -0.00844221
  5.6264E-05, -0.00844221
  5.6268E-05, -0.00844221
  5.6272E-05, -0.00844221
  5.6276E-05, -0.00773869
   5.628E-05, -0.00773869
  5.6284E-05, -0.00773869
  5.6288E-05, -0.00773869
  5.6292E-05, -0.00773869
  5.6296E-05, -0.00773869
    5.63E-05, -0.00773869
  5.6304E-05, -0.00703518
  5.6308E-05, -0.00703518
  5.6312E-05, -0.00703518
  5.6316E-05, -0.00703518
   5.632E-05, -0.00633166
  5.6324E-05, -0.00633166
  5.6328E-05, -0.00633166
  5.6332E-05, -0.00633166
  5.6336E-05, -0.00633166
   5.634E-05, -0.00633166
  5.6344E-05, -0.00633166
  5.6348E-05, -0.00562814
  5.6352E-05, -0.00562814
  5.6356E-05, -0.00562814
   5.636E-05, -0.00562814
  5.6364E-05, -0.00562814
  5.6368E-05, -0.00562814
  5.6372E-05, -0.00562814
  5.6376E-05, -0.00492462
   5.638E-05, -0.00492462
  5.6384E-05, -0.00492462
  5.6388E-05, -0.00492462
  5.6392E-05, -0.00492462
  5.6396E-05, -0.00422111
    5.64E-05, -0.00422111
  5.6404E-05, -0.00422111
  5.6408E-05, -0.00422111
  5.6412E-05, -0.00422111
  5.6416E-05, -0.00351759
   5.642E-05, -0.00351759
  5.6424E-05, -0.00351759
  5.6428E-05, -0.00351759
  5.6432E-05, -0.00351759
  5.6436E-05, -0.00351759
   5.644E-05, -0.00281407
  5.6444E-05, -0.00281407
  5.6448E-05, -0.00281407
  5.6452E-05, -0.00281407
  5.6456E-05, -0.00281407
   5.646E-05, -0.00281407
  5.6464E-05, -0.00211055
  5.6468E-05, -0.00211055
  5.6472E-05, -0.00211055
  5.6476E-05, -0.00211055
   5.648E-05, -0.00211055
  5.6484E-05, -0.00140704
  5.6488E-05, -0.00140704
  5.6492E-05, -0.00140704
  5.6496E-05, -0.00140704
    5.65E-05, -0.00140704
  5.6504E-05,-0.000703518
  5.6508E-05,-0.000703518
  5.6512E-05,-0.000703518
  5.6516E-05,-0.000703518
   5.652E-05,-0.000703518
  5.6524E-05,           0
  5.6528E-05,           0
  5.6532E-05,           0
  5.6536E-05,           0
   5.654E-05,           0
  5.6544E-05, 0.000703518
  5.6548E-05, 0.000703518
  5.6552E-05, 0.000703518
  5.6556E-05, 0.000703518
   5.656E-05, 0.000703518
  5.6564E-05,  0.00140704
  5.6568E-05,  0.00140704
  5.6572E-05,  0.00140704
  5.6576E-05,  0.00140704
   5.658E-05,  0.00211055
  5.6584E-05,  0.00211055
  5.6588E-05,  0.00211055
  5.6592E-05,  0.00211055
  5.6596E-05,  0.00211055
    5.66E-05,  0.00211055
  5.6604E-05,  0.00281407
  5.6608E-05,  0.00281407
  5.6612E-05,  0.00281407
  5.6616E-05,  0.00281407
   5.662E-05,  0.00351759
  5.6624E-05,  0.00351759
  5.6628E-05,  0.00351759
  5.6632E-05,  0.00351759
  5.6636E-05,  0.00351759
   5.664E-05,  0.00351759
  5.6644E-05,  0.00422111
  5.6648E-05,  0.00422111
  5.6652E-05,  0.00422111
  5.6656E-05,  0.00422111
   5.666E-05,  0.00492462
  5.6664E-05,  0.00492462
  5.6668E-05,  0.00492462
  5.6672E-05,  0.00562814
  5.6676E-05,  0.00562814
   5.668E-05,  0.00562814
  5.6684E-05,  0.00562814
  5.6688E-05,  0.00562814
  5.6692E-05,  0.00633166
  5.6696E-05,  0.00562814
    5.67E-05,  0.00633166
  5.6704E-05,  0.00633166
  5.6708E-05,  0.00633166
  5.6712E-05,  0.00703518
  5.6716E-05,  0.00703518
   5.672E-05,  0.00703518
  5.6724E-05,  0.00703518
  5.6728E-05,  0.00773869
  5.6732E-05,  0.00773869
  5.6736E-05,  0.00773869
   5.674E-05,  0.00773869
  5.6744E-05,  0.00773869
  5.6748E-05,  0.00844221
  5.6752E-05,  0.00844221
  5.6756E-05,  0.00844221
   5.676E-05,  0.00844221
  5.6764E-05,  0.00914573
  5.6768E-05,  0.00914573
  5.6772E-05,  0.00984925
  5.6776E-05,  0.00984925
   5.678E-05,  0.00984925
  5.6784E-05,  0.00984925
  5.6788E-05,  0.00984925
  5.6792E-05,   0.0105528
  5.6796E-05,   0.0105528
    5.68E-05,   0.0105528
  5.6804E-05,   0.0112563
  5.6808E-05,   0.0112563
  5.6812E-05,   0.0112563
  5.6816E-05,   0.0119598
   5.682E-05,   0.0119598
  5.6824E-05,   0.0119598
  5.6828E-05,   0.0119598
  5.6832E-05,   0.0126633
  5.6836E-05,   0.0126633
   5.684E-05,   0.0126633
  5.6844E-05,   0.0133668
  5.6848E-05,   0.0133668
  5.6852E-05,   0.0140704
  5.6856E-05,   0.0140704
   5.686E-05,   0.0140704
  5.6864E-05,   0.0140704
  5.6868E-05,   0.0140704
  5.6872E-05,   0.0147739
  5.6876E-05,   0.0147739
   5.688E-05,   0.0147739
  5.6884E-05,   0.0147739
  5.6888E-05,   0.0154774
  5.6892E-05,   0.0154774
  5.6896E-05,   0.0154774
    5.69E-05,   0.0154774
  5.6904E-05,   0.0161809
  5.6908E-05,   0.0161809
  5.6912E-05,   0.0161809
  5.6916E-05,   0.0168844
   5.692E-05,   0.0168844
  5.6924E-05,   0.0175879
  5.6928E-05,   0.0175879
  5.6932E-05,   0.0175879
  5.6936E-05,   0.0182915
   5.694E-05,   0.0182915
  5.6944E-05,   0.0182915
  5.6948E-05,   0.0182915
  5.6952E-05,    0.018995
  5.6956E-05,    0.018995
   5.696E-05,   0.0196985
  5.6964E-05,   0.0196985
  5.6968E-05,   0.0196985
  5.6972E-05,   0.0196985
  5.6976E-05,    0.020402
   5.698E-05,    0.020402
  5.6984E-05,    0.020402
  5.6988E-05,    0.020402
  5.6992E-05,   0.0211055
  5.6996E-05,   0.0211055
     5.7E-05,   0.0211055
  5.7004E-05,   0.0211055
  5.7008E-05,    0.021809
  5.7012E-05,    0.021809
  5.7016E-05,    0.021809
   5.702E-05,   0.0225126
  5.7024E-05,   0.0225126
  5.7028E-05,   0.0225126
  5.7032E-05,   0.0232161
  5.7036E-05,   0.0232161
   5.704E-05,   0.0232161
  5.7044E-05,   0.0232161
  5.7048E-05,   0.0239196
  5.7052E-05,   0.0239196
  5.7056E-05,   0.0239196
   5.706E-05,   0.0239196
  5.7064E-05,   0.0239196
  5.7068E-05,   0.0246231
  5.7072E-05,   0.0246231
  5.7076E-05,   0.0246231
   5.708E-05,   0.0246231
  5.7084E-05,   0.0246231
  5.7088E-05,   0.0253266
  5.7092E-05,   0.0253266
  5.7096E-05,   0.0253266
    5.71E-05,   0.0253266
  5.7104E-05,   0.0253266
  5.7108E-05,   0.0253266
  5.7112E-05,   0.0260302
  5.7116E-05,   0.0260302
   5.712E-05,   0.0260302
  5.7124E-05,   0.0260302
  5.7128E-05,   0.0267337
  5.7132E-05,   0.0267337
  5.7136E-05,   0.0267337
   5.714E-05,   0.0260302
  5.7144E-05,   0.0267337
  5.7148E-05,   0.0267337
  5.7152E-05,   0.0267337
  5.7156E-05,   0.0267337
   5.716E-05,   0.0267337
  5.7164E-05,   0.0267337
  5.7168E-05,   0.0267337
  5.7172E-05,   0.0267337
  5.7176E-05,   0.0274372
   5.718E-05,   0.0274372
  5.7184E-05,   0.0274372
  5.7188E-05,   0.0274372
  5.7192E-05,   0.0274372
  5.7196E-05,   0.0274372
    5.72E-05,   0.0274372
  5.7204E-05,   0.0274372
  5.7208E-05,   0.0274372
  5.7212E-05,   0.0274372
  5.7216E-05,   0.0267337
   5.722E-05,   0.0267337
  5.7224E-05,   0.0267337
  5.7228E-05,   0.0267337
  5.7232E-05,   0.0267337
  5.7236E-05,   0.0267337
   5.724E-05,   0.0267337
  5.7244E-05,   0.0267337
  5.7248E-05,   0.0267337
  5.7252E-05,   0.0260302
  5.7256E-05,   0.0260302
   5.726E-05,   0.0260302
  5.7264E-05,   0.0260302
  5.7268E-05,   0.0260302
  5.7272E-05,   0.0260302
  5.7276E-05,   0.0253266
   5.728E-05,   0.0253266
  5.7284E-05,   0.0253266
  5.7288E-05,   0.0246231
  5.7292E-05,   0.0246231
  5.7296E-05,   0.0246231
    5.73E-05,   0.0239196
  5.7304E-05,   0.0239196
  5.7308E-05,   0.0239196
  5.7312E-05,   0.0232161
  5.7316E-05,   0.0232161
   5.732E-05,   0.0232161
  5.7324E-05,   0.0225126
  5.7328E-05,    0.021809
  5.7332E-05,    0.021809
  5.7336E-05,    0.021809
   5.734E-05,   0.0211055
  5.7344E-05,   0.0211055
  5.7348E-05,    0.020402
  5.7352E-05,    0.020402
  5.7356E-05,   0.0196985
   5.736E-05,   0.0196985
  5.7364E-05,    0.018995
  5.7368E-05,   0.0182915
  5.7372E-05,   0.0182915
  5.7376E-05,   0.0175879
   5.738E-05,   0.0168844
  5.7384E-05,   0.0168844
  5.7388E-05,   0.0161809
  5.7392E-05,   0.0154774
  5.7396E-05,   0.0147739
    5.74E-05,   0.0147739
  5.7404E-05,   0.0133668
  5.7408E-05,   0.0126633
  5.7412E-05,   0.0126633
  5.7416E-05,   0.0119598
   5.742E-05,   0.0112563
  5.7424E-05,   0.0105528
  5.7428E-05,   0.0105528
  5.7432E-05,  0.00984925
  5.7436E-05,  0.00844221
   5.744E-05,  0.00844221
  5.7444E-05,  0.00773869
  5.7448E-05,  0.00703518
  5.7452E-05,  0.00633166
  5.7456E-05,  0.00562814
   5.746E-05,  0.00492462
  5.7464E-05,  0.00351759
  5.7468E-05,  0.00281407
  5.7472E-05,  0.00211055
  5.7476E-05,  0.00140704
   5.748E-05,           0
  5.7484E-05,-0.000703518
  5.7488E-05, -0.00140704
  5.7492E-05, -0.00281407
  5.7496E-05, -0.00351759
    5.75E-05, -0.00351759
  5.7504E-05, -0.00422111
  5.7508E-05, -0.00562814
  5.7512E-05, -0.00633166
  5.7516E-05, -0.00633166
   5.752E-05, -0.00773869
  5.7524E-05, -0.00914573
  5.7528E-05,  -0.0105528
  5.7532E-05,  -0.0119598
  5.7536E-05,  -0.0112563
   5.754E-05,  -0.0105528
  5.7544E-05,  -0.0105528
  5.7548E-05, -0.00914573
  5.7552E-05, -0.00633166
  5.7556E-05, -0.00703518
   5.756E-05, -0.00422111
  5.7564E-05, -0.00211055
  5.7568E-05, -0.00773869
  5.7572E-05,  -0.0175879
  5.7576E-05,  -0.0175879
   5.758E-05,   -0.021809
  5.7584E-05,  -0.0330653
  5.7588E-05,  -0.0386935
  5.7592E-05,  -0.0436181
  5.7596E-05,  -0.0485427
    5.76E-05,  -0.0401005
  5.7604E-05,  -0.0379899
  5.7608E-05,  -0.0478392
  5.7612E-05,   -0.040804
  5.7616E-05,  -0.0239196
   5.762E-05,  -0.0379899
  5.7624E-05,  -0.0534673
  5.7628E-05,  -0.0302513
  5.7632E-05,  -0.0140704
  5.7636E-05,  -0.0365829
   5.764E-05,  -0.0492462
  5.7644E-05,  -0.0302513
  5.7648E-05,  -0.0302513
  5.7652E-05,  -0.0576884
  5.7656E-05,  -0.0640201
   5.766E-05,  -0.0457286
  5.7664E-05,  -0.0506533
  5.7668E-05,  -0.0773869
  5.7672E-05,  -0.0759799
  5.7676E-05,  -0.0541709
   5.768E-05,  -0.0562814
  5.7684E-05,  -0.0675377
  5.7688E-05,  -0.0541709
  5.7692E-05,  -0.0422111
  5.7696E-05,  -0.0513568
    5.77E-05,   -0.058392
  5.7704E-05,  -0.0555779
  5.7708E-05,  -0.0569849
  5.7712E-05,  -0.0626131
  5.7716E-05,  -0.0668342
   5.772E-05,  -0.0752764
  5.7724E-05,   -0.078794
  5.7728E-05,  -0.0780905
  5.7732E-05,  -0.0851256
  5.7736E-05,  -0.0935678
   5.774E-05,  -0.0872362
  5.7744E-05,   -0.081608
  5.7748E-05,  -0.0872362
  5.7752E-05,  -0.0872362
  5.7756E-05,   -0.080201
   5.776E-05,  -0.0809045
  5.7764E-05,  -0.0865327
  5.7768E-05,  -0.0872362
  5.7772E-05,  -0.0858291
  5.7776E-05,  -0.0886432
   5.778E-05,  -0.0935678
  5.7784E-05,  -0.0970854
  5.7788E-05,  -0.0984925
  5.7792E-05,   -0.100603
  5.7796E-05,   -0.104824
    5.78E-05,   -0.106231
  5.7804E-05,   -0.106935
  5.7808E-05,   -0.109749
  5.7812E-05,   -0.112563
  5.7816E-05,   -0.113266
   5.782E-05,   -0.113266
  5.7824E-05,   -0.114673
  5.7828E-05,   -0.114673
  5.7832E-05,    -0.11397
  5.7836E-05,   -0.115377
   5.784E-05,   -0.116784
  5.7844E-05,   -0.118191
  5.7848E-05,   -0.120302
  5.7852E-05,   -0.123116
  5.7856E-05,   -0.125226
   5.786E-05,   -0.127337
  5.7864E-05,   -0.128744
  5.7868E-05,    -0.12804
  5.7872E-05,    -0.12804
  5.7876E-05,   -0.127337
   5.788E-05,   -0.125226
  5.7884E-05,   -0.123116
  5.7888E-05,   -0.121005
  5.7892E-05,   -0.119598
  5.7896E-05,   -0.118894
    5.79E-05,   -0.118894
  5.7904E-05,   -0.120302
  5.7908E-05,   -0.121709
  5.7912E-05,   -0.123819
  5.7916E-05,    -0.12593
   5.792E-05,    -0.12804
  5.7924E-05,   -0.130854
  5.7928E-05,   -0.132261
  5.7932E-05,   -0.133668
  5.7936E-05,   -0.136482
   5.794E-05,   -0.138593
  5.7944E-05,   -0.139296
  5.7948E-05,       -0.14
  5.7952E-05,   -0.140704
  5.7956E-05,   -0.141407
   5.796E-05,   -0.140704
  5.7964E-05,       -0.14
  5.7968E-05,       -0.14
  5.7972E-05,   -0.140704
  5.7976E-05,       -0.14
   5.798E-05,   -0.139296
  5.7984E-05,   -0.141407
  5.7988E-05,   -0.143518
  5.7992E-05,   -0.144925
  5.7996E-05,   -0.147035
     5.8E-05,   -0.150553
  5.8004E-05,   -0.152663
  5.8008E-05,    -0.15407
  5.8012E-05,   -0.154774
  5.8016E-05,   -0.154774
   5.802E-05,    -0.15407
  5.8024E-05,   -0.152663
  5.8028E-05,   -0.150553
  5.8032E-05,   -0.147739
  5.8036E-05,   -0.145628
   5.804E-05,   -0.142814
  5.8044E-05,   -0.140704
  5.8048E-05,       -0.14
  5.8052E-05,       -0.14
  5.8056E-05,       -0.14
   5.806E-05,   -0.141407
  5.8064E-05,   -0.142814
  5.8068E-05,   -0.144925
  5.8072E-05,   -0.147035
  5.8076E-05,   -0.148442
   5.808E-05,   -0.149146
  5.8084E-05,   -0.149849
  5.8088E-05,   -0.149849
  5.8092E-05,   -0.149146
  5.8096E-05,   -0.147035
    5.81E-05,   -0.144925
  5.8104E-05,   -0.142814
  5.8108E-05,   -0.140704
  5.8112E-05,   -0.138593
  5.8116E-05,   -0.136482
   5.812E-05,   -0.135779
  5.8124E-05,   -0.135779
  5.8128E-05,   -0.135779
  5.8132E-05,   -0.137186
  5.8136E-05,   -0.139296
   5.814E-05,   -0.140704
  5.8144E-05,   -0.142111
  5.8148E-05,   -0.143518
  5.8152E-05,   -0.144221
  5.8156E-05,   -0.144221
   5.816E-05,   -0.142814
  5.8164E-05,   -0.141407
  5.8168E-05,   -0.139296
  5.8172E-05,   -0.136482
  5.8176E-05,   -0.133668
   5.818E-05,   -0.130854
  5.8184E-05,   -0.128744
  5.8188E-05,   -0.127337
  5.8192E-05,    -0.12593
  5.8196E-05,    -0.12593
    5.82E-05,    -0.12593
  5.8204E-05,   -0.126633
  5.8208E-05,    -0.12804
  5.8212E-05,   -0.128744
  5.8216E-05,   -0.128744
   5.822E-05,   -0.128744
  5.8224E-05,   -0.128744
  5.8228E-05,   -0.126633
  5.8232E-05,   -0.124523
  5.8236E-05,   -0.121709
   5.824E-05,   -0.118894
  5.8244E-05,   -0.115377
  5.8248E-05,   -0.112563
  5.8252E-05,   -0.109749
  5.8256E-05,   -0.107638
   5.826E-05,   -0.105528
  5.8264E-05,   -0.104824
  5.8268E-05,   -0.104121
  5.8272E-05,   -0.103417
  5.8276E-05,   -0.103417
   5.828E-05,   -0.103417
  5.8284E-05,   -0.102714
  5.8288E-05,    -0.10201
  5.8292E-05,   -0.100603
  5.8296E-05,   -0.099196
    5.83E-05,  -0.0963819
  5.8304E-05,  -0.0942714
  5.8308E-05,  -0.0907538
  5.8312E-05,  -0.0879397
  5.8316E-05,  -0.0844221
   5.832E-05,   -0.081608
  5.8324E-05,  -0.0794975
  5.8328E-05,  -0.0773869
  5.8332E-05,  -0.0759799
  5.8336E-05,  -0.0752764
   5.834E-05,  -0.0745729
  5.8344E-05,  -0.0738693
  5.8348E-05,  -0.0731658
  5.8352E-05,  -0.0731658
  5.8356E-05,  -0.0717588
   5.836E-05,  -0.0703518
  5.8364E-05,  -0.0689447
  5.8368E-05,  -0.0668342
  5.8372E-05,  -0.0640201
  5.8376E-05,  -0.0605025
   5.838E-05,   -0.058392
  5.8384E-05,  -0.0555779
  5.8388E-05,  -0.0527638
  5.8392E-05,  -0.0506533
  5.8396E-05,  -0.0492462
    5.84E-05,  -0.0471357
  5.8404E-05,  -0.0457286
  5.8408E-05,  -0.0443216
  5.8412E-05,  -0.0436181
  5.8416E-05,  -0.0422111
   5.842E-05,   -0.040804
  5.8424E-05,   -0.039397
  5.8428E-05,  -0.0379899
  5.8432E-05,  -0.0358794
  5.8436E-05,  -0.0330653
   5.844E-05,  -0.0309548
  5.8444E-05,  -0.0281407
  5.8448E-05,  -0.0253266
  5.8452E-05,  -0.0225126
  5.8456E-05,   -0.020402
   5.846E-05,  -0.0175879
  5.8464E-05,  -0.0154774
  5.8468E-05,  -0.0133668
  5.8472E-05,  -0.0119598
  5.8476E-05, -0.00984925
   5.848E-05, -0.00844221
  5.8484E-05, -0.00703518
  5.8488E-05, -0.00562814
  5.8492E-05, -0.00351759
  5.8496E-05, -0.00211055
    5.85E-05,           0
  5.8504E-05,  0.00211055
  5.8508E-05,  0.00422111
  5.8512E-05,  0.00703518
  5.8516E-05,  0.00914573
   5.852E-05,   0.0119598
  5.8524E-05,   0.0140704
  5.8528E-05,   0.0161809
  5.8532E-05,   0.0182915
  5.8536E-05,    0.020402
   5.854E-05,   0.0225126
  5.8544E-05,   0.0246231
  5.8548E-05,   0.0260302
  5.8552E-05,   0.0274372
  5.8556E-05,   0.0288442
   5.856E-05,   0.0309548
  5.8564E-05,   0.0323618
  5.8568E-05,   0.0337688
  5.8572E-05,   0.0351759
  5.8576E-05,   0.0372864
   5.858E-05,   0.0386935
  5.8584E-05,    0.040804
  5.8588E-05,   0.0429146
  5.8592E-05,   0.0450251
  5.8596E-05,   0.0471357
    5.86E-05,   0.0492462
  5.8604E-05,   0.0513568
  5.8608E-05,   0.0534673
  5.8612E-05,   0.0555779
  5.8616E-05,   0.0576884
   5.862E-05,   0.0590955
  5.8624E-05,   0.0605025
  5.8628E-05,    0.061206
  5.8632E-05,   0.0626131
  5.8636E-05,   0.0640201
   5.864E-05,   0.0647236
  5.8644E-05,   0.0668342
  5.8648E-05,   0.0682412
  5.8652E-05,   0.0696482
  5.8656E-05,   0.0717588
   5.866E-05,   0.0738693
  5.8664E-05,   0.0752764
  5.8668E-05,   0.0773869
  5.8672E-05,   0.0794975
  5.8676E-05,   0.0809045
   5.868E-05,   0.0830151
  5.8684E-05,   0.0844221
  5.8688E-05,   0.0851256
  5.8692E-05,   0.0865327
  5.8696E-05,   0.0872362
    5.87E-05,   0.0879397
  5.8704E-05,   0.0893467
  5.8708E-05,   0.0900503
  5.8712E-05,   0.0907538
  5.8716E-05,   0.0914573
   5.872E-05,   0.0928643
  5.8724E-05,   0.0935678
  5.8728E-05,   0.0949749
  5.8732E-05,   0.0956784
  5.8736E-05,   0.0970854
   5.874E-05,   0.0984925
  5.8744E-05,   0.0998995
  5.8748E-05,    0.100603
  5.8752E-05,    0.101307
  5.8756E-05,     0.10201
   5.876E-05,    0.102714
  5.8764E-05,    0.103417
  5.8768E-05,    0.103417
  5.8772E-05,    0.103417
  5.8776E-05,    0.104121
   5.878E-05,    0.104121
  5.8784E-05,    0.104121
  5.8788E-05,    0.104824
  5.8792E-05,    0.105528
  5.8796E-05,    0.106231
    5.88E-05,    0.106935
  5.8804E-05,    0.107638
  5.8808E-05,    0.108342
  5.8812E-05,    0.109045
  5.8816E-05,    0.109749
   5.882E-05,    0.109749
  5.8824E-05,    0.109749
  5.8828E-05,    0.110452
  5.8832E-05,    0.110452
  5.8836E-05,    0.110452
   5.884E-05,    0.110452
  5.8844E-05,    0.110452
  5.8848E-05,    0.110452
  5.8852E-05,    0.110452
  5.8856E-05,    0.110452
   5.886E-05,    0.110452
  5.8864E-05,    0.110452
  5.8868E-05,    0.110452
  5.8872E-05,    0.110452
  5.8876E-05,    0.110452
   5.888E-05,    0.111156
  5.8884E-05,    0.111156
  5.8888E-05,    0.111156
  5.8892E-05,    0.110452
  5.8896E-05,    0.110452
    5.89E-05,    0.110452
  5.8904E-05,    0.109749
  5.8908E-05,    0.109045
  5.8912E-05,    0.109045
  5.8916E-05,    0.108342
   5.892E-05,    0.107638
  5.8924E-05,    0.106935
  5.8928E-05,    0.106231
  5.8932E-05,    0.106231
  5.8936E-05,    0.105528
   5.894E-05,    0.104824
  5.8944E-05,    0.104121
  5.8948E-05,    0.103417
  5.8952E-05,    0.103417
  5.8956E-05,    0.102714
   5.896E-05,     0.10201
  5.8964E-05,    0.101307
  5.8968E-05,   0.0998995
  5.8972E-05,    0.099196
  5.8976E-05,   0.0984925
   5.898E-05,   0.0970854
  5.8984E-05,   0.0963819
  5.8988E-05,   0.0949749
  5.8992E-05,   0.0942714
  5.8996E-05,   0.0928643
     5.9E-05,   0.0921608
  5.9004E-05,   0.0914573
  5.9008E-05,   0.0900503
  5.9012E-05,   0.0893467
  5.9016E-05,   0.0886432
   5.902E-05,   0.0872362
  5.9024E-05,   0.0865327
  5.9028E-05,   0.0858291
  5.9032E-05,   0.0844221
  5.9036E-05,   0.0830151
   5.904E-05,    0.081608
  5.9044E-05,    0.080201
  5.9048E-05,   0.0794975
  5.9052E-05,   0.0773869
  5.9056E-05,   0.0759799
   5.906E-05,   0.0745729
  5.9064E-05,   0.0724623
  5.9068E-05,   0.0710553
  5.9072E-05,   0.0696482
  5.9076E-05,   0.0682412
   5.908E-05,   0.0668342
  5.9084E-05,   0.0654271
  5.9088E-05,   0.0640201
  5.9092E-05,   0.0626131
  5.9096E-05,    0.061206
    5.91E-05,    0.059799
  5.9104E-05,    0.058392
  5.9108E-05,   0.0562814
  5.9112E-05,   0.0548744
  5.9116E-05,   0.0527638
   5.912E-05,   0.0506533
  5.9124E-05,   0.0485427
  5.9128E-05,   0.0464322
  5.9132E-05,   0.0450251
  5.9136E-05,   0.0429146
   5.914E-05,    0.040804
  5.9144E-05,    0.039397
  5.9148E-05,   0.0379899
  5.9152E-05,   0.0365829
  5.9156E-05,   0.0344724
   5.916E-05,   0.0330653
  5.9164E-05,   0.0309548
  5.9168E-05,   0.0295477
  5.9172E-05,   0.0274372
  5.9176E-05,   0.0260302
   5.918E-05,   0.0239196
  5.9184E-05,    0.021809
  5.9188E-05,   0.0196985
  5.9192E-05,   0.0175879
  5.9196E-05,   0.0161809
    5.92E-05,   0.0140704
  5.9204E-05,   0.0112563
  5.9208E-05,  0.00984925
  5.9212E-05,  0.00844221
  5.9216E-05,  0.00633166
   5.922E-05,  0.00422111
  5.9224E-05,  0.00211055
  5.9228E-05, 0.000703518
  5.9232E-05,-0.000703518
  5.9236E-05, -0.00281407
   5.924E-05, -0.00492462
  5.9244E-05, -0.00703518
  5.9248E-05, -0.00914573
  5.9252E-05,  -0.0105528
  5.9256E-05,  -0.0126633
   5.926E-05,  -0.0154774
  5.9264E-05,  -0.0182915
  5.9268E-05,  -0.0196985
  5.9272E-05,   -0.021809
  5.9276E-05,  -0.0239196
   5.928E-05,  -0.0260302
  5.9284E-05,  -0.0281407
  5.9288E-05,  -0.0302513
  5.9292E-05,  -0.0316583
  5.9296E-05,  -0.0330653
    5.93E-05,  -0.0351759
  5.9304E-05,  -0.0372864
  5.9308E-05,   -0.039397
  5.9312E-05,   -0.040804
  5.9316E-05,  -0.0436181
   5.932E-05,  -0.0457286
  5.9324E-05,  -0.0478392
  5.9328E-05,  -0.0499497
  5.9332E-05,  -0.0520603
  5.9336E-05,  -0.0541709
   5.934E-05,  -0.0562814
  5.9344E-05,   -0.058392
  5.9348E-05,   -0.059799
  5.9352E-05,  -0.0619095
  5.9356E-05,  -0.0633166
   5.936E-05,  -0.0654271
  5.9364E-05,  -0.0675377
  5.9368E-05,  -0.0696482
  5.9372E-05,  -0.0710553
  5.9376E-05,  -0.0731658
   5.938E-05,  -0.0759799
  5.9384E-05,  -0.0773869
  5.9388E-05,   -0.078794
  5.9392E-05,   -0.081608
  5.9396E-05,  -0.0837186
    5.94E-05,  -0.0851256
  5.9404E-05,  -0.0865327
  5.9408E-05,  -0.0886432
  5.9412E-05,  -0.0900503
  5.9416E-05,  -0.0921608
   5.942E-05,  -0.0935678
  5.9424E-05,  -0.0956784
  5.9428E-05,  -0.0970854
  5.9432E-05,  -0.0984925
  5.9436E-05,   -0.100603
   5.944E-05,    -0.10201
  5.9444E-05,   -0.103417
  5.9448E-05,   -0.105528
  5.9452E-05,   -0.106935
  5.9456E-05,   -0.109045
   5.946E-05,   -0.110452
  5.9464E-05,   -0.111859
  5.9468E-05,    -0.11397
  5.9472E-05,   -0.115377
  5.9476E-05,   -0.116784
   5.948E-05,   -0.118191
  5.9484E-05,   -0.118894
  5.9488E-05,   -0.120302
  5.9492E-05,   -0.121709
  5.9496E-05,   -0.123116
    5.95E-05,   -0.124523
  5.9504E-05,   -0.125226
  5.9508E-05,   -0.126633
  5.9512E-05,    -0.12804
  5.9516E-05,   -0.129447
   5.952E-05,   -0.130854
  5.9524E-05,   -0.131558
  5.9528E-05,   -0.132965
  5.9532E-05,   -0.134372
  5.9536E-05,   -0.135075
   5.954E-05,   -0.136482
  5.9544E-05,   -0.137186
  5.9548E-05,   -0.138593
  5.9552E-05,   -0.139296
  5.9556E-05,       -0.14
   5.956E-05,   -0.141407
  5.9564E-05,   -0.142111
  5.9568E-05,   -0.143518
  5.9572E-05,   -0.144221
  5.9576E-05,   -0.144925
   5.958E-05,   -0.146332
  5.9584E-05,   -0.147035
  5.9588E-05,   -0.147739
  5.9592E-05,   -0.149146
  5.9596E-05,   -0.149146
    5.96E-05,   -0.149849
  5.9604E-05,   -0.150553
  5.9608E-05,   -0.151256
  5.9612E-05,    -0.15196
  5.9616E-05,   -0.152663
   5.962E-05,   -0.153367
  5.9624E-05,   -0.153367
  5.9628E-05,    -0.15407
  5.9632E-05,   -0.154774
  5.9636E-05,   -0.155477
   5.964E-05,   -0.155477
  5.9644E-05,   -0.156181
  5.9648E-05,   -0.156181
  5.9652E-05,   -0.156884
  5.9656E-05,   -0.156884
   5.966E-05,   -0.157588
  5.9664E-05,   -0.157588
  5.9668E-05,   -0.158291
  5.9672E-05,   -0.158291
  5.9676E-05,   -0.158291
   5.968E-05,   -0.158291
  5.9684E-05,   -0.158291
  5.9688E-05,   -0.158291
  5.9692E-05,   -0.158995
  5.9696E-05,   -0.158995
    5.97E-05,   -0.158995
  5.9704E-05,   -0.158995
  5.9708E-05,   -0.158995
  5.9712E-05,   -0.158995
  5.9716E-05,   -0.158995
   5.972E-05,   -0.158291
  5.9724E-05,   -0.158291
  5.9728E-05,   -0.158291
  5.9732E-05,   -0.158291
  5.9736E-05,   -0.157588
   5.974E-05,   -0.157588
  5.9744E-05,   -0.156884
  5.9748E-05,   -0.156884
  5.9752E-05,   -0.156884
  5.9756E-05,   -0.156884
   5.976E-05,   -0.156181
  5.9764E-05,   -0.156181
  5.9768E-05,   -0.155477
  5.9772E-05,   -0.155477
  5.9776E-05,   -0.154774
   5.978E-05,    -0.15407
  5.9784E-05,    -0.15407
  5.9788E-05,   -0.153367
  5.9792E-05,   -0.152663
  5.9796E-05,   -0.152663
    5.98E-05,    -0.15196
  5.9804E-05,   -0.151256
  5.9808E-05,   -0.151256
  5.9812E-05,   -0.150553
  5.9816E-05,   -0.149849
   5.982E-05,   -0.149146
  5.9824E-05,   -0.148442
  5.9828E-05,   -0.147739
  5.9832E-05,   -0.147035
  5.9836E-05,   -0.146332
   5.984E-05,   -0.145628
  5.9844E-05,   -0.145628
  5.9848E-05,   -0.144221
  5.9852E-05,   -0.143518
  5.9856E-05,   -0.143518
   5.986E-05,   -0.142814
  5.9864E-05,   -0.141407
  5.9868E-05,   -0.140704
  5.9872E-05,       -0.14
  5.9876E-05,   -0.139296
   5.988E-05,   -0.138593
  5.9884E-05,   -0.137889
  5.9888E-05,   -0.137186
  5.9892E-05,   -0.136482
  5.9896E-05,   -0.135779
    5.99E-05,   -0.135075
  5.9904E-05,   -0.133668
  5.9908E-05,   -0.132965
  5.9912E-05,   -0.132261
  5.9916E-05,   -0.131558
   5.992E-05,   -0.130854
  5.9924E-05,   -0.129447
  5.9928E-05,   -0.128744
  5.9932E-05,    -0.12804
  5.9936E-05,   -0.127337
   5.994E-05,    -0.12593
  5.9944E-05,   -0.125226
  5.9948E-05,   -0.124523
  5.9952E-05,   -0.123116
  5.9956E-05,   -0.122412
   5.996E-05,   -0.121709
  5.9964E-05,   -0.121005
  5.9968E-05,   -0.119598
  5.9972E-05,   -0.119598
  5.9976E-05,   -0.118191
   5.998E-05,   -0.117487
  5.9984E-05,   -0.116784
  5.9988E-05,   -0.115377
  5.9992E-05,   -0.115377
  5.9996E-05,    -0.11397
       6E-05,   -0.113266
  6.0004E-05,   -0.112563
  6.0008E-05,   -0.111859
  6.0012E-05,   -0.110452
  6.0016E-05,   -0.109749
   6.002E-05,   -0.108342
  6.0024E-05,   -0.108342
  6.0028E-05,   -0.107638
  6.0032E-05,   -0.106231
  6.0036E-05,   -0.105528
   6.004E-05,   -0.104824
  6.0044E-05,   -0.104121
  6.0048E-05,   -0.103417
  6.0052E-05,   -0.102714
  6.0056E-05,   -0.101307
   6.006E-05,   -0.100603
  6.0064E-05,  -0.0998995
  6.0068E-05,  -0.0998995
  6.0072E-05,  -0.0984925
  6.0076E-05,  -0.0970854
   6.008E-05,  -0.0970854
  6.0084E-05,  -0.0956784
  6.0088E-05,  -0.0956784
  6.0092E-05,  -0.0949749
  6.0096E-05,  -0.0935678
    6.01E-05,  -0.0928643
  6.0104E-05,  -0.0921608
  6.0108E-05,  -0.0921608
  6.0112E-05,  -0.0914573
  6.0116E-05,  -0.0900503
   6.012E-05,  -0.0893467
  6.0124E-05,  -0.0886432
  6.0128E-05,  -0.0886432
  6.0132E-05,  -0.0879397
  6.0136E-05,  -0.0865327
   6.014E-05,  -0.0858291
  6.0144E-05,  -0.0858291
  6.0148E-05,  -0.0844221
  6.0152E-05,  -0.0837186
  6.0156E-05,  -0.0837186
   6.016E-05,  -0.0830151
  6.0164E-05,  -0.0823116
  6.0168E-05,   -0.081608
  6.0172E-05,   -0.081608
  6.0176E-05,  -0.0809045
   6.018E-05,   -0.080201
  6.0184E-05,   -0.080201
  6.0188E-05,  -0.0794975
  6.0192E-05,   -0.078794
  6.0196E-05,   -0.078794
    6.02E-05,  -0.0780905
  6.0204E-05,  -0.0773869
  6.0208E-05,  -0.0773869
  6.0212E-05,  -0.0766834
  6.0216E-05,  -0.0759799
   6.022E-05,  -0.0759799
  6.0224E-05,  -0.0752764
  6.0228E-05,  -0.0752764
  6.0232E-05,  -0.0745729
  6.0236E-05,  -0.0745729
   6.024E-05,  -0.0738693
  6.0244E-05,  -0.0738693
  6.0248E-05,  -0.0738693
  6.0252E-05,  -0.0731658
  6.0256E-05,  -0.0731658
   6.026E-05,  -0.0731658
  6.0264E-05,  -0.0724623
  6.0268E-05,  -0.0724623
  6.0272E-05,  -0.0717588
  6.0276E-05,  -0.0717588
   6.028E-05,  -0.0717588
  6.0284E-05,  -0.0710553
  6.0288E-05,  -0.0710553
  6.0292E-05,  -0.0710553
  6.0296E-05,  -0.0703518
    6.03E-05,  -0.0703518
  6.0304E-05,  -0.0703518
  6.0308E-05,  -0.0703518
  6.0312E-05,  -0.0703518
  6.0316E-05,  -0.0696482
   6.032E-05,  -0.0696482
  6.0324E-05,  -0.0696482
  6.0328E-05,  -0.0696482
  6.0332E-05,  -0.0696482
  6.0336E-05,  -0.0696482
   6.034E-05,  -0.0696482
  6.0344E-05,  -0.0696482
  6.0348E-05,  -0.0696482
  6.0352E-05,  -0.0696482
  6.0356E-05,  -0.0696482
   6.036E-05,  -0.0696482
  6.0364E-05,  -0.0696482
  6.0368E-05,  -0.0696482
  6.0372E-05,  -0.0696482
  6.0376E-05,  -0.0703518
   6.038E-05,  -0.0703518
  6.0384E-05,  -0.0703518
  6.0388E-05,  -0.0703518
  6.0392E-05,  -0.0703518
  6.0396E-05,  -0.0703518
    6.04E-05,  -0.0703518
  6.0404E-05,  -0.0703518
  6.0408E-05,  -0.0710553
  6.0412E-05,  -0.0710553
  6.0416E-05,  -0.0710553
   6.042E-05,  -0.0710553
  6.0424E-05,  -0.0717588
  6.0428E-05,  -0.0717588
  6.0432E-05,  -0.0717588
  6.0436E-05,  -0.0717588
   6.044E-05,  -0.0724623
  6.0444E-05,  -0.0724623
  6.0448E-05,  -0.0724623
  6.0452E-05,  -0.0724623
  6.0456E-05,  -0.0731658
   6.046E-05,  -0.0731658
  6.0464E-05,  -0.0738693
  6.0468E-05,  -0.0738693
  6.0472E-05,  -0.0738693
  6.0476E-05,  -0.0745729
   6.048E-05,  -0.0745729
  6.0484E-05,  -0.0745729
  6.0488E-05,  -0.0745729
  6.0492E-05,  -0.0752764
  6.0496E-05,  -0.0752764
    6.05E-05,  -0.0759799
  6.0504E-05,  -0.0759799
  6.0508E-05,  -0.0759799
  6.0512E-05,  -0.0766834
  6.0516E-05,  -0.0766834
   6.052E-05,  -0.0766834
  6.0524E-05,  -0.0773869
  6.0528E-05,  -0.0773869
  6.0532E-05,  -0.0780905
  6.0536E-05,  -0.0780905
   6.054E-05,   -0.078794
  6.0544E-05,   -0.078794
  6.0548E-05,   -0.078794
  6.0552E-05,  -0.0794975
  6.0556E-05,  -0.0794975
   6.056E-05,  -0.0794975
  6.0564E-05,   -0.080201
  6.0568E-05,   -0.080201
  6.0572E-05,  -0.0809045
  6.0576E-05,  -0.0809045
   6.058E-05,  -0.0809045
  6.0584E-05,   -0.081608
  6.0588E-05,   -0.081608
  6.0592E-05,   -0.081608
  6.0596E-05,  -0.0823116
    6.06E-05,  -0.0830151
  6.0604E-05,  -0.0830151
  6.0608E-05,  -0.0837186
  6.0612E-05,  -0.0837186
  6.0616E-05,  -0.0837186
   6.062E-05,  -0.0844221
  6.0624E-05,  -0.0844221
  6.0628E-05,  -0.0851256
  6.0632E-05,  -0.0851256
  6.0636E-05,  -0.0851256
   6.064E-05,  -0.0858291
  6.0644E-05,  -0.0858291
  6.0648E-05,  -0.0858291
  6.0652E-05,  -0.0865327
  6.0656E-05,  -0.0865327
   6.066E-05,  -0.0865327
  6.0664E-05,  -0.0872362
  6.0668E-05,  -0.0872362
  6.0672E-05,  -0.0879397
  6.0676E-05,  -0.0879397
   6.068E-05,  -0.0886432
  6.0684E-05,  -0.0886432
  6.0688E-05,  -0.0886432
  6.0692E-05,  -0.0893467
  6.0696E-05,  -0.0893467
    6.07E-05,  -0.0893467
  6.0704E-05,  -0.0900503
  6.0708E-05,  -0.0900503
  6.0712E-05,  -0.0900503
  6.0716E-05,  -0.0907538
   6.072E-05,  -0.0907538
  6.0724E-05,  -0.0914573
  6.0728E-05,  -0.0914573
  6.0732E-05,  -0.0914573
  6.0736E-05,  -0.0921608
   6.074E-05,  -0.0921608
  6.0744E-05,  -0.0921608
  6.0748E-05,  -0.0928643
  6.0752E-05,  -0.0928643
  6.0756E-05,  -0.0928643
   6.076E-05,  -0.0935678
  6.0764E-05,  -0.0935678
  6.0768E-05,  -0.0935678
  6.0772E-05,  -0.0935678
  6.0776E-05,  -0.0942714
   6.078E-05,  -0.0942714
  6.0784E-05,  -0.0942714
  6.0788E-05,  -0.0949749
  6.0792E-05,  -0.0949749
  6.0796E-05,  -0.0949749
    6.08E-05,  -0.0956784
  6.0804E-05,  -0.0956784
  6.0808E-05,  -0.0956784
  6.0812E-05,  -0.0956784
  6.0816E-05,  -0.0956784
   6.082E-05,  -0.0963819
  6.0824E-05,  -0.0963819
  6.0828E-05,  -0.0963819
  6.0832E-05,  -0.0963819
  6.0836E-05,  -0.0963819
   6.084E-05,  -0.0970854
  6.0844E-05,  -0.0970854
  6.0848E-05,  -0.0970854
  6.0852E-05,  -0.0970854
  6.0856E-05,  -0.0970854
   6.086E-05,  -0.0970854
  6.0864E-05,  -0.0970854
  6.0868E-05,  -0.0977889
  6.0872E-05,  -0.0977889
  6.0876E-05,  -0.0977889
   6.088E-05,  -0.0977889
  6.0884E-05,  -0.0977889
  6.0888E-05,  -0.0977889
  6.0892E-05,  -0.0977889
  6.0896E-05,  -0.0984925
    6.09E-05,  -0.0984925
  6.0904E-05,  -0.0984925
  6.0908E-05,  -0.0984925
  6.0912E-05,  -0.0984925
  6.0916E-05,  -0.0984925
   6.092E-05,  -0.0984925
  6.0924E-05,  -0.0984925
  6.0928E-05,  -0.0984925
  6.0932E-05,   -0.099196
  6.0936E-05,  -0.0984925
   6.094E-05,  -0.0984925
  6.0944E-05,   -0.099196
  6.0948E-05,   -0.099196
  6.0952E-05,   -0.099196
  6.0956E-05,   -0.099196
   6.096E-05,   -0.099196
  6.0964E-05,   -0.099196
  6.0968E-05,   -0.099196
  6.0972E-05,   -0.099196
  6.0976E-05,   -0.099196
   6.098E-05,   -0.099196
  6.0984E-05,   -0.099196
  6.0988E-05,   -0.099196
  6.0992E-05,   -0.099196
  6.0996E-05,   -0.099196
     6.1E-05,   -0.099196
  6.1004E-05,   -0.099196
  6.1008E-05,   -0.099196
  6.1012E-05,   -0.099196
  6.1016E-05,   -0.099196
   6.102E-05,   -0.099196
  6.1024E-05,   -0.099196
  6.1028E-05,   -0.099196
  6.1032E-05,   -0.099196
  6.1036E-05,   -0.099196
   6.104E-05,   -0.099196
  6.1044E-05,   -0.099196
  6.1048E-05,   -0.099196
  6.1052E-05,   -0.099196
  6.1056E-05,   -0.099196
   6.106E-05,   -0.099196
  6.1064E-05,   -0.099196
  6.1068E-05,   -0.099196
  6.1072E-05,   -0.099196
  6.1076E-05,   -0.099196
   6.108E-05,  -0.0984925
  6.1084E-05,   -0.099196
  6.1088E-05,   -0.099196
  6.1092E-05,   -0.099196
  6.1096E-05,   -0.099196
    6.11E-05,  -0.0984925
  6.1104E-05,   -0.099196
  6.1108E-05,  -0.0984925
  6.1112E-05,  -0.0984925
  6.1116E-05,  -0.0984925
   6.112E-05,  -0.0984925
  6.1124E-05,  -0.0984925
  6.1128E-05,  -0.0984925
  6.1132E-05,  -0.0984925
  6.1136E-05,  -0.0984925
   6.114E-05,  -0.0984925
  6.1144E-05,  -0.0977889
  6.1148E-05,  -0.0984925
  6.1152E-05,  -0.0984925
  6.1156E-05,  -0.0977889
   6.116E-05,  -0.0977889
  6.1164E-05,  -0.0977889
  6.1168E-05,  -0.0984925
  6.1172E-05,  -0.0977889
  6.1176E-05,  -0.0977889
   6.118E-05,  -0.0977889
  6.1184E-05,  -0.0977889
  6.1188E-05,  -0.0977889
  6.1192E-05,  -0.0970854
  6.1196E-05,  -0.0977889
    6.12E-05,  -0.0977889
  6.1204E-05,  -0.0970854
  6.1208E-05,  -0.0977889
  6.1212E-05,  -0.0977889
  6.1216E-05,  -0.0970854
   6.122E-05,  -0.0970854
  6.1224E-05,  -0.0970854
  6.1228E-05,  -0.0970854
  6.1232E-05,  -0.0970854
  6.1236E-05,  -0.0970854
   6.124E-05,  -0.0970854
  6.1244E-05,  -0.0963819
  6.1248E-05,  -0.0963819
  6.1252E-05,  -0.0963819
  6.1256E-05,  -0.0963819
   6.126E-05,  -0.0963819
  6.1264E-05,  -0.0963819
  6.1268E-05,  -0.0963819
  6.1272E-05,  -0.0956784
  6.1276E-05,  -0.0956784
   6.128E-05,  -0.0956784
  6.1284E-05,  -0.0956784
  6.1288E-05,  -0.0956784
  6.1292E-05,  -0.0949749
  6.1296E-05,  -0.0956784
    6.13E-05,  -0.0956784
  6.1304E-05,  -0.0949749
  6.1308E-05,  -0.0949749
  6.1312E-05,  -0.0949749
  6.1316E-05,  -0.0949749
   6.132E-05,  -0.0949749
  6.1324E-05,  -0.0949749
  6.1328E-05,  -0.0949749
  6.1332E-05,  -0.0942714
  6.1336E-05,  -0.0942714
   6.134E-05,  -0.0942714
  6.1344E-05,  -0.0942714
  6.1348E-05,  -0.0942714
  6.1352E-05,  -0.0942714
  6.1356E-05,  -0.0942714
   6.136E-05,  -0.0935678
  6.1364E-05,  -0.0935678
  6.1368E-05,  -0.0942714
  6.1372E-05,  -0.0935678
  6.1376E-05,  -0.0935678
   6.138E-05,  -0.0935678
  6.1384E-05,  -0.0935678
  6.1388E-05,  -0.0935678
  6.1392E-05,  -0.0935678
  6.1396E-05,  -0.0935678
    6.14E-05,  -0.0935678
  6.1404E-05,  -0.0928643
  6.1408E-05,  -0.0935678
  6.1412E-05,  -0.0928643
  6.1416E-05,  -0.0928643
   6.142E-05,  -0.0928643
  6.1424E-05,  -0.0928643
  6.1428E-05,  -0.0928643
  6.1432E-05,  -0.0928643
  6.1436E-05,  -0.0921608
   6.144E-05,  -0.0921608
  6.1444E-05,  -0.0921608
  6.1448E-05,  -0.0921608
  6.1452E-05,  -0.0921608
  6.1456E-05,  -0.0921608
   6.146E-05,  -0.0921608
  6.1464E-05,  -0.0921608
  6.1468E-05,  -0.0921608
  6.1472E-05,  -0.0921608
  6.1476E-05,  -0.0921608
   6.148E-05,  -0.0914573
  6.1484E-05,  -0.0914573
  6.1488E-05,  -0.0914573
  6.1492E-05,  -0.0914573
  6.1496E-05,  -0.0914573
    6.15E-05,  -0.0914573
  6.1504E-05,  -0.0914573
  6.1508E-05,  -0.0914573
  6.1512E-05,  -0.0914573
  6.1516E-05,  -0.0914573
   6.152E-05,  -0.0907538
  6.1524E-05,  -0.0914573
  6.1528E-05,  -0.0914573
  6.1532E-05,  -0.0907538
  6.1536E-05,  -0.0907538
   6.154E-05,  -0.0907538
  6.1544E-05,  -0.0907538
  6.1548E-05,  -0.0907538
  6.1552E-05,  -0.0907538
  6.1556E-05,  -0.0907538
   6.156E-05,  -0.0907538
  6.1564E-05,  -0.0907538
  6.1568E-05,  -0.0907538
  6.1572E-05,  -0.0907538
  6.1576E-05,  -0.0907538
   6.158E-05,  -0.0907538
  6.1584E-05,  -0.0907538
  6.1588E-05,  -0.0907538
  6.1592E-05,  -0.0907538
  6.1596E-05,  -0.0907538
    6.16E-05,  -0.0907538
  6.1604E-05,  -0.0907538
  6.1608E-05,  -0.0907538
  6.1612E-05,  -0.0907538
  6.1616E-05,  -0.0907538
   6.162E-05,  -0.0907538
  6.1624E-05,  -0.0907538
  6.1628E-05,  -0.0907538
  6.1632E-05,  -0.0907538
  6.1636E-05,  -0.0907538
   6.164E-05,  -0.0907538
  6.1644E-05,  -0.0907538
  6.1648E-05,  -0.0907538
  6.1652E-05,  -0.0907538
  6.1656E-05,  -0.0907538
   6.166E-05,  -0.0907538
  6.1664E-05,  -0.0907538
  6.1668E-05,  -0.0907538
  6.1672E-05,  -0.0907538
  6.1676E-05,  -0.0907538
   6.168E-05,  -0.0907538
  6.1684E-05,  -0.0900503
  6.1688E-05,  -0.0907538
  6.1692E-05,  -0.0907538
  6.1696E-05,  -0.0907538
    6.17E-05,  -0.0907538
  6.1704E-05,  -0.0907538
  6.1708E-05,  -0.0907538
  6.1712E-05,  -0.0907538
  6.1716E-05,  -0.0907538
   6.172E-05,  -0.0907538
  6.1724E-05,  -0.0907538
  6.1728E-05,  -0.0907538
  6.1732E-05,  -0.0907538
  6.1736E-05,  -0.0914573
   6.174E-05,  -0.0914573
  6.1744E-05,  -0.0907538
  6.1748E-05,  -0.0914573
  6.1752E-05,  -0.0907538
  6.1756E-05,  -0.0914573
   6.176E-05,  -0.0914573
  6.1764E-05,  -0.0914573
  6.1768E-05,  -0.0914573
  6.1772E-05,  -0.0914573
  6.1776E-05,  -0.0914573
   6.178E-05,  -0.0914573
  6.1784E-05,  -0.0914573
  6.1788E-05,  -0.0914573
  6.1792E-05,  -0.0921608
  6.1796E-05,  -0.0914573
    6.18E-05,  -0.0921608
  6.1804E-05,  -0.0921608
  6.1808E-05,  -0.0921608
  6.1812E-05,  -0.0921608
  6.1816E-05,  -0.0914573
   6.182E-05,  -0.0921608
  6.1824E-05,  -0.0921608
  6.1828E-05,  -0.0921608
  6.1832E-05,  -0.0921608
  6.1836E-05,  -0.0928643
   6.184E-05,  -0.0928643
  6.1844E-05,  -0.0928643
  6.1848E-05,  -0.0928643
  6.1852E-05,  -0.0928643
  6.1856E-05,  -0.0928643
   6.186E-05,  -0.0928643
  6.1864E-05,  -0.0935678
  6.1868E-05,  -0.0935678
  6.1872E-05,  -0.0935678
  6.1876E-05,  -0.0935678
   6.188E-05,  -0.0935678
  6.1884E-05,  -0.0935678
  6.1888E-05,  -0.0935678
  6.1892E-05,  -0.0935678
  6.1896E-05,  -0.0942714
    6.19E-05,  -0.0935678
  6.1904E-05,  -0.0942714
  6.1908E-05,  -0.0942714
  6.1912E-05,  -0.0942714
  6.1916E-05,  -0.0942714
   6.192E-05,  -0.0942714
  6.1924E-05,  -0.0949749
  6.1928E-05,  -0.0949749
  6.1932E-05,  -0.0942714
  6.1936E-05,  -0.0949749
   6.194E-05,  -0.0949749
  6.1944E-05,  -0.0949749
  6.1948E-05,  -0.0949749
  6.1952E-05,  -0.0949749
  6.1956E-05,  -0.0949749
   6.196E-05,  -0.0956784
  6.1964E-05,  -0.0956784
  6.1968E-05,  -0.0956784
  6.1972E-05,  -0.0956784
  6.1976E-05,  -0.0956784
   6.198E-05,  -0.0956784
  6.1984E-05,  -0.0956784
  6.1988E-05,  -0.0956784
  6.1992E-05,  -0.0963819
  6.1996E-05,  -0.0963819
     6.2E-05,  -0.0963819
  6.2004E-05,  -0.0963819
  6.2008E-05,  -0.0963819
  6.2012E-05,  -0.0963819
  6.2016E-05,  -0.0970854
   6.202E-05,  -0.0963819
  6.2024E-05,  -0.0970854
  6.2028E-05,  -0.0970854
  6.2032E-05,  -0.0970854
  6.2036E-05,  -0.0970854
   6.204E-05,  -0.0970854
  6.2044E-05,  -0.0977889
  6.2048E-05,  -0.0970854
  6.2052E-05,  -0.0977889
  6.2056E-05,  -0.0977889
   6.206E-05,  -0.0977889
  6.2064E-05,  -0.0977889
  6.2068E-05,  -0.0977889
  6.2072E-05,  -0.0977889
  6.2076E-05,  -0.0977889
   6.208E-05,  -0.0984925
  6.2084E-05,  -0.0984925
  6.2088E-05,  -0.0984925
  6.2092E-05,  -0.0984925
  6.2096E-05,  -0.0984925
    6.21E-05,  -0.0984925
  6.2104E-05,  -0.0984925
  6.2108E-05,   -0.099196
  6.2112E-05,   -0.099196
  6.2116E-05,   -0.099196
   6.212E-05,   -0.099196
  6.2124E-05,   -0.099196
  6.2128E-05,   -0.099196
  6.2132E-05,   -0.099196
  6.2136E-05,   -0.099196
   6.214E-05,  -0.0998995
  6.2144E-05,  -0.0998995
  6.2148E-05,  -0.0998995
  6.2152E-05,  -0.0998995
  6.2156E-05,  -0.0998995
   6.216E-05,  -0.0998995
  6.2164E-05,  -0.0998995
  6.2168E-05,   -0.100603
  6.2172E-05,  -0.0998995
  6.2176E-05,  -0.0998995
   6.218E-05,  -0.0998995
  6.2184E-05,   -0.100603
  6.2188E-05,  -0.0998995
  6.2192E-05,   -0.100603
  6.2196E-05,   -0.100603
    6.22E-05,   -0.100603
  6.2204E-05,   -0.100603
  6.2208E-05,   -0.100603
  6.2212E-05,   -0.100603
  6.2216E-05,   -0.100603
   6.222E-05,   -0.100603
  6.2224E-05,   -0.100603
  6.2228E-05,   -0.100603
  6.2232E-05,   -0.100603
  6.2236E-05,   -0.101307
   6.224E-05,   -0.100603
  6.2244E-05,   -0.101307
  6.2248E-05,   -0.101307
  6.2252E-05,   -0.101307
  6.2256E-05,   -0.101307
   6.226E-05,   -0.101307
  6.2264E-05,   -0.101307
  6.2268E-05,   -0.101307
  6.2272E-05,   -0.101307
  6.2276E-05,   -0.101307
   6.228E-05,   -0.101307
  6.2284E-05,   -0.101307
  6.2288E-05,   -0.101307
  6.2292E-05,   -0.101307
  6.2296E-05,   -0.101307
    6.23E-05,   -0.101307
  6.2304E-05,   -0.101307
  6.2308E-05,   -0.101307
  6.2312E-05,   -0.101307
  6.2316E-05,   -0.101307
   6.232E-05,   -0.101307
  6.2324E-05,   -0.101307
  6.2328E-05,   -0.101307
  6.2332E-05,   -0.101307
  6.2336E-05,   -0.101307
   6.234E-05,   -0.101307
  6.2344E-05,    -0.10201
  6.2348E-05,   -0.101307
  6.2352E-05,   -0.101307
  6.2356E-05,    -0.10201
   6.236E-05,    -0.10201
  6.2364E-05,   -0.101307
  6.2368E-05,   -0.101307
  6.2372E-05,    -0.10201
  6.2376E-05,    -0.10201
   6.238E-05,   -0.101307
  6.2384E-05,   -0.101307
  6.2388E-05,    -0.10201
  6.2392E-05,   -0.101307
  6.2396E-05,   -0.101307
    6.24E-05,   -0.101307
  6.2404E-05,    -0.10201
  6.2408E-05,   -0.101307
  6.2412E-05,   -0.101307
  6.2416E-05,   -0.101307
   6.242E-05,   -0.101307
  6.2424E-05,   -0.101307
  6.2428E-05,   -0.101307
  6.2432E-05,   -0.101307
  6.2436E-05,   -0.101307
   6.244E-05,   -0.101307
  6.2444E-05,   -0.101307
  6.2448E-05,   -0.101307
  6.2452E-05,   -0.101307
  6.2456E-05,   -0.101307
   6.246E-05,   -0.101307
  6.2464E-05,   -0.101307
  6.2468E-05,   -0.101307
  6.2472E-05,   -0.101307
  6.2476E-05,   -0.101307
   6.248E-05,   -0.100603
  6.2484E-05,   -0.100603
  6.2488E-05,   -0.100603
  6.2492E-05,   -0.100603
  6.2496E-05,   -0.101307
    6.25E-05,   -0.101307
  6.2504E-05,   -0.100603
  6.2508E-05,   -0.100603
  6.2512E-05,   -0.100603
  6.2516E-05,   -0.100603
   6.252E-05,   -0.100603
  6.2524E-05,   -0.100603
  6.2528E-05,   -0.100603
  6.2532E-05,   -0.100603
  6.2536E-05,   -0.100603
   6.254E-05,   -0.100603
  6.2544E-05,  -0.0998995
  6.2548E-05,  -0.0998995
  6.2552E-05,  -0.0998995
  6.2556E-05,  -0.0998995
   6.256E-05,  -0.0998995
  6.2564E-05,  -0.0998995
  6.2568E-05,  -0.0998995
  6.2572E-05,   -0.099196
  6.2576E-05,   -0.099196
   6.258E-05,   -0.099196
  6.2584E-05,   -0.099196
  6.2588E-05,   -0.099196
  6.2592E-05,   -0.099196
  6.2596E-05,   -0.099196
    6.26E-05,   -0.099196
  6.2604E-05,   -0.099196
  6.2608E-05,   -0.099196
  6.2612E-05,  -0.0984925
  6.2616E-05,  -0.0984925
   6.262E-05,  -0.0984925
  6.2624E-05,  -0.0984925
  6.2628E-05,  -0.0984925
  6.2632E-05,  -0.0977889
  6.2636E-05,  -0.0984925
   6.264E-05,  -0.0984925
  6.2644E-05,  -0.0977889
  6.2648E-05,  -0.0977889
  6.2652E-05,  -0.0977889
  6.2656E-05,  -0.0977889
   6.266E-05,  -0.0977889
  6.2664E-05,  -0.0977889
  6.2668E-05,  -0.0977889
  6.2672E-05,  -0.0970854
  6.2676E-05,  -0.0970854
   6.268E-05,  -0.0970854
  6.2684E-05,  -0.0970854
  6.2688E-05,  -0.0963819
  6.2692E-05,  -0.0963819
  6.2696E-05,  -0.0963819
    6.27E-05,  -0.0963819
  6.2704E-05,  -0.0963819
  6.2708E-05,  -0.0963819
  6.2712E-05,  -0.0963819
  6.2716E-05,  -0.0956784
   6.272E-05,  -0.0956784
  6.2724E-05,  -0.0956784
  6.2728E-05,  -0.0956784
  6.2732E-05,  -0.0949749
  6.2736E-05,  -0.0949749
   6.274E-05,  -0.0949749
  6.2744E-05,  -0.0949749
  6.2748E-05,  -0.0942714
  6.2752E-05,  -0.0942714
  6.2756E-05,  -0.0942714
   6.276E-05,  -0.0942714
  6.2764E-05,  -0.0942714
  6.2768E-05,  -0.0942714
  6.2772E-05,  -0.0942714
  6.2776E-05,  -0.0935678
   6.278E-05,  -0.0935678
  6.2784E-05,  -0.0935678
  6.2788E-05,  -0.0928643
  6.2792E-05,  -0.0928643
  6.2796E-05,  -0.0928643
    6.28E-05,  -0.0928643
  6.2804E-05,  -0.0928643
  6.2808E-05,  -0.0928643
  6.2812E-05,  -0.0921608
  6.2816E-05,  -0.0921608
   6.282E-05,  -0.0921608
  6.2824E-05,  -0.0921608
  6.2828E-05,  -0.0914573
  6.2832E-05,  -0.0914573
  6.2836E-05,  -0.0914573
   6.284E-05,  -0.0907538
  6.2844E-05,  -0.0907538
  6.2848E-05,  -0.0907538
  6.2852E-05,  -0.0907538
  6.2856E-05,  -0.0907538
   6.286E-05,  -0.0900503
  6.2864E-05,  -0.0900503
  6.2868E-05,  -0.0900503
  6.2872E-05,  -0.0893467
  6.2876E-05,  -0.0893467
   6.288E-05,  -0.0893467
  6.2884E-05,  -0.0886432
  6.2888E-05,  -0.0886432
  6.2892E-05,  -0.0886432
  6.2896E-05,  -0.0886432
    6.29E-05,  -0.0886432
  6.2904E-05,  -0.0879397
  6.2908E-05,  -0.0879397
  6.2912E-05,  -0.0879397
  6.2916E-05,  -0.0872362
   6.292E-05,  -0.0872362
  6.2924E-05,  -0.0872362
  6.2928E-05,  -0.0865327
  6.2932E-05,  -0.0865327
  6.2936E-05,  -0.0865327
   6.294E-05,  -0.0865327
  6.2944E-05,  -0.0858291
  6.2948E-05,  -0.0858291
  6.2952E-05,  -0.0851256
  6.2956E-05,  -0.0851256
   6.296E-05,  -0.0851256
  6.2964E-05,  -0.0851256
  6.2968E-05,  -0.0844221
  6.2972E-05,  -0.0844221
  6.2976E-05,  -0.0844221
   6.298E-05,  -0.0837186
  6.2984E-05,  -0.0837186
  6.2988E-05,  -0.0830151
  6.2992E-05,  -0.0830151
  6.2996E-05,  -0.0830151
     6.3E-05,  -0.0830151
  6.3004E-05,  -0.0823116
  6.3008E-05,   -0.081608
  6.3012E-05,   -0.081608
  6.3016E-05,   -0.081608
   6.302E-05,   -0.081608
  6.3024E-05,  -0.0809045
  6.3028E-05,  -0.0809045
  6.3032E-05,  -0.0809045
  6.3036E-05,  -0.0809045
   6.304E-05,   -0.080201
  6.3044E-05,   -0.080201
  6.3048E-05,  -0.0794975
  6.3052E-05,  -0.0794975
  6.3056E-05,  -0.0794975
   6.306E-05,   -0.078794
  6.3064E-05,   -0.078794
  6.3068E-05,   -0.078794
  6.3072E-05,  -0.0780905
  6.3076E-05,  -0.0780905
   6.308E-05,  -0.0780905
  6.3084E-05,  -0.0773869
  6.3088E-05,  -0.0773869
  6.3092E-05,  -0.0766834
  6.3096E-05,  -0.0766834
    6.31E-05,  -0.0766834
  6.3104E-05,  -0.0759799
  6.3108E-05,  -0.0759799
  6.3112E-05,  -0.0752764
  6.3116E-05,  -0.0752764
   6.312E-05,  -0.0752764
  6.3124E-05,  -0.0745729
  6.3128E-05,  -0.0745729
  6.3132E-05,  -0.0745729
  6.3136E-05,  -0.0738693
   6.314E-05,  -0.0738693
  6.3144E-05,  -0.0738693
  6.3148E-05,  -0.0731658
  6.3152E-05,  -0.0731658
  6.3156E-05,  -0.0724623
   6.316E-05,  -0.0724623
  6.3164E-05,  -0.0724623
  6.3168E-05,  -0.0717588
  6.3172E-05,  -0.0717588
  6.3176E-05,  -0.0710553
   6.318E-05,  -0.0710553
  6.3184E-05,  -0.0703518
  6.3188E-05,  -0.0703518
  6.3192E-05,  -0.0703518
  6.3196E-05,  -0.0696482
    6.32E-05,  -0.0696482
  6.3204E-05,  -0.0696482
  6.3208E-05,  -0.0689447
  6.3212E-05,  -0.0682412
  6.3216E-05,  -0.0682412
   6.322E-05,  -0.0682412
  6.3224E-05,  -0.0675377
  6.3228E-05,  -0.0675377
  6.3232E-05,  -0.0675377
  6.3236E-05,  -0.0675377
   6.324E-05,  -0.0668342
  6.3244E-05,  -0.0661307
  6.3248E-05,  -0.0661307
  6.3252E-05,  -0.0661307
  6.3256E-05,  -0.0654271
   6.326E-05,  -0.0654271
  6.3264E-05,  -0.0654271
  6.3268E-05,  -0.0654271
  6.3272E-05,  -0.0647236
  6.3276E-05,  -0.0647236
   6.328E-05,  -0.0640201
  6.3284E-05,  -0.0640201
  6.3288E-05,  -0.0633166
  6.3292E-05,  -0.0633166
  6.3296E-05,  -0.0633166
    6.33E-05,  -0.0626131
  6.3304E-05,  -0.0626131
  6.3308E-05,  -0.0619095
  6.3312E-05,  -0.0619095
  6.3316E-05,   -0.061206
   6.332E-05,   -0.061206
  6.3324E-05,   -0.061206
  6.3328E-05,  -0.0605025
  6.3332E-05,  -0.0605025
  6.3336E-05,  -0.0605025
   6.334E-05,   -0.059799
  6.3344E-05,   -0.059799
  6.3348E-05,  -0.0590955
  6.3352E-05,  -0.0590955
  6.3356E-05,  -0.0590955
   6.336E-05,   -0.058392
  6.3364E-05,   -0.058392
  6.3368E-05,  -0.0576884
  6.3372E-05,  -0.0576884
  6.3376E-05,  -0.0576884
   6.338E-05,  -0.0569849
  6.3384E-05,  -0.0569849
  6.3388E-05,  -0.0569849
  6.3392E-05,  -0.0562814
  6.3396E-05,  -0.0562814
    6.34E-05,  -0.0555779
  6.3404E-05,  -0.0555779
  6.3408E-05,  -0.0555779
  6.3412E-05,  -0.0548744
  6.3416E-05,  -0.0548744
   6.342E-05,  -0.0548744
  6.3424E-05,  -0.0548744
  6.3428E-05,  -0.0541709
  6.3432E-05,  -0.0534673
  6.3436E-05,  -0.0534673
   6.344E-05,  -0.0534673
  6.3444E-05,  -0.0527638
  6.3448E-05,  -0.0527638
  6.3452E-05,  -0.0527638
  6.3456E-05,  -0.0520603
   6.346E-05,  -0.0520603
  6.3464E-05,  -0.0520603
  6.3468E-05,  -0.0513568
  6.3472E-05,  -0.0506533
  6.3476E-05,  -0.0506533
   6.348E-05,  -0.0506533
  6.3484E-05,  -0.0499497
  6.3488E-05,  -0.0499497
  6.3492E-05,  -0.0499497
  6.3496E-05,  -0.0492462
    6.35E-05,  -0.0492462
  6.3504E-05,  -0.0492462
  6.3508E-05,  -0.0485427
  6.3512E-05,  -0.0485427
  6.3516E-05,  -0.0478392
   6.352E-05,  -0.0478392
  6.3524E-05,  -0.0478392
  6.3528E-05,  -0.0471357
  6.3532E-05,  -0.0471357
  6.3536E-05,  -0.0471357
   6.354E-05,  -0.0464322
  6.3544E-05,  -0.0464322
  6.3548E-05,  -0.0464322
  6.3552E-05,  -0.0457286
  6.3556E-05,  -0.0457286
   6.356E-05,  -0.0457286
  6.3564E-05,  -0.0450251
  6.3568E-05,  -0.0450251
  6.3572E-05,  -0.0450251
  6.3576E-05,  -0.0450251
   6.358E-05,  -0.0443216
  6.3584E-05,  -0.0443216
  6.3588E-05,  -0.0443216
  6.3592E-05,  -0.0436181
  6.3596E-05,  -0.0436181
    6.36E-05,  -0.0436181
  6.3604E-05,  -0.0429146
  6.3608E-05,  -0.0429146
  6.3612E-05,  -0.0422111
  6.3616E-05,  -0.0422111
   6.362E-05,  -0.0422111
  6.3624E-05,  -0.0415075
  6.3628E-05,  -0.0415075
  6.3632E-05,  -0.0415075
  6.3636E-05,   -0.040804
   6.364E-05,   -0.040804
  6.3644E-05,   -0.040804
  6.3648E-05,  -0.0401005
  6.3652E-05,  -0.0401005
  6.3656E-05,  -0.0401005
   6.366E-05,   -0.039397
  6.3664E-05,   -0.039397
  6.3668E-05,   -0.039397
  6.3672E-05,  -0.0386935
  6.3676E-05,  -0.0386935
   6.368E-05,  -0.0386935
  6.3684E-05,  -0.0379899
  6.3688E-05,  -0.0379899
  6.3692E-05,  -0.0379899
  6.3696E-05,  -0.0379899
    6.37E-05,  -0.0379899
  6.3704E-05,  -0.0372864
  6.3708E-05,  -0.0372864
  6.3712E-05,  -0.0372864
  6.3716E-05,  -0.0365829
   6.372E-05,  -0.0358794
  6.3724E-05,  -0.0365829
  6.3728E-05,  -0.0358794
  6.3732E-05,  -0.0358794
  6.3736E-05,  -0.0351759
   6.374E-05,  -0.0351759
  6.3744E-05,  -0.0351759
  6.3748E-05,  -0.0351759
  6.3752E-05,  -0.0344724
  6.3756E-05,  -0.0344724
   6.376E-05,  -0.0344724
  6.3764E-05,  -0.0344724
  6.3768E-05,  -0.0344724
  6.3772E-05,  -0.0337688
  6.3776E-05,  -0.0337688
   6.378E-05,  -0.0330653
  6.3784E-05,  -0.0330653
  6.3788E-05,  -0.0330653
  6.3792E-05,  -0.0330653
  6.3796E-05,  -0.0330653
    6.38E-05,  -0.0323618
  6.3804E-05,  -0.0323618
  6.3808E-05,  -0.0323618
  6.3812E-05,  -0.0323618
  6.3816E-05,  -0.0323618
   6.382E-05,  -0.0316583
  6.3824E-05,  -0.0316583
  6.3828E-05,  -0.0316583
  6.3832E-05,  -0.0309548
  6.3836E-05,  -0.0309548
   6.384E-05,  -0.0309548
  6.3844E-05,  -0.0302513
  6.3848E-05,  -0.0302513
  6.3852E-05,  -0.0302513
  6.3856E-05,  -0.0302513
   6.386E-05,  -0.0295477
  6.3864E-05,  -0.0295477
  6.3868E-05,  -0.0295477
  6.3872E-05,  -0.0295477
  6.3876E-05,  -0.0288442
   6.388E-05,  -0.0288442
  6.3884E-05,  -0.0288442
  6.3888E-05,  -0.0281407
  6.3892E-05,  -0.0281407
  6.3896E-05,  -0.0281407
    6.39E-05,  -0.0281407
  6.3904E-05,  -0.0274372
  6.3908E-05,  -0.0274372
  6.3912E-05,  -0.0274372
  6.3916E-05,  -0.0274372
   6.392E-05,  -0.0267337
  6.3924E-05,  -0.0267337
  6.3928E-05,  -0.0267337
  6.3932E-05,  -0.0267337
  6.3936E-05,  -0.0260302
   6.394E-05,  -0.0260302
  6.3944E-05,  -0.0260302
  6.3948E-05,  -0.0260302
  6.3952E-05,  -0.0253266
  6.3956E-05,  -0.0253266
   6.396E-05,  -0.0253266
  6.3964E-05,  -0.0253266
  6.3968E-05,  -0.0253266
  6.3972E-05,  -0.0253266
  6.3976E-05,  -0.0253266
   6.398E-05,  -0.0246231
  6.3984E-05,  -0.0246231
  6.3988E-05,  -0.0246231
  6.3992E-05,  -0.0246231
  6.3996E-05,  -0.0246231
