    0.000131,    -0.13907
 0.000131004,    -0.13794
 0.000131008,   -0.137563
 0.000131012,   -0.136432
 0.000131016,   -0.135302
  0.00013102,   -0.134925
 0.000131024,   -0.133794
 0.000131028,    -0.13304
 0.000131032,   -0.132286
 0.000131036,   -0.131156
  0.00013104,   -0.130779
 0.000131044,   -0.129648
 0.000131048,   -0.128894
 0.000131052,   -0.128141
 0.000131056,    -0.12701
  0.00013106,   -0.126633
 0.000131064,   -0.125879
 0.000131068,   -0.124749
 0.000131072,   -0.123995
 0.000131076,   -0.123241
  0.00013108,   -0.122111
 0.000131084,   -0.121734
 0.000131088,   -0.120603
 0.000131092,   -0.120226
 0.000131096,   -0.119095
   0.0001311,   -0.118342
 0.000131104,   -0.117588
 0.000131108,   -0.116457
 0.000131112,   -0.115704
 0.000131116,    -0.11495
  0.00013112,   -0.114196
 0.000131124,   -0.113442
 0.000131128,   -0.112688
 0.000131132,   -0.111558
 0.000131136,   -0.110804
  0.00013114,    -0.11005
 0.000131144,   -0.109296
 0.000131148,   -0.108543
 0.000131152,   -0.107412
 0.000131156,   -0.106658
  0.00013116,   -0.105905
 0.000131164,   -0.104774
 0.000131168,   -0.104397
 0.000131172,   -0.103266
 0.000131176,   -0.102513
  0.00013118,   -0.101759
 0.000131184,   -0.101005
 0.000131188,   -0.100628
 0.000131192,  -0.0991206
 0.000131196,  -0.0983668
   0.0001312,  -0.0979899
 0.000131204,  -0.0968593
 0.000131208,  -0.0961055
 0.000131212,  -0.0953518
 0.000131216,  -0.0942211
  0.00013122,  -0.0934673
 0.000131224,  -0.0927136
 0.000131228,  -0.0915829
 0.000131232,   -0.091206
 0.000131236,  -0.0900754
  0.00013124,  -0.0893216
 0.000131244,  -0.0885678
 0.000131248,  -0.0874372
 0.000131252,  -0.0870603
 0.000131256,  -0.0863065
  0.00013126,  -0.0851759
 0.000131264,  -0.0844221
 0.000131268,  -0.0832915
 0.000131272,  -0.0829146
 0.000131276,  -0.0821608
  0.00013128,  -0.0810302
 0.000131284,  -0.0806533
 0.000131288,  -0.0795226
 0.000131292,  -0.0787688
 0.000131296,  -0.0780151
   0.0001313,  -0.0772613
 0.000131304,  -0.0765075
 0.000131308,  -0.0757538
 0.000131312,      -0.075
 0.000131316,  -0.0742462
  0.00013132,  -0.0734925
 0.000131324,  -0.0727387
 0.000131328,  -0.0719849
 0.000131332,  -0.0712312
 0.000131336,  -0.0704774
  0.00013134,  -0.0697236
 0.000131344,  -0.0689698
 0.000131348,  -0.0682161
 0.000131352,  -0.0674623
 0.000131356,  -0.0667085
  0.00013136,  -0.0659548
 0.000131364,   -0.065201
 0.000131368,  -0.0644472
 0.000131372,  -0.0633166
 0.000131376,  -0.0629397
  0.00013138,  -0.0621859
 0.000131384,  -0.0614322
 0.000131388,  -0.0603015
 0.000131392,  -0.0599246
 0.000131396,  -0.0591709
   0.0001314,  -0.0584171
 0.000131404,  -0.0576633
 0.000131408,  -0.0569095
 0.000131412,  -0.0561558
 0.000131416,   -0.055402
  0.00013142,  -0.0550251
 0.000131424,  -0.0542714
 0.000131428,  -0.0531407
 0.000131432,  -0.0527638
 0.000131436,  -0.0523869
  0.00013144,  -0.0512563
 0.000131444,  -0.0508794
 0.000131448,  -0.0501256
 0.000131452,  -0.0497487
 0.000131456,  -0.0486181
  0.00013146,  -0.0482412
 0.000131464,  -0.0474874
 0.000131468,  -0.0463568
 0.000131472,  -0.0459799
 0.000131476,  -0.0452261
  0.00013148,  -0.0448492
 0.000131484,  -0.0440955
 0.000131488,  -0.0433417
 0.000131492,  -0.0429648
 0.000131496,  -0.0418342
   0.0001315,  -0.0410804
 0.000131504,  -0.0407035
 0.000131508,  -0.0399497
 0.000131512,   -0.039196
 0.000131516,  -0.0384422
  0.00013152,  -0.0376884
 0.000131524,  -0.0373116
 0.000131528,  -0.0369347
 0.000131532,   -0.035804
 0.000131536,  -0.0354271
  0.00013154,  -0.0346734
 0.000131544,  -0.0342965
 0.000131548,  -0.0335427
 0.000131552,  -0.0327889
 0.000131556,  -0.0320352
  0.00013156,  -0.0316583
 0.000131564,  -0.0309045
 0.000131568,  -0.0301508
 0.000131572,   -0.029397
 0.000131576,  -0.0290201
  0.00013158,  -0.0282663
 0.000131584,  -0.0278894
 0.000131588,  -0.0271357
 0.000131592,  -0.0263819
 0.000131596,   -0.026005
   0.0001316,  -0.0252513
 0.000131604,  -0.0248744
 0.000131608,  -0.0241206
 0.000131612,  -0.0237437
 0.000131616,  -0.0229899
  0.00013162,  -0.0226131
 0.000131624,  -0.0218593
 0.000131628,  -0.0211055
 0.000131632,  -0.0207286
 0.000131636,  -0.0199749
  0.00013164,   -0.019598
 0.000131644,  -0.0188442
 0.000131648,  -0.0184673
 0.000131652,  -0.0180905
 0.000131656,  -0.0173367
  0.00013166,  -0.0169598
 0.000131664,   -0.016206
 0.000131668,  -0.0154523
 0.000131672,  -0.0150754
 0.000131676,  -0.0146985
  0.00013168,  -0.0139447
 0.000131684,  -0.0135678
 0.000131688,  -0.0128141
 0.000131692,  -0.0124372
 0.000131696,  -0.0120603
   0.0001317,  -0.0113065
 0.000131704,  -0.0109296
 0.000131708,  -0.0101759
 0.000131712,   -0.009799
 0.000131716, -0.00942211
  0.00013172, -0.00866834
 0.000131724, -0.00829146
 0.000131728, -0.00791457
 0.000131732,  -0.0071608
 0.000131736, -0.00678392
  0.00013174, -0.00603015
 0.000131744, -0.00565327
 0.000131748, -0.00527638
 0.000131752, -0.00452261
 0.000131756, -0.00414573
  0.00013176, -0.00414573
 0.000131764, -0.00339196
 0.000131768, -0.00301508
 0.000131772, -0.00226131
 0.000131776, -0.00188442
  0.00013178, -0.00150754
 0.000131784,-0.000753769
 0.000131788,-0.000376884
 0.000131792,           0
 0.000131796, 0.000753769
   0.0001318, 0.000753769
 0.000131804,  0.00150754
 0.000131808,  0.00188442
 0.000131812,  0.00226131
 0.000131816,  0.00263819
  0.00013182,  0.00301508
 0.000131824,  0.00376884
 0.000131828,  0.00414573
 0.000131832,  0.00452261
 0.000131836,   0.0048995
  0.00013184,  0.00565327
 0.000131844,  0.00565327
 0.000131848,  0.00640704
 0.000131852,  0.00678392
 0.000131856,   0.0071608
  0.00013186,  0.00753769
 0.000131864,  0.00753769
 0.000131868,  0.00829146
 0.000131872,  0.00904523
 0.000131876,  0.00904523
  0.00013188,  0.00942211
 0.000131884,    0.009799
 0.000131888,   0.0101759
 0.000131892,   0.0109296
 0.000131896,   0.0109296
   0.0001319,   0.0116834
 0.000131904,   0.0120603
 0.000131908,   0.0120603
 0.000131912,   0.0128141
 0.000131916,   0.0128141
  0.00013192,    0.013191
 0.000131924,   0.0139447
 0.000131928,   0.0139447
 0.000131932,   0.0143216
 0.000131936,   0.0146985
  0.00013194,   0.0150754
 0.000131944,   0.0154523
 0.000131948,   0.0158291
 0.000131952,   0.0158291
 0.000131956,    0.016206
  0.00013196,   0.0165829
 0.000131964,   0.0173367
 0.000131968,   0.0173367
 0.000131972,   0.0177136
 0.000131976,   0.0180905
  0.00013198,   0.0184673
 0.000131984,   0.0188442
 0.000131988,   0.0192211
 0.000131992,   0.0192211
 0.000131996,    0.019598
    0.000132,   0.0199749
 0.000132004,   0.0199749
 0.000132008,   0.0207286
 0.000132012,   0.0207286
 0.000132016,   0.0214824
  0.00013202,   0.0214824
 0.000132024,   0.0214824
 0.000132028,   0.0222362
 0.000132032,   0.0222362
 0.000132036,   0.0222362
  0.00013204,   0.0229899
 0.000132044,   0.0229899
 0.000132048,   0.0233668
 0.000132052,   0.0237437
 0.000132056,   0.0237437
  0.00013206,   0.0241206
 0.000132064,   0.0244975
 0.000132068,   0.0244975
 0.000132072,   0.0252513
 0.000132076,   0.0248744
  0.00013208,   0.0252513
 0.000132084,   0.0256281
 0.000132088,    0.026005
 0.000132092,    0.026005
 0.000132096,   0.0263819
   0.0001321,   0.0267588
 0.000132104,   0.0271357
 0.000132108,   0.0267588
 0.000132112,   0.0271357
 0.000132116,   0.0275126
  0.00013212,   0.0275126
 0.000132124,   0.0282663
 0.000132128,   0.0278894
 0.000132132,   0.0282663
 0.000132136,   0.0286432
  0.00013214,   0.0286432
 0.000132144,   0.0290201
 0.000132148,   0.0290201
 0.000132152,    0.029397
 0.000132156,   0.0297739
  0.00013216,   0.0297739
 0.000132164,   0.0301508
 0.000132168,   0.0301508
 0.000132172,   0.0305276
 0.000132176,   0.0309045
  0.00013218,   0.0309045
 0.000132184,   0.0309045
 0.000132188,   0.0312814
 0.000132192,   0.0312814
 0.000132196,   0.0316583
   0.0001322,   0.0316583
 0.000132204,   0.0320352
 0.000132208,   0.0324121
 0.000132212,   0.0324121
 0.000132216,   0.0324121
  0.00013222,   0.0327889
 0.000132224,   0.0327889
 0.000132228,   0.0331658
 0.000132232,   0.0331658
 0.000132236,   0.0335427
  0.00013224,   0.0335427
 0.000132244,   0.0339196
 0.000132248,   0.0339196
 0.000132252,   0.0342965
 0.000132256,   0.0342965
  0.00013226,   0.0346734
 0.000132264,   0.0346734
 0.000132268,   0.0346734
 0.000132272,   0.0350503
 0.000132276,   0.0354271
  0.00013228,   0.0354271
 0.000132284,   0.0354271
 0.000132288,    0.035804
 0.000132292,    0.035804
 0.000132296,   0.0361809
   0.0001323,   0.0361809
 0.000132304,   0.0365578
 0.000132308,   0.0365578
 0.000132312,   0.0365578
 0.000132316,   0.0369347
  0.00013232,   0.0369347
 0.000132324,   0.0373116
 0.000132328,   0.0373116
 0.000132332,   0.0376884
 0.000132336,   0.0376884
  0.00013234,   0.0376884
 0.000132344,   0.0380653
 0.000132348,   0.0380653
 0.000132352,   0.0384422
 0.000132356,   0.0384422
  0.00013236,   0.0384422
 0.000132364,   0.0388191
 0.000132368,   0.0388191
 0.000132372,    0.039196
 0.000132376,    0.039196
  0.00013238,    0.039196
 0.000132384,   0.0395729
 0.000132388,   0.0399497
 0.000132392,   0.0399497
 0.000132396,   0.0399497
   0.0001324,   0.0399497
 0.000132404,   0.0403266
 0.000132408,   0.0407035
 0.000132412,   0.0407035
 0.000132416,   0.0407035
  0.00013242,   0.0407035
 0.000132424,   0.0407035
 0.000132428,   0.0414573
 0.000132432,   0.0414573
 0.000132436,   0.0414573
  0.00013244,   0.0414573
 0.000132444,   0.0418342
 0.000132448,   0.0422111
 0.000132452,   0.0422111
 0.000132456,   0.0422111
  0.00013246,   0.0425879
 0.000132464,   0.0425879
 0.000132468,   0.0425879
 0.000132472,   0.0429648
 0.000132476,   0.0429648
  0.00013248,   0.0433417
 0.000132484,   0.0433417
 0.000132488,   0.0437186
 0.000132492,   0.0437186
 0.000132496,   0.0437186
   0.0001325,   0.0437186
 0.000132504,   0.0440955
 0.000132508,   0.0444724
 0.000132512,   0.0444724
 0.000132516,   0.0444724
  0.00013252,   0.0444724
 0.000132524,   0.0448492
 0.000132528,   0.0448492
 0.000132532,   0.0448492
 0.000132536,   0.0452261
  0.00013254,   0.0452261
 0.000132544,    0.045603
 0.000132548,    0.045603
 0.000132552,    0.045603
 0.000132556,    0.045603
  0.00013256,   0.0459799
 0.000132564,   0.0463568
 0.000132568,   0.0463568
 0.000132572,   0.0459799
 0.000132576,   0.0463568
  0.00013258,   0.0463568
 0.000132584,   0.0463568
 0.000132588,   0.0467337
 0.000132592,   0.0467337
 0.000132596,   0.0471106
   0.0001326,   0.0471106
 0.000132604,   0.0471106
 0.000132608,   0.0474874
 0.000132612,   0.0474874
 0.000132616,   0.0478643
  0.00013262,   0.0478643
 0.000132624,   0.0478643
 0.000132628,   0.0482412
 0.000132632,   0.0482412
 0.000132636,   0.0482412
  0.00013264,   0.0486181
 0.000132644,   0.0482412
 0.000132648,   0.0486181
 0.000132652,   0.0486181
 0.000132656,   0.0486181
  0.00013266,    0.048995
 0.000132664,    0.048995
 0.000132668,    0.048995
 0.000132672,   0.0493719
 0.000132676,    0.048995
  0.00013268,    0.048995
 0.000132684,   0.0493719
 0.000132688,   0.0493719
 0.000132692,   0.0497487
 0.000132696,   0.0493719
   0.0001327,   0.0493719
 0.000132704,   0.0497487
 0.000132708,   0.0497487
 0.000132712,   0.0501256
 0.000132716,   0.0497487
  0.00013272,   0.0493719
 0.000132724,   0.0497487
 0.000132728,   0.0501256
 0.000132732,   0.0501256
 0.000132736,   0.0501256
  0.00013274,   0.0501256
 0.000132744,   0.0501256
 0.000132748,   0.0501256
 0.000132752,   0.0501256
 0.000132756,   0.0505025
  0.00013276,   0.0501256
 0.000132764,   0.0501256
 0.000132768,   0.0505025
 0.000132772,   0.0505025
 0.000132776,   0.0505025
  0.00013278,   0.0508794
 0.000132784,   0.0501256
 0.000132788,   0.0505025
 0.000132792,   0.0505025
 0.000132796,   0.0505025
   0.0001328,   0.0508794
 0.000132804,   0.0505025
 0.000132808,   0.0505025
 0.000132812,   0.0505025
 0.000132816,   0.0505025
  0.00013282,   0.0508794
 0.000132824,   0.0505025
 0.000132828,   0.0501256
 0.000132832,   0.0508794
 0.000132836,   0.0505025
  0.00013284,   0.0505025
 0.000132844,   0.0505025
 0.000132848,   0.0501256
 0.000132852,   0.0505025
 0.000132856,   0.0501256
  0.00013286,   0.0505025
 0.000132864,   0.0505025
 0.000132868,   0.0501256
 0.000132872,   0.0505025
 0.000132876,   0.0501256
  0.00013288,   0.0501256
 0.000132884,   0.0501256
 0.000132888,   0.0501256
 0.000132892,   0.0501256
 0.000132896,   0.0501256
   0.0001329,   0.0497487
 0.000132904,   0.0501256
 0.000132908,   0.0497487
 0.000132912,   0.0497487
 0.000132916,   0.0497487
  0.00013292,   0.0497487
 0.000132924,   0.0497487
 0.000132928,   0.0497487
 0.000132932,   0.0493719
 0.000132936,   0.0493719
  0.00013294,   0.0493719
 0.000132944,    0.048995
 0.000132948,   0.0493719
 0.000132952,    0.048995
 0.000132956,    0.048995
  0.00013296,   0.0486181
 0.000132964,    0.048995
 0.000132968,    0.048995
 0.000132972,   0.0486181
 0.000132976,   0.0486181
  0.00013298,   0.0486181
 0.000132984,   0.0486181
 0.000132988,   0.0482412
 0.000132992,   0.0482412
 0.000132996,   0.0482412
    0.000133,   0.0482412
 0.000133004,   0.0478643
 0.000133008,   0.0478643
 0.000133012,   0.0478643
 0.000133016,   0.0474874
  0.00013302,   0.0474874
 0.000133024,   0.0474874
 0.000133028,   0.0471106
 0.000133032,   0.0474874
 0.000133036,   0.0471106
  0.00013304,   0.0471106
 0.000133044,   0.0471106
 0.000133048,   0.0467337
 0.000133052,   0.0467337
 0.000133056,   0.0463568
  0.00013306,   0.0463568
 0.000133064,   0.0463568
 0.000133068,   0.0459799
 0.000133072,   0.0459799
 0.000133076,   0.0459799
  0.00013308,    0.045603
 0.000133084,    0.045603
 0.000133088,    0.045603
 0.000133092,   0.0452261
 0.000133096,   0.0452261
   0.0001331,   0.0448492
 0.000133104,   0.0452261
 0.000133108,   0.0448492
 0.000133112,   0.0448492
 0.000133116,   0.0444724
  0.00013312,   0.0444724
 0.000133124,   0.0444724
 0.000133128,   0.0444724
 0.000133132,   0.0440955
 0.000133136,   0.0440955
  0.00013314,   0.0437186
 0.000133144,   0.0437186
 0.000133148,   0.0437186
 0.000133152,   0.0433417
 0.000133156,   0.0433417
  0.00013316,   0.0433417
 0.000133164,   0.0429648
 0.000133168,   0.0429648
 0.000133172,   0.0429648
 0.000133176,   0.0425879
  0.00013318,   0.0425879
 0.000133184,   0.0425879
 0.000133188,   0.0422111
 0.000133192,   0.0418342
 0.000133196,   0.0418342
   0.0001332,   0.0422111
 0.000133204,   0.0418342
 0.000133208,   0.0418342
 0.000133212,   0.0414573
 0.000133216,   0.0414573
  0.00013322,   0.0414573
 0.000133224,   0.0410804
 0.000133228,   0.0410804
 0.000133232,   0.0407035
 0.000133236,   0.0407035
  0.00013324,   0.0403266
 0.000133244,   0.0407035
 0.000133248,   0.0403266
 0.000133252,   0.0399497
 0.000133256,   0.0399497
  0.00013326,   0.0399497
 0.000133264,   0.0399497
 0.000133268,   0.0395729
 0.000133272,   0.0395729
 0.000133276,   0.0395729
  0.00013328,    0.039196
 0.000133284,    0.039196
 0.000133288,    0.039196
 0.000133292,   0.0388191
 0.000133296,   0.0388191
   0.0001333,   0.0384422
 0.000133304,   0.0388191
 0.000133308,   0.0384422
 0.000133312,   0.0384422
 0.000133316,   0.0384422
  0.00013332,   0.0376884
 0.000133324,   0.0376884
 0.000133328,   0.0376884
 0.000133332,   0.0376884
 0.000133336,   0.0376884
  0.00013334,   0.0373116
 0.000133344,   0.0373116
 0.000133348,   0.0376884
 0.000133352,   0.0369347
 0.000133356,   0.0369347
  0.00013336,   0.0369347
 0.000133364,   0.0365578
 0.000133368,   0.0365578
 0.000133372,   0.0365578
 0.000133376,   0.0365578
  0.00013338,   0.0365578
 0.000133384,   0.0361809
 0.000133388,   0.0361809
 0.000133392,    0.035804
 0.000133396,   0.0354271
   0.0001334,   0.0354271
 0.000133404,   0.0354271
 0.000133408,   0.0350503
 0.000133412,   0.0350503
 0.000133416,   0.0346734
  0.00013342,   0.0350503
 0.000133424,   0.0346734
 0.000133428,   0.0346734
 0.000133432,   0.0342965
 0.000133436,   0.0342965
  0.00013344,   0.0339196
 0.000133444,   0.0339196
 0.000133448,   0.0335427
 0.000133452,   0.0339196
 0.000133456,   0.0335427
  0.00013346,   0.0331658
 0.000133464,   0.0331658
 0.000133468,   0.0331658
 0.000133472,   0.0331658
 0.000133476,   0.0327889
  0.00013348,   0.0327889
 0.000133484,   0.0324121
 0.000133488,   0.0324121
 0.000133492,   0.0324121
 0.000133496,   0.0324121
   0.0001335,   0.0320352
 0.000133504,   0.0320352
 0.000133508,   0.0324121
 0.000133512,   0.0320352
 0.000133516,   0.0316583
  0.00013352,   0.0316583
 0.000133524,   0.0312814
 0.000133528,   0.0312814
 0.000133532,   0.0312814
 0.000133536,   0.0312814
  0.00013354,   0.0309045
 0.000133544,   0.0305276
 0.000133548,   0.0309045
 0.000133552,   0.0305276
 0.000133556,   0.0301508
  0.00013356,   0.0301508
 0.000133564,   0.0297739
 0.000133568,   0.0297739
 0.000133572,   0.0301508
 0.000133576,   0.0297739
  0.00013358,   0.0297739
 0.000133584,    0.029397
 0.000133588,    0.029397
 0.000133592,    0.029397
 0.000133596,   0.0290201
   0.0001336,   0.0290201
 0.000133604,   0.0290201
 0.000133608,   0.0286432
 0.000133612,   0.0286432
 0.000133616,   0.0282663
  0.00013362,   0.0282663
 0.000133624,   0.0282663
 0.000133628,   0.0278894
 0.000133632,   0.0278894
 0.000133636,   0.0278894
  0.00013364,   0.0275126
 0.000133644,   0.0275126
 0.000133648,   0.0271357
 0.000133652,   0.0271357
 0.000133656,   0.0271357
  0.00013366,   0.0267588
 0.000133664,   0.0267588
 0.000133668,   0.0267588
 0.000133672,   0.0267588
 0.000133676,   0.0263819
  0.00013368,    0.026005
 0.000133684,    0.026005
 0.000133688,   0.0263819
 0.000133692,    0.026005
 0.000133696,    0.026005
   0.0001337,   0.0256281
 0.000133704,   0.0252513
 0.000133708,   0.0256281
 0.000133712,   0.0252513
 0.000133716,   0.0252513
  0.00013372,   0.0248744
 0.000133724,   0.0248744
 0.000133728,   0.0248744
 0.000133732,   0.0248744
 0.000133736,   0.0244975
  0.00013374,   0.0244975
 0.000133744,   0.0241206
 0.000133748,   0.0241206
 0.000133752,   0.0241206
 0.000133756,   0.0237437
  0.00013376,   0.0241206
 0.000133764,   0.0237437
 0.000133768,   0.0233668
 0.000133772,   0.0233668
 0.000133776,   0.0233668
  0.00013378,   0.0233668
 0.000133784,   0.0229899
 0.000133788,   0.0229899
 0.000133792,   0.0229899
 0.000133796,   0.0229899
   0.0001338,   0.0229899
 0.000133804,   0.0229899
 0.000133808,   0.0226131
 0.000133812,   0.0226131
 0.000133816,   0.0222362
  0.00013382,   0.0222362
 0.000133824,   0.0222362
 0.000133828,   0.0218593
 0.000133832,   0.0218593
 0.000133836,   0.0218593
  0.00013384,   0.0218593
 0.000133844,   0.0218593
 0.000133848,   0.0218593
 0.000133852,   0.0214824
 0.000133856,   0.0214824
  0.00013386,   0.0211055
 0.000133864,   0.0211055
 0.000133868,   0.0214824
 0.000133872,   0.0211055
 0.000133876,   0.0211055
  0.00013388,   0.0211055
 0.000133884,   0.0207286
 0.000133888,   0.0207286
 0.000133892,   0.0203518
 0.000133896,   0.0207286
   0.0001339,   0.0203518
 0.000133904,   0.0203518
 0.000133908,   0.0203518
 0.000133912,   0.0203518
 0.000133916,   0.0203518
  0.00013392,   0.0203518
 0.000133924,   0.0199749
 0.000133928,    0.019598
 0.000133932,   0.0199749
 0.000133936,    0.019598
  0.00013394,   0.0199749
 0.000133944,    0.019598
 0.000133948,    0.019598
 0.000133952,    0.019598
 0.000133956,    0.019598
  0.00013396,    0.019598
 0.000133964,   0.0192211
 0.000133968,   0.0192211
 0.000133972,   0.0192211
 0.000133976,   0.0192211
  0.00013398,   0.0192211
 0.000133984,   0.0188442
 0.000133988,   0.0188442
 0.000133992,   0.0188442
 0.000133996,   0.0188442
    0.000134,   0.0188442
 0.000134004,   0.0188442
 0.000134008,   0.0184673
 0.000134012,   0.0188442
 0.000134016,   0.0188442
  0.00013402,   0.0184673
 0.000134024,   0.0184673
 0.000134028,   0.0184673
 0.000134032,   0.0184673
 0.000134036,   0.0184673
  0.00013404,   0.0180905
 0.000134044,   0.0184673
 0.000134048,   0.0184673
 0.000134052,   0.0184673
 0.000134056,   0.0180905
  0.00013406,   0.0180905
 0.000134064,   0.0184673
 0.000134068,   0.0180905
 0.000134072,   0.0180905
 0.000134076,   0.0180905
  0.00013408,   0.0177136
 0.000134084,   0.0180905
 0.000134088,   0.0177136
 0.000134092,   0.0177136
 0.000134096,   0.0177136
   0.0001341,   0.0177136
 0.000134104,   0.0177136
 0.000134108,   0.0177136
 0.000134112,   0.0173367
 0.000134116,   0.0177136
  0.00013412,   0.0177136
 0.000134124,   0.0173367
 0.000134128,   0.0173367
 0.000134132,   0.0173367
 0.000134136,   0.0173367
  0.00013414,   0.0177136
 0.000134144,   0.0173367
 0.000134148,   0.0173367
 0.000134152,   0.0173367
 0.000134156,   0.0173367
  0.00013416,   0.0173367
 0.000134164,   0.0173367
 0.000134168,   0.0173367
 0.000134172,   0.0173367
 0.000134176,   0.0169598
  0.00013418,   0.0173367
 0.000134184,   0.0169598
 0.000134188,   0.0169598
 0.000134192,   0.0169598
 0.000134196,   0.0169598
   0.0001342,   0.0169598
 0.000134204,   0.0169598
 0.000134208,   0.0169598
 0.000134212,   0.0165829
 0.000134216,   0.0169598
  0.00013422,   0.0169598
 0.000134224,   0.0169598
 0.000134228,   0.0165829
 0.000134232,   0.0165829
 0.000134236,   0.0169598
  0.00013424,   0.0165829
 0.000134244,   0.0165829
 0.000134248,   0.0165829
 0.000134252,    0.016206
 0.000134256,   0.0165829
  0.00013426,    0.016206
 0.000134264,   0.0165829
 0.000134268,   0.0165829
 0.000134272,    0.016206
 0.000134276,    0.016206
  0.00013428,    0.016206
 0.000134284,    0.016206
 0.000134288,    0.016206
 0.000134292,    0.016206
 0.000134296,    0.016206
   0.0001343,    0.016206
 0.000134304,   0.0158291
 0.000134308,   0.0158291
 0.000134312,    0.016206
 0.000134316,   0.0158291
  0.00013432,   0.0158291
 0.000134324,   0.0158291
 0.000134328,   0.0158291
 0.000134332,   0.0158291
 0.000134336,   0.0158291
  0.00013434,   0.0158291
 0.000134344,   0.0154523
 0.000134348,   0.0154523
 0.000134352,   0.0154523
 0.000134356,   0.0154523
  0.00013436,   0.0154523
 0.000134364,   0.0154523
 0.000134368,   0.0150754
 0.000134372,   0.0154523
 0.000134376,   0.0150754
  0.00013438,   0.0150754
 0.000134384,   0.0150754
 0.000134388,   0.0150754
 0.000134392,   0.0150754
 0.000134396,   0.0150754
   0.0001344,   0.0146985
 0.000134404,   0.0150754
 0.000134408,   0.0146985
 0.000134412,   0.0146985
 0.000134416,   0.0150754
  0.00013442,   0.0143216
 0.000134424,   0.0146985
 0.000134428,   0.0146985
 0.000134432,   0.0146985
 0.000134436,   0.0146985
  0.00013444,   0.0143216
 0.000134444,   0.0143216
 0.000134448,   0.0146985
 0.000134452,   0.0143216
 0.000134456,   0.0143216
  0.00013446,   0.0139447
 0.000134464,   0.0139447
 0.000134468,   0.0143216
 0.000134472,   0.0139447
 0.000134476,   0.0139447
  0.00013448,   0.0139447
 0.000134484,   0.0139447
 0.000134488,   0.0139447
 0.000134492,   0.0139447
 0.000134496,   0.0139447
   0.0001345,   0.0139447
 0.000134504,   0.0135678
 0.000134508,   0.0135678
 0.000134512,   0.0135678
 0.000134516,   0.0135678
  0.00013452,   0.0135678
 0.000134524,   0.0135678
 0.000134528,   0.0135678
 0.000134532,   0.0135678
 0.000134536,   0.0135678
  0.00013454,   0.0135678
 0.000134544,   0.0135678
 0.000134548,    0.013191
 0.000134552,    0.013191
 0.000134556,    0.013191
  0.00013456,    0.013191
 0.000134564,    0.013191
 0.000134568,   0.0128141
 0.000134572,    0.013191
 0.000134576,    0.013191
  0.00013458,   0.0128141
 0.000134584,   0.0128141
 0.000134588,   0.0128141
 0.000134592,   0.0128141
 0.000134596,   0.0128141
   0.0001346,   0.0124372
 0.000134604,   0.0128141
 0.000134608,   0.0128141
 0.000134612,   0.0124372
 0.000134616,   0.0128141
  0.00013462,   0.0124372
 0.000134624,   0.0124372
 0.000134628,   0.0124372
 0.000134632,   0.0124372
 0.000134636,   0.0128141
  0.00013464,   0.0124372
 0.000134644,   0.0124372
 0.000134648,   0.0128141
 0.000134652,   0.0124372
 0.000134656,   0.0124372
  0.00013466,   0.0124372
 0.000134664,   0.0120603
 0.000134668,   0.0124372
 0.000134672,   0.0120603
 0.000134676,   0.0120603
  0.00013468,   0.0124372
 0.000134684,   0.0120603
 0.000134688,   0.0120603
 0.000134692,   0.0120603
 0.000134696,   0.0120603
   0.0001347,   0.0120603
 0.000134704,   0.0116834
 0.000134708,   0.0120603
 0.000134712,   0.0120603
 0.000134716,   0.0116834
  0.00013472,   0.0116834
 0.000134724,   0.0116834
 0.000134728,   0.0116834
 0.000134732,   0.0116834
 0.000134736,   0.0116834
  0.00013474,   0.0116834
 0.000134744,   0.0116834
 0.000134748,   0.0116834
 0.000134752,   0.0116834
 0.000134756,   0.0116834
  0.00013476,   0.0113065
 0.000134764,   0.0113065
 0.000134768,   0.0113065
 0.000134772,   0.0116834
 0.000134776,   0.0116834
  0.00013478,   0.0113065
 0.000134784,   0.0113065
 0.000134788,   0.0113065
 0.000134792,   0.0113065
 0.000134796,   0.0113065
   0.0001348,   0.0109296
 0.000134804,   0.0109296
 0.000134808,   0.0113065
 0.000134812,   0.0113065
 0.000134816,   0.0113065
  0.00013482,   0.0109296
 0.000134824,   0.0109296
 0.000134828,   0.0109296
 0.000134832,   0.0109296
 0.000134836,   0.0113065
  0.00013484,   0.0113065
 0.000134844,   0.0109296
 0.000134848,   0.0109296
 0.000134852,   0.0109296
 0.000134856,   0.0109296
  0.00013486,   0.0109296
 0.000134864,   0.0109296
 0.000134868,   0.0109296
 0.000134872,   0.0105528
 0.000134876,   0.0109296
  0.00013488,   0.0109296
 0.000134884,   0.0109296
 0.000134888,   0.0109296
 0.000134892,   0.0109296
 0.000134896,   0.0109296
   0.0001349,   0.0109296
 0.000134904,   0.0105528
 0.000134908,   0.0105528
 0.000134912,   0.0105528
 0.000134916,   0.0105528
  0.00013492,   0.0105528
 0.000134924,   0.0105528
 0.000134928,   0.0105528
 0.000134932,   0.0105528
 0.000134936,   0.0105528
  0.00013494,   0.0105528
 0.000134944,   0.0105528
 0.000134948,   0.0101759
 0.000134952,   0.0101759
 0.000134956,   0.0101759
  0.00013496,   0.0101759
 0.000134964,   0.0101759
 0.000134968,   0.0101759
 0.000134972,   0.0101759
 0.000134976,   0.0101759
  0.00013498,   0.0101759
 0.000134984,   0.0101759
 0.000134988,   0.0101759
 0.000134992,   0.0101759
 0.000134996,   0.0101759
    0.000135,    0.009799
 0.000135004,   0.0101759
 0.000135008,   0.0101759
 0.000135012,   0.0101759
 0.000135016,   0.0101759
  0.00013502,    0.009799
 0.000135024,    0.009799
 0.000135028,   0.0101759
 0.000135032,    0.009799
 0.000135036,    0.009799
  0.00013504,    0.009799
 0.000135044,    0.009799
 0.000135048,    0.009799
 0.000135052,  0.00942211
 0.000135056,  0.00942211
  0.00013506,  0.00942211
 0.000135064,  0.00942211
 0.000135068,    0.009799
 0.000135072,    0.009799
 0.000135076,  0.00942211
  0.00013508,    0.009799
 0.000135084,  0.00942211
 0.000135088,  0.00942211
 0.000135092,  0.00942211
 0.000135096,  0.00904523
   0.0001351,  0.00942211
 0.000135104,  0.00942211
 0.000135108,  0.00942211
 0.000135112,  0.00942211
 0.000135116,  0.00904523
  0.00013512,  0.00904523
 0.000135124,  0.00904523
 0.000135128,  0.00904523
 0.000135132,  0.00904523
 0.000135136,  0.00866834
  0.00013514,  0.00904523
 0.000135144,  0.00942211
 0.000135148,  0.00904523
 0.000135152,  0.00904523
 0.000135156,  0.00866834
  0.00013516,  0.00866834
 0.000135164,  0.00904523
 0.000135168,  0.00866834
 0.000135172,  0.00904523
 0.000135176,  0.00904523
  0.00013518,  0.00866834
 0.000135184,  0.00866834
 0.000135188,  0.00866834
 0.000135192,  0.00866834
 0.000135196,  0.00866834
   0.0001352,  0.00866834
 0.000135204,  0.00866834
 0.000135208,  0.00829146
 0.000135212,  0.00829146
 0.000135216,  0.00829146
  0.00013522,  0.00829146
 0.000135224,  0.00829146
 0.000135228,  0.00829146
 0.000135232,  0.00829146
 0.000135236,  0.00829146
  0.00013524,  0.00829146
 0.000135244,  0.00829146
 0.000135248,  0.00829146
 0.000135252,  0.00829146
 0.000135256,  0.00791457
  0.00013526,  0.00829146
 0.000135264,  0.00791457
 0.000135268,  0.00791457
 0.000135272,  0.00829146
 0.000135276,  0.00791457
  0.00013528,  0.00791457
 0.000135284,  0.00791457
 0.000135288,  0.00791457
 0.000135292,  0.00791457
 0.000135296,  0.00791457
   0.0001353,  0.00791457
 0.000135304,  0.00829146
 0.000135308,  0.00753769
 0.000135312,  0.00791457
 0.000135316,  0.00753769
  0.00013532,  0.00791457
 0.000135324,  0.00791457
 0.000135328,  0.00753769
 0.000135332,  0.00791457
 0.000135336,  0.00753769
  0.00013534,  0.00791457
 0.000135344,  0.00791457
 0.000135348,  0.00791457
 0.000135352,  0.00753769
 0.000135356,  0.00753769
  0.00013536,  0.00753769
 0.000135364,  0.00753769
 0.000135368,  0.00753769
 0.000135372,  0.00753769
 0.000135376,  0.00753769
  0.00013538,  0.00753769
 0.000135384,  0.00753769
 0.000135388,  0.00753769
 0.000135392,  0.00753769
 0.000135396,  0.00753769
   0.0001354,  0.00753769
 0.000135404,  0.00753769
 0.000135408,  0.00753769
 0.000135412,  0.00753769
 0.000135416,  0.00753769
  0.00013542,  0.00791457
 0.000135424,  0.00753769
 0.000135428,  0.00753769
 0.000135432,  0.00753769
 0.000135436,  0.00753769
  0.00013544,  0.00791457
 0.000135444,  0.00753769
 0.000135448,  0.00791457
 0.000135452,  0.00753769
 0.000135456,  0.00753769
  0.00013546,  0.00791457
 0.000135464,  0.00791457
 0.000135468,  0.00791457
 0.000135472,  0.00791457
 0.000135476,  0.00753769
  0.00013548,  0.00791457
 0.000135484,  0.00791457
 0.000135488,  0.00791457
 0.000135492,  0.00791457
 0.000135496,  0.00791457
   0.0001355,  0.00791457
 0.000135504,  0.00791457
 0.000135508,  0.00829146
 0.000135512,  0.00829146
 0.000135516,  0.00829146
  0.00013552,  0.00829146
 0.000135524,  0.00829146
 0.000135528,  0.00829146
 0.000135532,  0.00829146
 0.000135536,  0.00866834
  0.00013554,  0.00829146
 0.000135544,  0.00829146
 0.000135548,  0.00866834
 0.000135552,  0.00866834
 0.000135556,  0.00866834
  0.00013556,  0.00866834
 0.000135564,  0.00866834
 0.000135568,  0.00904523
 0.000135572,  0.00866834
 0.000135576,  0.00904523
  0.00013558,  0.00904523
 0.000135584,  0.00904523
 0.000135588,  0.00904523
 0.000135592,  0.00904523
 0.000135596,  0.00942211
   0.0001356,  0.00942211
 0.000135604,  0.00942211
 0.000135608,  0.00942211
 0.000135612,  0.00942211
 0.000135616,  0.00942211
  0.00013562,    0.009799
 0.000135624,  0.00942211
 0.000135628,  0.00942211
 0.000135632,  0.00942211
 0.000135636,  0.00942211
  0.00013564,   0.0101759
 0.000135644,    0.009799
 0.000135648,    0.009799
 0.000135652,    0.009799
 0.000135656,    0.009799
  0.00013566,   0.0101759
 0.000135664,    0.009799
 0.000135668,   0.0101759
 0.000135672,   0.0105528
 0.000135676,   0.0101759
  0.00013568,   0.0105528
 0.000135684,   0.0105528
 0.000135688,   0.0105528
 0.000135692,   0.0105528
 0.000135696,   0.0105528
   0.0001357,   0.0105528
 0.000135704,   0.0105528
 0.000135708,   0.0109296
 0.000135712,   0.0109296
 0.000135716,   0.0109296
  0.00013572,   0.0105528
 0.000135724,   0.0109296
 0.000135728,   0.0109296
 0.000135732,   0.0109296
 0.000135736,   0.0109296
  0.00013574,   0.0109296
 0.000135744,   0.0113065
 0.000135748,   0.0113065
 0.000135752,   0.0113065
 0.000135756,   0.0113065
  0.00013576,   0.0113065
 0.000135764,   0.0113065
 0.000135768,   0.0116834
 0.000135772,   0.0113065
 0.000135776,   0.0116834
  0.00013578,   0.0116834
 0.000135784,   0.0113065
 0.000135788,   0.0116834
 0.000135792,   0.0116834
 0.000135796,   0.0116834
   0.0001358,   0.0116834
 0.000135804,   0.0116834
 0.000135808,   0.0116834
 0.000135812,   0.0116834
 0.000135816,   0.0120603
  0.00013582,   0.0120603
 0.000135824,   0.0116834
 0.000135828,   0.0120603
 0.000135832,   0.0120603
 0.000135836,   0.0120603
  0.00013584,   0.0124372
 0.000135844,   0.0120603
 0.000135848,   0.0120603
 0.000135852,   0.0124372
 0.000135856,   0.0124372
  0.00013586,   0.0124372
 0.000135864,   0.0124372
 0.000135868,   0.0124372
 0.000135872,   0.0128141
 0.000135876,   0.0124372
  0.00013588,   0.0124372
 0.000135884,   0.0124372
 0.000135888,   0.0124372
 0.000135892,   0.0124372
 0.000135896,   0.0124372
   0.0001359,   0.0124372
 0.000135904,   0.0128141
 0.000135908,   0.0128141
 0.000135912,   0.0128141
 0.000135916,   0.0128141
  0.00013592,   0.0124372
 0.000135924,   0.0128141
 0.000135928,   0.0128141
 0.000135932,   0.0128141
 0.000135936,    0.013191
  0.00013594,   0.0128141
 0.000135944,   0.0128141
 0.000135948,   0.0128141
 0.000135952,    0.013191
 0.000135956,    0.013191
  0.00013596,   0.0128141
 0.000135964,   0.0128141
 0.000135968,    0.013191
 0.000135972,    0.013191
 0.000135976,    0.013191
  0.00013598,    0.013191
 0.000135984,    0.013191
 0.000135988,    0.013191
 0.000135992,    0.013191
 0.000135996,    0.013191
    0.000136,    0.013191
 0.000136004,    0.013191
 0.000136008,   0.0135678
 0.000136012,   0.0135678
 0.000136016,    0.013191
  0.00013602,   0.0135678
 0.000136024,   0.0135678
 0.000136028,   0.0135678
 0.000136032,   0.0135678
 0.000136036,   0.0135678
  0.00013604,   0.0139447
 0.000136044,   0.0135678
 0.000136048,   0.0135678
 0.000136052,   0.0135678
 0.000136056,   0.0135678
  0.00013606,   0.0135678
 0.000136064,   0.0135678
 0.000136068,   0.0135678
 0.000136072,   0.0139447
 0.000136076,   0.0135678
  0.00013608,   0.0135678
 0.000136084,   0.0139447
 0.000136088,   0.0139447
 0.000136092,   0.0139447
 0.000136096,   0.0139447
   0.0001361,   0.0139447
 0.000136104,   0.0143216
 0.000136108,   0.0139447
 0.000136112,   0.0143216
 0.000136116,   0.0143216
  0.00013612,   0.0139447
 0.000136124,   0.0143216
 0.000136128,   0.0143216
 0.000136132,   0.0143216
 0.000136136,   0.0143216
  0.00013614,   0.0143216
 0.000136144,   0.0143216
 0.000136148,   0.0146985
 0.000136152,   0.0143216
 0.000136156,   0.0146985
  0.00013616,   0.0146985
 0.000136164,   0.0143216
 0.000136168,   0.0146985
 0.000136172,   0.0146985
 0.000136176,   0.0146985
  0.00013618,   0.0146985
 0.000136184,   0.0146985
 0.000136188,   0.0150754
 0.000136192,   0.0150754
 0.000136196,   0.0150754
   0.0001362,   0.0154523
 0.000136204,   0.0154523
 0.000136208,   0.0154523
 0.000136212,   0.0154523
 0.000136216,   0.0150754
  0.00013622,   0.0154523
 0.000136224,   0.0154523
 0.000136228,   0.0154523
 0.000136232,   0.0158291
 0.000136236,   0.0154523
  0.00013624,   0.0154523
 0.000136244,   0.0158291
 0.000136248,   0.0158291
 0.000136252,   0.0158291
 0.000136256,   0.0158291
  0.00013626,   0.0158291
 0.000136264,    0.016206
 0.000136268,    0.016206
 0.000136272,   0.0165829
 0.000136276,    0.016206
  0.00013628,    0.016206
 0.000136284,   0.0165829
 0.000136288,   0.0169598
 0.000136292,   0.0165829
 0.000136296,   0.0169598
   0.0001363,   0.0169598
 0.000136304,   0.0173367
 0.000136308,   0.0173367
 0.000136312,   0.0173367
 0.000136316,   0.0173367
  0.00013632,   0.0173367
 0.000136324,   0.0177136
 0.000136328,   0.0177136
 0.000136332,   0.0177136
 0.000136336,   0.0180905
  0.00013634,   0.0180905
 0.000136344,   0.0180905
 0.000136348,   0.0184673
 0.000136352,   0.0180905
 0.000136356,   0.0184673
  0.00013636,   0.0184673
 0.000136364,   0.0184673
 0.000136368,   0.0188442
 0.000136372,   0.0184673
 0.000136376,   0.0188442
  0.00013638,   0.0192211
 0.000136384,   0.0192211
 0.000136388,   0.0192211
 0.000136392,   0.0192211
 0.000136396,    0.019598
   0.0001364,    0.019598
 0.000136404,   0.0199749
 0.000136408,   0.0199749
 0.000136412,   0.0199749
 0.000136416,   0.0199749
  0.00013642,   0.0203518
 0.000136424,   0.0203518
 0.000136428,   0.0203518
 0.000136432,   0.0203518
 0.000136436,   0.0207286
  0.00013644,   0.0211055
 0.000136444,   0.0211055
 0.000136448,   0.0211055
 0.000136452,   0.0211055
 0.000136456,   0.0211055
  0.00013646,   0.0211055
 0.000136464,   0.0214824
 0.000136468,   0.0214824
 0.000136472,   0.0218593
 0.000136476,   0.0218593
  0.00013648,   0.0218593
 0.000136484,   0.0222362
 0.000136488,   0.0222362
 0.000136492,   0.0222362
 0.000136496,   0.0226131
   0.0001365,   0.0222362
 0.000136504,   0.0226131
 0.000136508,   0.0229899
 0.000136512,   0.0229899
 0.000136516,   0.0229899
  0.00013652,   0.0229899
 0.000136524,   0.0229899
 0.000136528,   0.0233668
 0.000136532,   0.0233668
 0.000136536,   0.0237437
  0.00013654,   0.0237437
 0.000136544,   0.0241206
 0.000136548,   0.0241206
 0.000136552,   0.0241206
 0.000136556,   0.0244975
  0.00013656,   0.0244975
 0.000136564,   0.0244975
 0.000136568,   0.0248744
 0.000136572,   0.0248744
 0.000136576,   0.0248744
  0.00013658,   0.0248744
 0.000136584,   0.0252513
 0.000136588,   0.0252513
 0.000136592,   0.0252513
 0.000136596,   0.0256281
   0.0001366,   0.0256281
 0.000136604,   0.0256281
 0.000136608,   0.0256281
 0.000136612,    0.026005
 0.000136616,   0.0256281
  0.00013662,    0.026005
 0.000136624,    0.026005
 0.000136628,    0.026005
 0.000136632,   0.0263819
 0.000136636,   0.0263819
  0.00013664,   0.0263819
 0.000136644,   0.0263819
 0.000136648,   0.0267588
 0.000136652,   0.0267588
 0.000136656,   0.0263819
  0.00013666,   0.0267588
 0.000136664,   0.0271357
 0.000136668,   0.0271357
 0.000136672,   0.0271357
 0.000136676,   0.0271357
  0.00013668,   0.0271357
 0.000136684,   0.0271357
 0.000136688,   0.0275126
 0.000136692,   0.0275126
 0.000136696,   0.0278894
   0.0001367,   0.0275126
 0.000136704,   0.0278894
 0.000136708,   0.0278894
 0.000136712,   0.0278894
 0.000136716,   0.0282663
  0.00013672,   0.0278894
 0.000136724,   0.0278894
 0.000136728,   0.0282663
 0.000136732,   0.0282663
 0.000136736,   0.0282663
  0.00013674,   0.0282663
 0.000136744,   0.0282663
 0.000136748,   0.0286432
 0.000136752,   0.0282663
 0.000136756,   0.0286432
  0.00013676,   0.0286432
 0.000136764,   0.0286432
 0.000136768,   0.0286432
 0.000136772,   0.0286432
 0.000136776,   0.0286432
  0.00013678,   0.0290201
 0.000136784,   0.0286432
 0.000136788,   0.0286432
 0.000136792,   0.0290201
 0.000136796,   0.0286432
   0.0001368,   0.0290201
 0.000136804,   0.0290201
 0.000136808,   0.0290201
 0.000136812,    0.029397
 0.000136816,   0.0290201
  0.00013682,   0.0290201
 0.000136824,   0.0290201
 0.000136828,   0.0290201
 0.000136832,    0.029397
 0.000136836,    0.029397
  0.00013684,   0.0290201
 0.000136844,    0.029397
 0.000136848,    0.029397
 0.000136852,    0.029397
 0.000136856,    0.029397
  0.00013686,   0.0290201
 0.000136864,    0.029397
 0.000136868,    0.029397
 0.000136872,    0.029397
 0.000136876,   0.0297739
  0.00013688,    0.029397
 0.000136884,   0.0297739
 0.000136888,    0.029397
 0.000136892,   0.0290201
 0.000136896,    0.029397
   0.0001369,    0.029397
 0.000136904,    0.029397
 0.000136908,   0.0297739
 0.000136912,    0.029397
 0.000136916,   0.0297739
  0.00013692,   0.0297739
 0.000136924,    0.029397
 0.000136928,   0.0297739
 0.000136932,   0.0297739
 0.000136936,    0.029397
  0.00013694,   0.0297739
 0.000136944,    0.029397
 0.000136948,   0.0297739
 0.000136952,   0.0297739
 0.000136956,    0.029397
  0.00013696,    0.029397
 0.000136964,    0.029397
 0.000136968,   0.0297739
 0.000136972,   0.0297739
 0.000136976,    0.029397
  0.00013698,   0.0297739
 0.000136984,   0.0297739
 0.000136988,   0.0297739
 0.000136992,    0.029397
 0.000136996,    0.029397
    0.000137,   0.0297739
 0.000137004,   0.0297739
 0.000137008,   0.0297739
 0.000137012,   0.0297739
 0.000137016,    0.029397
  0.00013702,    0.029397
 0.000137024,   0.0297739
 0.000137028,    0.029397
 0.000137032,    0.029397
 0.000137036,    0.029397
  0.00013704,   0.0297739
 0.000137044,   0.0297739
 0.000137048,   0.0297739
 0.000137052,    0.029397
 0.000137056,   0.0297739
  0.00013706,   0.0297739
 0.000137064,   0.0297739
 0.000137068,    0.029397
 0.000137072,   0.0297739
 0.000137076,   0.0297739
  0.00013708,   0.0297739
 0.000137084,   0.0297739
 0.000137088,   0.0297739
 0.000137092,   0.0297739
 0.000137096,   0.0297739
   0.0001371,   0.0297739
 0.000137104,   0.0297739
 0.000137108,   0.0297739
 0.000137112,   0.0297739
 0.000137116,   0.0297739
  0.00013712,   0.0301508
 0.000137124,   0.0297739
 0.000137128,   0.0297739
 0.000137132,   0.0301508
 0.000137136,   0.0301508
  0.00013714,   0.0301508
 0.000137144,   0.0297739
 0.000137148,   0.0297739
 0.000137152,   0.0301508
 0.000137156,   0.0297739
  0.00013716,   0.0297739
 0.000137164,   0.0297739
 0.000137168,   0.0301508
 0.000137172,   0.0301508
 0.000137176,   0.0297739
  0.00013718,   0.0301508
 0.000137184,   0.0301508
 0.000137188,   0.0301508
 0.000137192,   0.0305276
 0.000137196,   0.0301508
   0.0001372,   0.0301508
 0.000137204,   0.0305276
 0.000137208,   0.0305276
 0.000137212,   0.0305276
 0.000137216,   0.0301508
  0.00013722,   0.0301508
 0.000137224,   0.0301508
 0.000137228,   0.0301508
 0.000137232,   0.0305276
 0.000137236,   0.0305276
  0.00013724,   0.0305276
 0.000137244,   0.0305276
 0.000137248,   0.0305276
 0.000137252,   0.0305276
 0.000137256,   0.0305276
  0.00013726,   0.0305276
 0.000137264,   0.0305276
 0.000137268,   0.0305276
 0.000137272,   0.0305276
 0.000137276,   0.0305276
  0.00013728,   0.0309045
 0.000137284,   0.0305276
 0.000137288,   0.0305276
 0.000137292,   0.0301508
 0.000137296,   0.0305276
   0.0001373,   0.0305276
 0.000137304,   0.0309045
 0.000137308,   0.0305276
 0.000137312,   0.0305276
 0.000137316,   0.0305276
  0.00013732,   0.0309045
 0.000137324,   0.0309045
 0.000137328,   0.0309045
 0.000137332,   0.0305276
 0.000137336,   0.0309045
  0.00013734,   0.0309045
 0.000137344,   0.0309045
 0.000137348,   0.0309045
 0.000137352,   0.0309045
 0.000137356,   0.0309045
  0.00013736,   0.0309045
 0.000137364,   0.0309045
 0.000137368,   0.0309045
 0.000137372,   0.0312814
 0.000137376,   0.0309045
  0.00013738,   0.0309045
 0.000137384,   0.0309045
 0.000137388,   0.0309045
 0.000137392,   0.0309045
 0.000137396,   0.0312814
   0.0001374,   0.0312814
 0.000137404,   0.0312814
 0.000137408,   0.0309045
 0.000137412,   0.0312814
 0.000137416,   0.0312814
  0.00013742,   0.0309045
 0.000137424,   0.0312814
 0.000137428,   0.0312814
 0.000137432,   0.0312814
 0.000137436,   0.0316583
  0.00013744,   0.0312814
 0.000137444,   0.0316583
 0.000137448,   0.0316583
 0.000137452,   0.0312814
 0.000137456,   0.0316583
  0.00013746,   0.0312814
 0.000137464,   0.0316583
 0.000137468,   0.0316583
 0.000137472,   0.0316583
 0.000137476,   0.0320352
  0.00013748,   0.0316583
 0.000137484,   0.0316583
 0.000137488,   0.0320352
 0.000137492,   0.0316583
 0.000137496,   0.0320352
   0.0001375,   0.0320352
 0.000137504,   0.0320352
 0.000137508,   0.0320352
 0.000137512,   0.0320352
 0.000137516,   0.0320352
  0.00013752,   0.0324121
 0.000137524,   0.0324121
 0.000137528,   0.0324121
 0.000137532,   0.0324121
 0.000137536,   0.0320352
  0.00013754,   0.0324121
 0.000137544,   0.0327889
 0.000137548,   0.0327889
 0.000137552,   0.0327889
 0.000137556,   0.0327889
  0.00013756,   0.0327889
 0.000137564,   0.0327889
 0.000137568,   0.0327889
 0.000137572,   0.0327889
 0.000137576,   0.0331658
  0.00013758,   0.0331658
 0.000137584,   0.0331658
 0.000137588,   0.0331658
 0.000137592,   0.0331658
 0.000137596,   0.0335427
   0.0001376,   0.0331658
 0.000137604,   0.0335427
 0.000137608,   0.0335427
 0.000137612,   0.0335427
 0.000137616,   0.0339196
  0.00013762,   0.0339196
 0.000137624,   0.0339196
 0.000137628,   0.0339196
 0.000137632,   0.0339196
 0.000137636,   0.0342965
  0.00013764,   0.0339196
 0.000137644,   0.0342965
 0.000137648,   0.0342965
 0.000137652,   0.0342965
 0.000137656,   0.0346734
  0.00013766,   0.0342965
 0.000137664,   0.0346734
 0.000137668,   0.0346734
 0.000137672,   0.0346734
 0.000137676,   0.0350503
  0.00013768,   0.0350503
 0.000137684,   0.0350503
 0.000137688,   0.0350503
 0.000137692,   0.0354271
 0.000137696,   0.0354271
   0.0001377,   0.0354271
 0.000137704,   0.0354271
 0.000137708,    0.035804
 0.000137712,   0.0361809
 0.000137716,   0.0361809
  0.00013772,   0.0361809
 0.000137724,   0.0365578
 0.000137728,   0.0365578
 0.000137732,   0.0369347
 0.000137736,   0.0369347
  0.00013774,   0.0369347
 0.000137744,   0.0373116
 0.000137748,   0.0373116
 0.000137752,   0.0376884
 0.000137756,   0.0376884
  0.00013776,   0.0376884
 0.000137764,   0.0376884
 0.000137768,   0.0376884
 0.000137772,   0.0384422
 0.000137776,   0.0384422
  0.00013778,   0.0384422
 0.000137784,   0.0384422
 0.000137788,   0.0388191
 0.000137792,   0.0388191
 0.000137796,    0.039196
   0.0001378,    0.039196
 0.000137804,   0.0395729
 0.000137808,   0.0399497
 0.000137812,   0.0399497
 0.000137816,   0.0403266
  0.00013782,   0.0399497
 0.000137824,   0.0403266
 0.000137828,   0.0407035
 0.000137832,   0.0407035
 0.000137836,   0.0410804
  0.00013784,   0.0410804
 0.000137844,   0.0414573
 0.000137848,   0.0418342
 0.000137852,   0.0418342
 0.000137856,   0.0418342
  0.00013786,   0.0422111
 0.000137864,   0.0422111
 0.000137868,   0.0425879
 0.000137872,   0.0425879
 0.000137876,   0.0429648
  0.00013788,   0.0433417
 0.000137884,   0.0433417
 0.000137888,   0.0437186
 0.000137892,   0.0437186
 0.000137896,   0.0440955
   0.0001379,   0.0444724
 0.000137904,   0.0448492
 0.000137908,   0.0448492
 0.000137912,   0.0452261
 0.000137916,   0.0452261
  0.00013792,    0.045603
 0.000137924,   0.0459799
 0.000137928,   0.0459799
 0.000137932,   0.0463568
 0.000137936,   0.0467337
  0.00013794,   0.0467337
 0.000137944,   0.0474874
 0.000137948,   0.0471106
 0.000137952,   0.0474874
 0.000137956,   0.0474874
  0.00013796,   0.0482412
 0.000137964,   0.0486181
 0.000137968,   0.0486181
 0.000137972,    0.048995
 0.000137976,    0.048995
  0.00013798,   0.0493719
 0.000137984,   0.0493719
 0.000137988,   0.0497487
 0.000137992,   0.0501256
 0.000137996,   0.0505025
    0.000138,   0.0508794
 0.000138004,   0.0508794
 0.000138008,   0.0512563
 0.000138012,   0.0512563
 0.000138016,     0.05201
  0.00013802,     0.05201
 0.000138024,     0.05201
 0.000138028,   0.0523869
 0.000138032,   0.0527638
 0.000138036,   0.0531407
  0.00013804,   0.0535176
 0.000138044,   0.0535176
 0.000138048,   0.0538945
 0.000138052,   0.0542714
 0.000138056,   0.0542714
  0.00013806,   0.0546482
 0.000138064,   0.0550251
 0.000138068,    0.055402
 0.000138072,   0.0557789
 0.000138076,   0.0557789
  0.00013808,   0.0561558
 0.000138084,   0.0565327
 0.000138088,   0.0569095
 0.000138092,   0.0572864
 0.000138096,   0.0572864
   0.0001381,   0.0576633
 0.000138104,   0.0576633
 0.000138108,   0.0580402
 0.000138112,    0.058794
 0.000138116,   0.0584171
  0.00013812,   0.0591709
 0.000138124,   0.0591709
 0.000138128,   0.0595477
 0.000138132,   0.0599246
 0.000138136,   0.0599246
  0.00013814,   0.0603015
 0.000138144,   0.0606784
 0.000138148,   0.0610553
 0.000138152,   0.0614322
 0.000138156,    0.061809
  0.00013816,    0.061809
 0.000138164,   0.0621859
 0.000138168,   0.0625628
 0.000138172,   0.0625628
 0.000138176,   0.0629397
  0.00013818,   0.0633166
 0.000138184,   0.0636935
 0.000138188,   0.0636935
 0.000138192,   0.0636935
 0.000138196,   0.0644472
   0.0001382,   0.0648241
 0.000138204,   0.0648241
 0.000138208,    0.065201
 0.000138212,   0.0655779
 0.000138216,   0.0659548
  0.00013822,   0.0663317
 0.000138224,   0.0663317
 0.000138228,   0.0667085
 0.000138232,   0.0667085
 0.000138236,   0.0670854
  0.00013824,   0.0674623
 0.000138244,   0.0674623
 0.000138248,   0.0678392
 0.000138252,   0.0682161
 0.000138256,    0.068593
  0.00013826,   0.0689698
 0.000138264,   0.0689698
 0.000138268,   0.0693467
 0.000138272,   0.0697236
 0.000138276,   0.0697236
  0.00013828,   0.0701005
 0.000138284,   0.0704774
 0.000138288,   0.0704774
 0.000138292,   0.0708543
 0.000138296,   0.0708543
   0.0001383,   0.0712312
 0.000138304,    0.071608
 0.000138308,   0.0719849
 0.000138312,   0.0723618
 0.000138316,   0.0723618
  0.00013832,   0.0727387
 0.000138324,   0.0727387
 0.000138328,   0.0731156
 0.000138332,   0.0738693
 0.000138336,   0.0738693
  0.00013834,   0.0742462
 0.000138344,   0.0742462
 0.000138348,   0.0746231
 0.000138352,   0.0746231
 0.000138356,   0.0753769
  0.00013836,   0.0753769
 0.000138364,   0.0757538
 0.000138368,   0.0753769
 0.000138372,   0.0761307
 0.000138376,   0.0765075
  0.00013838,   0.0765075
 0.000138384,   0.0768844
 0.000138388,   0.0772613
 0.000138392,   0.0776382
 0.000138396,   0.0776382
   0.0001384,   0.0780151
 0.000138404,    0.078392
 0.000138408,    0.078392
 0.000138412,   0.0787688
 0.000138416,   0.0791457
  0.00013842,   0.0795226
 0.000138424,   0.0795226
 0.000138428,   0.0798995
 0.000138432,   0.0802764
 0.000138436,   0.0806533
  0.00013844,   0.0806533
 0.000138444,   0.0806533
 0.000138448,    0.081407
 0.000138452,    0.081407
 0.000138456,   0.0817839
  0.00013846,   0.0817839
 0.000138464,   0.0821608
 0.000138468,   0.0825377
 0.000138472,   0.0825377
 0.000138476,   0.0829146
  0.00013848,   0.0832915
 0.000138484,   0.0832915
 0.000138488,   0.0832915
 0.000138492,   0.0840452
 0.000138496,   0.0844221
   0.0001385,   0.0844221
 0.000138504,    0.084799
 0.000138508,    0.084799
 0.000138512,   0.0851759
 0.000138516,   0.0851759
  0.00013852,   0.0855528
 0.000138524,   0.0863065
 0.000138528,   0.0859296
 0.000138532,   0.0866834
 0.000138536,   0.0870603
  0.00013854,   0.0870603
 0.000138544,   0.0874372
 0.000138548,   0.0874372
 0.000138552,   0.0878141
 0.000138556,    0.088191
  0.00013856,    0.088191
 0.000138564,   0.0889447
 0.000138568,   0.0889447
 0.000138572,   0.0889447
 0.000138576,   0.0893216
  0.00013858,   0.0896985
 0.000138584,   0.0900754
 0.000138588,   0.0900754
 0.000138592,   0.0900754
 0.000138596,   0.0908291
   0.0001386,    0.091206
 0.000138604,    0.091206
 0.000138608,   0.0915829
 0.000138612,   0.0915829
 0.000138616,   0.0919598
  0.00013862,   0.0923367
 0.000138624,   0.0923367
 0.000138628,   0.0927136
 0.000138632,   0.0927136
 0.000138636,   0.0934673
  0.00013864,   0.0938442
 0.000138644,   0.0938442
 0.000138648,   0.0942211
 0.000138652,   0.0942211
 0.000138656,    0.094598
  0.00013866,   0.0949749
 0.000138664,   0.0953518
 0.000138668,   0.0953518
 0.000138672,   0.0957286
 0.000138676,   0.0957286
  0.00013868,   0.0961055
 0.000138684,   0.0964824
 0.000138688,   0.0964824
 0.000138692,   0.0968593
 0.000138696,   0.0972362
   0.0001387,   0.0972362
 0.000138704,   0.0979899
 0.000138708,   0.0979899
 0.000138712,   0.0983668
 0.000138716,   0.0987437
  0.00013872,   0.0987437
 0.000138724,   0.0991206
 0.000138728,   0.0991206
 0.000138732,   0.0998744
 0.000138736,    0.100251
  0.00013874,    0.100251
 0.000138744,    0.100628
 0.000138748,    0.100628
 0.000138752,    0.100628
 0.000138756,    0.101382
  0.00013876,    0.101382
 0.000138764,    0.101759
 0.000138768,    0.101759
 0.000138772,    0.102136
 0.000138776,    0.102513
  0.00013878,    0.102513
 0.000138784,    0.102889
 0.000138788,    0.103266
 0.000138792,    0.103266
 0.000138796,    0.103266
   0.0001388,    0.103643
 0.000138804,    0.104397
 0.000138808,    0.104397
 0.000138812,    0.104774
 0.000138816,    0.104774
  0.00013882,    0.105151
 0.000138824,    0.105151
 0.000138828,    0.105528
 0.000138832,    0.105905
 0.000138836,    0.105905
  0.00013884,    0.106658
 0.000138844,    0.106658
 0.000138848,    0.107035
 0.000138852,    0.107035
 0.000138856,    0.107412
  0.00013886,    0.107789
 0.000138864,    0.108166
 0.000138868,    0.108166
 0.000138872,    0.108543
 0.000138876,    0.108543
  0.00013888,     0.10892
 0.000138884,    0.109296
 0.000138888,    0.109673
 0.000138892,    0.109673
 0.000138896,     0.11005
   0.0001389,     0.11005
 0.000138904,    0.110427
 0.000138908,    0.110804
 0.000138912,    0.111181
 0.000138916,    0.111181
  0.00013892,    0.111558
 0.000138924,    0.111558
 0.000138928,    0.111935
 0.000138932,    0.111935
 0.000138936,    0.112688
  0.00013894,    0.112688
 0.000138944,    0.112688
 0.000138948,    0.113065
 0.000138952,    0.113065
 0.000138956,    0.113819
  0.00013896,    0.113819
 0.000138964,    0.113819
 0.000138968,    0.114196
 0.000138972,    0.114196
 0.000138976,    0.114573
  0.00013898,     0.11495
 0.000138984,     0.11495
 0.000138988,    0.115327
 0.000138992,    0.115327
 0.000138996,    0.115704
    0.000139,     0.11608
 0.000139004,     0.11608
 0.000139008,    0.116834
 0.000139012,    0.116457
 0.000139016,    0.116834
  0.00013902,    0.116834
 0.000139024,    0.117211
 0.000139028,    0.117588
 0.000139032,    0.117588
 0.000139036,    0.117588
  0.00013904,    0.117965
 0.000139044,    0.118342
 0.000139048,    0.118719
 0.000139052,    0.118719
 0.000139056,    0.118719
  0.00013906,    0.119095
 0.000139064,    0.119095
 0.000139068,    0.119472
 0.000139072,    0.120226
 0.000139076,    0.119849
  0.00013908,    0.120226
 0.000139084,    0.120226
 0.000139088,    0.120603
 0.000139092,     0.12098
 0.000139096,     0.12098
   0.0001391,     0.12098
 0.000139104,    0.121357
 0.000139108,    0.121734
 0.000139112,    0.122111
 0.000139116,    0.122111
  0.00013912,    0.122111
 0.000139124,    0.122487
 0.000139128,    0.122487
 0.000139132,    0.122864
 0.000139136,    0.122864
  0.00013914,    0.123241
 0.000139144,    0.123241
 0.000139148,    0.123995
 0.000139152,    0.123618
 0.000139156,    0.123995
  0.00013916,    0.124372
 0.000139164,    0.124372
 0.000139168,    0.124749
 0.000139172,    0.124749
 0.000139176,    0.125126
  0.00013918,    0.125126
 0.000139184,    0.125126
 0.000139188,    0.125503
 0.000139192,    0.125503
 0.000139196,    0.125879
   0.0001392,    0.126256
 0.000139204,    0.126256
 0.000139208,    0.126633
 0.000139212,    0.126633
 0.000139216,    0.126633
  0.00013922,     0.12701
 0.000139224,     0.12701
 0.000139228,    0.127387
 0.000139232,    0.127764
 0.000139236,    0.127764
  0.00013924,    0.128141
 0.000139244,    0.128141
 0.000139248,    0.128141
 0.000139252,    0.128518
 0.000139256,    0.128518
  0.00013926,    0.128894
 0.000139264,    0.128894
 0.000139268,    0.128894
 0.000139272,    0.129648
 0.000139276,    0.129648
  0.00013928,    0.129648
 0.000139284,    0.130025
 0.000139288,    0.129648
 0.000139292,    0.130025
 0.000139296,    0.130402
   0.0001393,    0.130402
 0.000139304,    0.130402
 0.000139308,    0.130779
 0.000139312,    0.130779
 0.000139316,    0.131156
  0.00013932,    0.131156
 0.000139324,    0.131156
 0.000139328,    0.131156
 0.000139332,    0.131533
 0.000139336,     0.13191
  0.00013934,     0.13191
 0.000139344,     0.13191
 0.000139348,    0.132286
 0.000139352,    0.132286
 0.000139356,    0.132286
  0.00013936,    0.132663
 0.000139364,     0.13304
 0.000139368,     0.13304
 0.000139372,     0.13304
 0.000139376,    0.133417
  0.00013938,    0.133794
 0.000139384,    0.133794
 0.000139388,    0.133794
 0.000139392,    0.133794
 0.000139396,    0.134171
   0.0001394,    0.134171
 0.000139404,    0.134548
 0.000139408,    0.134548
 0.000139412,    0.134925
 0.000139416,    0.134925
  0.00013942,    0.134925
 0.000139424,    0.134925
 0.000139428,    0.135302
 0.000139432,    0.135678
 0.000139436,    0.135302
  0.00013944,    0.135678
 0.000139444,    0.135678
 0.000139448,    0.135678
 0.000139452,    0.136432
 0.000139456,    0.136432
  0.00013946,    0.136432
 0.000139464,    0.136432
 0.000139468,    0.136432
 0.000139472,    0.136809
 0.000139476,    0.136809
  0.00013948,    0.136809
 0.000139484,    0.137186
 0.000139488,    0.137186
 0.000139492,    0.137186
 0.000139496,    0.137563
   0.0001395,    0.137563
 0.000139504,    0.137563
 0.000139508,    0.137563
 0.000139512,    0.137563
 0.000139516,     0.13794
  0.00013952,     0.13794
 0.000139524,    0.138317
 0.000139528,    0.138317
 0.000139532,    0.138317
 0.000139536,    0.138693
  0.00013954,    0.138693
 0.000139544,    0.138693
 0.000139548,     0.13907
 0.000139552,    0.138693
 0.000139556,     0.13907
  0.00013956,     0.13907
 0.000139564,     0.13907
 0.000139568,    0.139447
 0.000139572,    0.139447
 0.000139576,    0.139447
  0.00013958,    0.139824
 0.000139584,    0.139447
 0.000139588,    0.139824
 0.000139592,    0.139824
 0.000139596,    0.139824
   0.0001396,    0.140201
 0.000139604,    0.140201
 0.000139608,    0.140201
 0.000139612,    0.140201
 0.000139616,    0.140201
  0.00013962,    0.140578
 0.000139624,    0.140578
 0.000139628,    0.140201
 0.000139632,    0.140578
 0.000139636,    0.140578
  0.00013964,    0.140578
 0.000139644,    0.140955
 0.000139648,    0.140578
 0.000139652,    0.140578
 0.000139656,    0.140578
  0.00013966,    0.140578
 0.000139664,    0.141332
 0.000139668,    0.140955
 0.000139672,    0.140955
 0.000139676,    0.140955
  0.00013968,    0.141332
 0.000139684,    0.141332
 0.000139688,    0.140955
 0.000139692,    0.140955
 0.000139696,    0.141332
   0.0001397,    0.141332
 0.000139704,    0.141332
 0.000139708,    0.141332
 0.000139712,    0.141332
 0.000139716,    0.141332
  0.00013972,    0.141332
 0.000139724,    0.141332
 0.000139728,    0.141332
 0.000139732,    0.140955
 0.000139736,    0.141332
  0.00013974,    0.141332
 0.000139744,    0.140955
 0.000139748,    0.141332
 0.000139752,    0.141332
 0.000139756,    0.141332
  0.00013976,    0.141332
 0.000139764,    0.140955
 0.000139768,    0.141332
 0.000139772,    0.141332
 0.000139776,    0.140955
  0.00013978,    0.141332
 0.000139784,    0.140955
 0.000139788,    0.140955
 0.000139792,    0.141332
 0.000139796,    0.141332
   0.0001398,    0.141332
 0.000139804,    0.140955
 0.000139808,    0.140955
 0.000139812,    0.140955
 0.000139816,    0.140955
  0.00013982,    0.140578
 0.000139824,    0.140578
 0.000139828,    0.140578
 0.000139832,    0.140578
 0.000139836,    0.140578
  0.00013984,    0.140578
 0.000139844,    0.140201
 0.000139848,    0.140201
 0.000139852,    0.140201
 0.000139856,    0.140201
  0.00013986,    0.140201
 0.000139864,    0.139824
 0.000139868,    0.139824
 0.000139872,    0.139824
 0.000139876,    0.139824
  0.00013988,    0.139447
 0.000139884,    0.139447
 0.000139888,    0.139447
 0.000139892,    0.139447
 0.000139896,    0.139447
   0.0001399,     0.13907
 0.000139904,     0.13907
 0.000139908,     0.13907
 0.000139912,    0.138693
 0.000139916,     0.13907
  0.00013992,    0.138693
 0.000139924,    0.138693
 0.000139928,    0.138693
 0.000139932,    0.138317
 0.000139936,    0.138317
  0.00013994,    0.138317
 0.000139944,     0.13794
 0.000139948,    0.138317
 0.000139952,    0.137563
 0.000139956,    0.137563
  0.00013996,    0.137563
 0.000139964,    0.137186
 0.000139968,    0.137563
 0.000139972,    0.137186
 0.000139976,    0.136809
  0.00013998,    0.136809
 0.000139984,    0.136809
 0.000139988,    0.136432
 0.000139992,    0.136432
 0.000139996,    0.136055
     0.00014,    0.136432
 0.000140004,    0.136055
 0.000140008,    0.135678
 0.000140012,    0.135678
 0.000140016,    0.135302
  0.00014002,    0.135302
 0.000140024,    0.134925
 0.000140028,    0.134925
 0.000140032,    0.134925
 0.000140036,    0.134925
  0.00014004,    0.134548
 0.000140044,    0.134548
 0.000140048,    0.134171
 0.000140052,    0.133794
 0.000140056,    0.133794
  0.00014006,    0.133417
 0.000140064,    0.133417
 0.000140068,    0.133417
 0.000140072,     0.13304
 0.000140076,     0.13304
  0.00014008,    0.132663
 0.000140084,    0.132286
 0.000140088,    0.132286
 0.000140092,     0.13191
 0.000140096,     0.13191
   0.0001401,     0.13191
 0.000140104,    0.131533
 0.000140108,    0.131533
 0.000140112,    0.131156
 0.000140116,    0.130779
  0.00014012,    0.130779
 0.000140124,    0.130402
 0.000140128,    0.130402
 0.000140132,    0.130025
 0.000140136,    0.129648
  0.00014014,    0.129648
 0.000140144,    0.129271
 0.000140148,    0.129271
 0.000140152,    0.128894
 0.000140156,    0.128518
  0.00014016,    0.128518
 0.000140164,    0.128141
 0.000140168,    0.128141
 0.000140172,    0.128141
 0.000140176,    0.127764
  0.00014018,    0.127387
 0.000140184,     0.12701
 0.000140188,     0.12701
 0.000140192,     0.12701
 0.000140196,    0.126633
   0.0001402,    0.126256
 0.000140204,    0.125879
 0.000140208,    0.125503
 0.000140212,    0.125503
 0.000140216,    0.125126
  0.00014022,    0.124749
 0.000140224,    0.124749
 0.000140228,    0.124372
 0.000140232,    0.124372
 0.000140236,    0.123995
  0.00014024,    0.123618
 0.000140244,    0.123241
 0.000140248,    0.122864
 0.000140252,    0.122487
 0.000140256,    0.122487
  0.00014026,    0.122111
 0.000140264,    0.122111
 0.000140268,    0.121734
 0.000140272,    0.121357
 0.000140276,     0.12098
  0.00014028,     0.12098
 0.000140284,    0.120603
 0.000140288,    0.120226
 0.000140292,    0.119472
 0.000140296,    0.119472
   0.0001403,    0.119472
 0.000140304,    0.118719
 0.000140308,    0.118719
 0.000140312,    0.118342
 0.000140316,    0.117965
  0.00014032,    0.117965
 0.000140324,    0.117211
 0.000140328,    0.117211
 0.000140332,    0.116834
 0.000140336,    0.116457
  0.00014034,    0.116457
 0.000140344,    0.115704
 0.000140348,    0.115704
 0.000140352,    0.115327
 0.000140356,     0.11495
  0.00014036,    0.114573
 0.000140364,    0.114196
 0.000140368,    0.113442
 0.000140372,    0.113442
 0.000140376,    0.113065
  0.00014038,    0.112688
 0.000140384,    0.112312
 0.000140388,    0.111935
 0.000140392,    0.111558
 0.000140396,    0.111181
   0.0001404,    0.111181
 0.000140404,    0.110804
 0.000140408,     0.11005
 0.000140412,     0.11005
 0.000140416,    0.109673
  0.00014042,    0.109296
 0.000140424,     0.10892
 0.000140428,    0.108166
 0.000140432,    0.108166
 0.000140436,    0.107789
  0.00014044,    0.107412
 0.000140444,    0.107412
 0.000140448,    0.106658
 0.000140452,    0.106281
 0.000140456,    0.105905
  0.00014046,    0.105528
 0.000140464,    0.105151
 0.000140468,    0.104774
 0.000140472,     0.10402
 0.000140476,     0.10402
  0.00014048,    0.103643
 0.000140484,    0.102889
 0.000140488,    0.102889
 0.000140492,    0.102136
 0.000140496,    0.101759
   0.0001405,    0.101382
 0.000140504,    0.101005
 0.000140508,    0.101005
 0.000140512,    0.100251
 0.000140516,   0.0998744
  0.00014052,   0.0994975
 0.000140524,   0.0991206
 0.000140528,   0.0983668
 0.000140532,   0.0983668
 0.000140536,   0.0976131
  0.00014054,   0.0972362
 0.000140544,   0.0968593
 0.000140548,   0.0964824
 0.000140552,   0.0961055
 0.000140556,   0.0953518
  0.00014056,   0.0949749
 0.000140564,    0.094598
 0.000140568,   0.0942211
 0.000140572,   0.0938442
 0.000140576,   0.0930905
  0.00014058,   0.0930905
 0.000140584,   0.0923367
 0.000140588,   0.0919598
 0.000140592,   0.0915829
 0.000140596,   0.0908291
   0.0001406,   0.0904523
 0.000140604,   0.0904523
 0.000140608,   0.0896985
 0.000140612,   0.0889447
 0.000140616,   0.0885678
  0.00014062,    0.088191
 0.000140624,   0.0878141
 0.000140628,   0.0874372
 0.000140632,   0.0866834
 0.000140636,   0.0863065
  0.00014064,   0.0859296
 0.000140644,   0.0855528
 0.000140648,   0.0851759
 0.000140652,   0.0840452
 0.000140656,   0.0840452
  0.00014066,   0.0832915
 0.000140664,   0.0829146
 0.000140668,   0.0821608
 0.000140672,   0.0817839
 0.000140676,    0.081407
  0.00014068,   0.0810302
 0.000140684,   0.0802764
 0.000140688,   0.0798995
 0.000140692,   0.0791457
 0.000140696,   0.0787688
   0.0001407,    0.078392
 0.000140704,   0.0780151
 0.000140708,   0.0772613
 0.000140712,   0.0768844
 0.000140716,   0.0761307
  0.00014072,   0.0761307
 0.000140724,   0.0753769
 0.000140728,       0.075
 0.000140732,   0.0746231
 0.000140736,   0.0738693
  0.00014074,   0.0734925
 0.000140744,   0.0731156
 0.000140748,   0.0727387
 0.000140752,   0.0723618
 0.000140756,   0.0712312
  0.00014076,   0.0708543
 0.000140764,   0.0704774
 0.000140768,   0.0701005
 0.000140772,   0.0697236
 0.000140776,   0.0689698
  0.00014078,    0.068593
 0.000140784,   0.0678392
 0.000140788,   0.0674623
 0.000140792,   0.0670854
 0.000140796,   0.0667085
   0.0001408,   0.0659548
 0.000140804,   0.0655779
 0.000140808,   0.0648241
 0.000140812,   0.0644472
 0.000140816,   0.0640704
  0.00014082,   0.0633166
 0.000140824,   0.0629397
 0.000140828,   0.0625628
 0.000140832,    0.061809
 0.000140836,   0.0614322
  0.00014084,   0.0610553
 0.000140844,   0.0606784
 0.000140848,   0.0599246
 0.000140852,   0.0591709
 0.000140856,    0.058794
  0.00014086,   0.0584171
 0.000140864,   0.0576633
 0.000140868,   0.0576633
 0.000140872,   0.0569095
 0.000140876,   0.0561558
  0.00014088,   0.0557789
 0.000140884,   0.0550251
 0.000140888,   0.0546482
 0.000140892,   0.0542714
 0.000140896,   0.0535176
   0.0001409,   0.0531407
 0.000140904,   0.0523869
 0.000140908,   0.0523869
 0.000140912,     0.05201
 0.000140916,   0.0512563
  0.00014092,   0.0508794
 0.000140924,   0.0501256
 0.000140928,   0.0497487
 0.000140932,   0.0493719
 0.000140936,   0.0486181
  0.00014094,   0.0482412
 0.000140944,   0.0474874
 0.000140948,   0.0474874
 0.000140952,   0.0467337
 0.000140956,   0.0463568
  0.00014096,    0.045603
 0.000140964,    0.045603
 0.000140968,   0.0448492
 0.000140972,   0.0444724
 0.000140976,   0.0440955
  0.00014098,   0.0433417
 0.000140984,   0.0429648
 0.000140988,   0.0422111
 0.000140992,   0.0418342
 0.000140996,   0.0418342
