      -5E-05, -0.00904523
 -4.9996E-05, -0.00904523
 -4.9992E-05, -0.00904523
 -4.9988E-05, -0.00904523
 -4.9984E-05, -0.00904523
  -4.998E-05, -0.00904523
 -4.9976E-05, -0.00904523
 -4.9972E-05, -0.00904523
 -4.9968E-05, -0.00904523
 -4.9964E-05, -0.00904523
  -4.996E-05, -0.00949749
 -4.9956E-05, -0.00904523
 -4.9952E-05, -0.00904523
 -4.9948E-05, -0.00949749
 -4.9944E-05, -0.00949749
  -4.994E-05, -0.00904523
 -4.9936E-05, -0.00904523
 -4.9932E-05, -0.00904523
 -4.9928E-05, -0.00949749
 -4.9924E-05, -0.00904523
  -4.992E-05, -0.00904523
 -4.9916E-05, -0.00904523
 -4.9912E-05, -0.00904523
 -4.9908E-05, -0.00904523
 -4.9904E-05, -0.00904523
   -4.99E-05, -0.00859297
 -4.9896E-05, -0.00904523
 -4.9892E-05, -0.00904523
 -4.9888E-05, -0.00904523
 -4.9884E-05, -0.00949749
  -4.988E-05, -0.00904523
 -4.9876E-05, -0.00904523
 -4.9872E-05, -0.00904523
 -4.9868E-05, -0.00904523
 -4.9864E-05, -0.00904523
  -4.986E-05, -0.00904523
 -4.9856E-05, -0.00904523
 -4.9852E-05, -0.00949749
 -4.9848E-05, -0.00904523
 -4.9844E-05, -0.00949749
  -4.984E-05, -0.00949749
 -4.9836E-05, -0.00904523
 -4.9832E-05, -0.00904523
 -4.9828E-05, -0.00949749
 -4.9824E-05, -0.00904523
  -4.982E-05, -0.00904523
 -4.9816E-05, -0.00904523
 -4.9812E-05, -0.00949749
 -4.9808E-05, -0.00949749
 -4.9804E-05, -0.00904523
   -4.98E-05, -0.00904523
 -4.9796E-05, -0.00859297
 -4.9792E-05, -0.00859297
 -4.9788E-05, -0.00949749
 -4.9784E-05, -0.00904523
  -4.978E-05, -0.00904523
 -4.9776E-05, -0.00904523
 -4.9772E-05, -0.00904523
 -4.9768E-05, -0.00949749
 -4.9764E-05, -0.00904523
  -4.976E-05, -0.00949749
 -4.9756E-05, -0.00949749
 -4.9752E-05, -0.00904523
 -4.9748E-05, -0.00949749
 -4.9744E-05, -0.00949749
  -4.974E-05, -0.00859297
 -4.9736E-05, -0.00904523
 -4.9732E-05, -0.00904523
 -4.9728E-05, -0.00904523
 -4.9724E-05, -0.00904523
  -4.972E-05, -0.00859297
 -4.9716E-05, -0.00904523
 -4.9712E-05, -0.00904523
 -4.9708E-05, -0.00859297
 -4.9704E-05, -0.00904523
   -4.97E-05, -0.00904523
 -4.9696E-05, -0.00859297
 -4.9692E-05, -0.00904523
 -4.9688E-05, -0.00904523
 -4.9684E-05, -0.00904523
  -4.968E-05, -0.00859297
 -4.9676E-05, -0.00904523
 -4.9672E-05, -0.00949749
 -4.9668E-05, -0.00904523
 -4.9664E-05, -0.00904523
  -4.966E-05, -0.00904523
 -4.9656E-05, -0.00904523
 -4.9652E-05, -0.00904523
 -4.9648E-05, -0.00904523
 -4.9644E-05, -0.00904523
  -4.964E-05, -0.00904523
 -4.9636E-05, -0.00904523
 -4.9632E-05, -0.00904523
 -4.9628E-05, -0.00904523
 -4.9624E-05, -0.00904523
  -4.962E-05, -0.00949749
 -4.9616E-05, -0.00904523
 -4.9612E-05, -0.00904523
 -4.9608E-05, -0.00904523
 -4.9604E-05, -0.00859297
   -4.96E-05, -0.00859297
 -4.9596E-05, -0.00904523
 -4.9592E-05, -0.00904523
 -4.9588E-05, -0.00904523
 -4.9584E-05, -0.00904523
  -4.958E-05, -0.00904523
 -4.9576E-05, -0.00904523
 -4.9572E-05, -0.00904523
 -4.9568E-05, -0.00949749
 -4.9564E-05, -0.00904523
  -4.956E-05, -0.00904523
 -4.9556E-05, -0.00949749
 -4.9552E-05, -0.00904523
 -4.9548E-05, -0.00904523
 -4.9544E-05, -0.00904523
  -4.954E-05, -0.00904523
 -4.9536E-05, -0.00904523
 -4.9532E-05, -0.00904523
 -4.9528E-05, -0.00949749
 -4.9524E-05, -0.00904523
  -4.952E-05, -0.00859297
 -4.9516E-05, -0.00904523
 -4.9512E-05, -0.00949749
 -4.9508E-05, -0.00859297
 -4.9504E-05, -0.00949749
   -4.95E-05, -0.00949749
 -4.9496E-05, -0.00904523
 -4.9492E-05, -0.00904523
 -4.9488E-05, -0.00904523
 -4.9484E-05, -0.00949749
  -4.948E-05, -0.00904523
 -4.9476E-05, -0.00904523
 -4.9472E-05, -0.00949749
 -4.9468E-05, -0.00904523
 -4.9464E-05, -0.00904523
  -4.946E-05, -0.00949749
 -4.9456E-05, -0.00904523
 -4.9452E-05, -0.00904523
 -4.9448E-05, -0.00904523
 -4.9444E-05, -0.00904523
  -4.944E-05, -0.00949749
 -4.9436E-05, -0.00904523
 -4.9432E-05, -0.00904523
 -4.9428E-05, -0.00859297
 -4.9424E-05, -0.00904523
  -4.942E-05, -0.00949749
 -4.9416E-05, -0.00904523
 -4.9412E-05, -0.00859297
 -4.9408E-05, -0.00904523
 -4.9404E-05, -0.00949749
   -4.94E-05, -0.00904523
 -4.9396E-05, -0.00904523
 -4.9392E-05, -0.00859297
 -4.9388E-05, -0.00904523
 -4.9384E-05, -0.00904523
  -4.938E-05, -0.00859297
 -4.9376E-05, -0.00949749
 -4.9372E-05, -0.00904523
 -4.9368E-05, -0.00904523
 -4.9364E-05, -0.00904523
  -4.936E-05, -0.00904523
 -4.9356E-05, -0.00949749
 -4.9352E-05, -0.00904523
 -4.9348E-05, -0.00904523
 -4.9344E-05, -0.00949749
  -4.934E-05, -0.00904523
 -4.9336E-05, -0.00904523
 -4.9332E-05, -0.00904523
 -4.9328E-05, -0.00904523
 -4.9324E-05, -0.00949749
  -4.932E-05, -0.00904523
 -4.9316E-05, -0.00904523
 -4.9312E-05, -0.00949749
 -4.9308E-05, -0.00904523
 -4.9304E-05, -0.00949749
   -4.93E-05, -0.00904523
 -4.9296E-05, -0.00904523
 -4.9292E-05, -0.00949749
 -4.9288E-05, -0.00904523
 -4.9284E-05, -0.00904523
  -4.928E-05, -0.00904523
 -4.9276E-05, -0.00904523
 -4.9272E-05, -0.00949749
 -4.9268E-05, -0.00904523
 -4.9264E-05, -0.00904523
  -4.926E-05, -0.00949749
 -4.9256E-05, -0.00904523
 -4.9252E-05, -0.00904523
 -4.9248E-05, -0.00949749
 -4.9244E-05, -0.00904523
  -4.924E-05, -0.00904523
 -4.9236E-05, -0.00904523
 -4.9232E-05, -0.00904523
 -4.9228E-05, -0.00904523
 -4.9224E-05, -0.00904523
  -4.922E-05, -0.00904523
 -4.9216E-05, -0.00904523
 -4.9212E-05, -0.00904523
 -4.9208E-05, -0.00904523
 -4.9204E-05, -0.00904523
   -4.92E-05, -0.00904523
 -4.9196E-05, -0.00904523
 -4.9192E-05, -0.00859297
 -4.9188E-05, -0.00904523
 -4.9184E-05, -0.00949749
  -4.918E-05, -0.00859297
 -4.9176E-05, -0.00904523
 -4.9172E-05, -0.00904523
 -4.9168E-05, -0.00904523
 -4.9164E-05, -0.00904523
  -4.916E-05, -0.00904523
 -4.9156E-05, -0.00904523
 -4.9152E-05, -0.00859297
 -4.9148E-05, -0.00904523
 -4.9144E-05, -0.00949749
  -4.914E-05, -0.00904523
 -4.9136E-05, -0.00904523
 -4.9132E-05, -0.00904523
 -4.9128E-05, -0.00904523
 -4.9124E-05, -0.00904523
  -4.912E-05, -0.00904523
 -4.9116E-05, -0.00904523
 -4.9112E-05, -0.00904523
 -4.9108E-05, -0.00859297
 -4.9104E-05, -0.00904523
   -4.91E-05, -0.00904523
 -4.9096E-05, -0.00859297
 -4.9092E-05, -0.00904523
 -4.9088E-05, -0.00904523
 -4.9084E-05, -0.00904523
  -4.908E-05, -0.00949749
 -4.9076E-05, -0.00904523
 -4.9072E-05, -0.00904523
 -4.9068E-05, -0.00904523
 -4.9064E-05, -0.00904523
  -4.906E-05, -0.00904523
 -4.9056E-05, -0.00904523
 -4.9052E-05, -0.00904523
 -4.9048E-05, -0.00904523
 -4.9044E-05, -0.00904523
  -4.904E-05, -0.00949749
 -4.9036E-05, -0.00904523
 -4.9032E-05, -0.00859297
 -4.9028E-05, -0.00949749
 -4.9024E-05, -0.00904523
  -4.902E-05, -0.00859297
 -4.9016E-05, -0.00904523
 -4.9012E-05, -0.00904523
 -4.9008E-05, -0.00904523
 -4.9004E-05, -0.00859297
    -4.9E-05, -0.00904523
 -4.8996E-05, -0.00904523
 -4.8992E-05, -0.00859297
 -4.8988E-05, -0.00904523
 -4.8984E-05, -0.00904523
  -4.898E-05, -0.00859297
 -4.8976E-05, -0.00904523
 -4.8972E-05, -0.00904523
 -4.8968E-05, -0.00904523
 -4.8964E-05, -0.00904523
  -4.896E-05, -0.00904523
 -4.8956E-05, -0.00949749
 -4.8952E-05, -0.00904523
 -4.8948E-05, -0.00904523
 -4.8944E-05, -0.00949749
  -4.894E-05, -0.00904523
 -4.8936E-05, -0.00904523
 -4.8932E-05, -0.00949749
 -4.8928E-05, -0.00904523
 -4.8924E-05, -0.00904523
  -4.892E-05, -0.00859297
 -4.8916E-05, -0.00904523
 -4.8912E-05, -0.00949749
 -4.8908E-05, -0.00859297
 -4.8904E-05, -0.00904523
   -4.89E-05, -0.00904523
 -4.8896E-05, -0.00904523
 -4.8892E-05, -0.00904523
 -4.8888E-05, -0.00904523
 -4.8884E-05, -0.00904523
  -4.888E-05, -0.00904523
 -4.8876E-05, -0.00904523
 -4.8872E-05, -0.00904523
 -4.8868E-05, -0.00904523
 -4.8864E-05, -0.00904523
  -4.886E-05, -0.00949749
 -4.8856E-05, -0.00904523
 -4.8852E-05, -0.00904523
 -4.8848E-05, -0.00949749
 -4.8844E-05, -0.00904523
  -4.884E-05, -0.00904523
 -4.8836E-05, -0.00904523
 -4.8832E-05, -0.00904523
 -4.8828E-05, -0.00949749
 -4.8824E-05, -0.00859297
  -4.882E-05, -0.00904523
 -4.8816E-05, -0.00949749
 -4.8812E-05, -0.00904523
 -4.8808E-05, -0.00904523
 -4.8804E-05, -0.00904523
   -4.88E-05, -0.00904523
 -4.8796E-05, -0.00904523
 -4.8792E-05, -0.00859297
 -4.8788E-05, -0.00904523
 -4.8784E-05, -0.00949749
  -4.878E-05, -0.00904523
 -4.8776E-05, -0.00904523
 -4.8772E-05, -0.00904523
 -4.8768E-05, -0.00904523
 -4.8764E-05, -0.00904523
  -4.876E-05, -0.00904523
 -4.8756E-05, -0.00904523
 -4.8752E-05, -0.00949749
 -4.8748E-05, -0.00859297
 -4.8744E-05, -0.00904523
  -4.874E-05, -0.00904523
 -4.8736E-05, -0.00904523
 -4.8732E-05, -0.00904523
 -4.8728E-05, -0.00904523
 -4.8724E-05, -0.00904523
  -4.872E-05, -0.00904523
 -4.8716E-05, -0.00859297
 -4.8712E-05, -0.00904523
 -4.8708E-05, -0.00904523
 -4.8704E-05, -0.00904523
   -4.87E-05, -0.00904523
 -4.8696E-05, -0.00859297
 -4.8692E-05, -0.00904523
 -4.8688E-05, -0.00904523
 -4.8684E-05, -0.00859297
  -4.868E-05, -0.00904523
 -4.8676E-05, -0.00904523
 -4.8672E-05, -0.00904523
 -4.8668E-05, -0.00904523
 -4.8664E-05, -0.00859297
  -4.866E-05, -0.00949749
 -4.8656E-05, -0.00904523
 -4.8652E-05, -0.00859297
 -4.8648E-05, -0.00949749
 -4.8644E-05, -0.00904523
  -4.864E-05, -0.00904523
 -4.8636E-05, -0.00949749
 -4.8632E-05, -0.00904523
 -4.8628E-05, -0.00904523
 -4.8624E-05, -0.00904523
  -4.862E-05, -0.00904523
 -4.8616E-05, -0.00949749
 -4.8612E-05, -0.00859297
 -4.8608E-05, -0.00904523
 -4.8604E-05, -0.00949749
   -4.86E-05, -0.00904523
 -4.8596E-05, -0.00949749
 -4.8592E-05, -0.00904523
 -4.8588E-05, -0.00904523
 -4.8584E-05, -0.00949749
  -4.858E-05, -0.00904523
 -4.8576E-05, -0.00904523
 -4.8572E-05, -0.00904523
 -4.8568E-05, -0.00904523
 -4.8564E-05, -0.00904523
  -4.856E-05, -0.00904523
 -4.8556E-05, -0.00904523
 -4.8552E-05, -0.00904523
 -4.8548E-05, -0.00904523
 -4.8544E-05, -0.00949749
  -4.854E-05, -0.00904523
 -4.8536E-05, -0.00904523
 -4.8532E-05, -0.00904523
 -4.8528E-05, -0.00904523
 -4.8524E-05, -0.00904523
  -4.852E-05, -0.00904523
 -4.8516E-05, -0.00859297
 -4.8512E-05, -0.00904523
 -4.8508E-05, -0.00904523
 -4.8504E-05, -0.00904523
   -4.85E-05, -0.00904523
 -4.8496E-05, -0.00859297
 -4.8492E-05, -0.00904523
 -4.8488E-05, -0.00904523
 -4.8484E-05, -0.00904523
  -4.848E-05, -0.00904523
 -4.8476E-05, -0.00859297
 -4.8472E-05, -0.00859297
 -4.8468E-05, -0.00904523
 -4.8464E-05, -0.00904523
  -4.846E-05, -0.00904523
 -4.8456E-05, -0.00904523
 -4.8452E-05, -0.00904523
 -4.8448E-05, -0.00904523
 -4.8444E-05, -0.00904523
  -4.844E-05, -0.00904523
 -4.8436E-05, -0.00904523
 -4.8432E-05, -0.00859297
 -4.8428E-05, -0.00904523
 -4.8424E-05, -0.00904523
  -4.842E-05, -0.00859297
 -4.8416E-05, -0.00904523
 -4.8412E-05, -0.00904523
 -4.8408E-05, -0.00904523
 -4.8404E-05, -0.00904523
   -4.84E-05, -0.00859297
 -4.8396E-05, -0.00904523
 -4.8392E-05, -0.00904523
 -4.8388E-05, -0.00904523
 -4.8384E-05, -0.00949749
  -4.838E-05, -0.00949749
 -4.8376E-05, -0.00904523
 -4.8372E-05, -0.00904523
 -4.8368E-05, -0.00904523
 -4.8364E-05, -0.00949749
  -4.836E-05, -0.00904523
 -4.8356E-05, -0.00904523
 -4.8352E-05, -0.00904523
 -4.8348E-05, -0.00904523
 -4.8344E-05, -0.00904523
  -4.834E-05, -0.00904523
 -4.8336E-05, -0.00859297
 -4.8332E-05, -0.00904523
 -4.8328E-05, -0.00949749
 -4.8324E-05, -0.00859297
  -4.832E-05, -0.00904523
 -4.8316E-05, -0.00904523
 -4.8312E-05, -0.00904523
 -4.8308E-05, -0.00859297
 -4.8304E-05, -0.00859297
   -4.83E-05, -0.00904523
 -4.8296E-05, -0.00859297
 -4.8292E-05, -0.00859297
 -4.8288E-05, -0.00949749
 -4.8284E-05, -0.00859297
  -4.828E-05, -0.00859297
 -4.8276E-05, -0.00904523
 -4.8272E-05, -0.00904523
 -4.8268E-05, -0.00904523
 -4.8264E-05, -0.00859297
  -4.826E-05, -0.00904523
 -4.8256E-05, -0.00904523
 -4.8252E-05, -0.00859297
 -4.8248E-05, -0.00904523
 -4.8244E-05, -0.00904523
  -4.824E-05, -0.00859297
 -4.8236E-05, -0.00904523
 -4.8232E-05, -0.00859297
 -4.8228E-05, -0.00904523
 -4.8224E-05, -0.00904523
  -4.822E-05, -0.00859297
 -4.8216E-05, -0.00904523
 -4.8212E-05, -0.00904523
 -4.8208E-05, -0.00859297
 -4.8204E-05, -0.00904523
   -4.82E-05, -0.00859297
 -4.8196E-05, -0.00904523
 -4.8192E-05, -0.00904523
 -4.8188E-05, -0.00859297
 -4.8184E-05, -0.00904523
  -4.818E-05, -0.00904523
 -4.8176E-05, -0.00859297
 -4.8172E-05, -0.00949749
 -4.8168E-05, -0.00859297
 -4.8164E-05, -0.00904523
  -4.816E-05, -0.00904523
 -4.8156E-05, -0.00904523
 -4.8152E-05, -0.00904523
 -4.8148E-05, -0.00859297
 -4.8144E-05, -0.00904523
  -4.814E-05, -0.00904523
 -4.8136E-05, -0.00904523
 -4.8132E-05, -0.00904523
 -4.8128E-05, -0.00904523
 -4.8124E-05, -0.00904523
  -4.812E-05, -0.00904523
 -4.8116E-05, -0.00904523
 -4.8112E-05, -0.00904523
 -4.8108E-05, -0.00904523
 -4.8104E-05, -0.00859297
   -4.81E-05, -0.00949749
 -4.8096E-05, -0.00904523
 -4.8092E-05, -0.00904523
 -4.8088E-05, -0.00904523
 -4.8084E-05, -0.00904523
  -4.808E-05, -0.00904523
 -4.8076E-05, -0.00949749
 -4.8072E-05, -0.00904523
 -4.8068E-05, -0.00949749
 -4.8064E-05, -0.00904523
  -4.806E-05, -0.00904523
 -4.8056E-05, -0.00949749
 -4.8052E-05, -0.00904523
 -4.8048E-05, -0.00904523
 -4.8044E-05, -0.00904523
  -4.804E-05, -0.00904523
 -4.8036E-05, -0.00949749
 -4.8032E-05, -0.00904523
 -4.8028E-05, -0.00859297
 -4.8024E-05, -0.00904523
  -4.802E-05, -0.00904523
 -4.8016E-05, -0.00904523
 -4.8012E-05, -0.00904523
 -4.8008E-05, -0.00859297
 -4.8004E-05, -0.00904523
    -4.8E-05, -0.00904523
 -4.7996E-05, -0.00904523
 -4.7992E-05, -0.00949749
 -4.7988E-05, -0.00859297
 -4.7984E-05, -0.00904523
  -4.798E-05, -0.00904523
 -4.7976E-05, -0.00904523
 -4.7972E-05, -0.00949749
 -4.7968E-05, -0.00904523
 -4.7964E-05, -0.00904523
  -4.796E-05, -0.00949749
 -4.7956E-05, -0.00904523
 -4.7952E-05, -0.00904523
 -4.7948E-05, -0.00859297
 -4.7944E-05, -0.00859297
  -4.794E-05, -0.00949749
 -4.7936E-05, -0.00859297
 -4.7932E-05, -0.00904523
 -4.7928E-05, -0.00904523
 -4.7924E-05, -0.00859297
  -4.792E-05, -0.00904523
 -4.7916E-05, -0.00904523
 -4.7912E-05, -0.00904523
 -4.7908E-05, -0.00904523
 -4.7904E-05, -0.00859297
   -4.79E-05, -0.00904523
 -4.7896E-05, -0.00904523
 -4.7892E-05, -0.00859297
 -4.7888E-05, -0.00904523
 -4.7884E-05, -0.00904523
  -4.788E-05, -0.00904523
 -4.7876E-05, -0.00904523
 -4.7872E-05, -0.00904523
 -4.7868E-05, -0.00904523
 -4.7864E-05, -0.00904523
  -4.786E-05, -0.00904523
 -4.7856E-05, -0.00949749
 -4.7852E-05, -0.00904523
 -4.7848E-05, -0.00904523
 -4.7844E-05, -0.00949749
  -4.784E-05, -0.00904523
 -4.7836E-05, -0.00904523
 -4.7832E-05, -0.00904523
 -4.7828E-05, -0.00904523
 -4.7824E-05, -0.00949749
  -4.782E-05, -0.00904523
 -4.7816E-05, -0.00904523
 -4.7812E-05, -0.00904523
 -4.7808E-05, -0.00904523
 -4.7804E-05, -0.00949749
   -4.78E-05, -0.00904523
 -4.7796E-05, -0.00859297
 -4.7792E-05, -0.00904523
 -4.7788E-05, -0.00904523
 -4.7784E-05, -0.00904523
  -4.778E-05, -0.00949749
 -4.7776E-05, -0.00859297
 -4.7772E-05, -0.00904523
 -4.7768E-05, -0.00904523
 -4.7764E-05, -0.00904523
  -4.776E-05, -0.00904523
 -4.7756E-05, -0.00859297
 -4.7752E-05, -0.00904523
 -4.7748E-05, -0.00904523
 -4.7744E-05, -0.00904523
  -4.774E-05, -0.00904523
 -4.7736E-05, -0.00904523
 -4.7732E-05, -0.00859297
 -4.7728E-05, -0.00904523
 -4.7724E-05, -0.00904523
  -4.772E-05, -0.00904523
 -4.7716E-05, -0.00904523
 -4.7712E-05, -0.00859297
 -4.7708E-05, -0.00904523
 -4.7704E-05, -0.00904523
   -4.77E-05, -0.00904523
 -4.7696E-05, -0.00904523
 -4.7692E-05, -0.00859297
 -4.7688E-05, -0.00904523
 -4.7684E-05, -0.00904523
  -4.768E-05, -0.00904523
 -4.7676E-05, -0.00904523
 -4.7672E-05, -0.00904523
 -4.7668E-05, -0.00904523
 -4.7664E-05, -0.00904523
  -4.766E-05, -0.00904523
 -4.7656E-05, -0.00904523
 -4.7652E-05, -0.00904523
 -4.7648E-05, -0.00904523
 -4.7644E-05, -0.00949749
  -4.764E-05, -0.00904523
 -4.7636E-05, -0.00904523
 -4.7632E-05, -0.00904523
 -4.7628E-05, -0.00904523
 -4.7624E-05, -0.00904523
  -4.762E-05, -0.00859297
 -4.7616E-05, -0.00859297
 -4.7612E-05, -0.00904523
 -4.7608E-05, -0.00859297
 -4.7604E-05, -0.00904523
   -4.76E-05, -0.00904523
 -4.7596E-05, -0.00859297
 -4.7592E-05, -0.00859297
 -4.7588E-05, -0.00904523
 -4.7584E-05, -0.00904523
  -4.758E-05, -0.00904523
 -4.7576E-05, -0.00859297
 -4.7572E-05, -0.00904523
 -4.7568E-05, -0.00904523
 -4.7564E-05, -0.00859297
  -4.756E-05, -0.00904523
 -4.7556E-05, -0.00904523
 -4.7552E-05, -0.00904523
 -4.7548E-05, -0.00904523
 -4.7544E-05, -0.00859297
  -4.754E-05, -0.00904523
 -4.7536E-05, -0.00904523
 -4.7532E-05, -0.00859297
 -4.7528E-05, -0.00904523
 -4.7524E-05, -0.00859297
  -4.752E-05, -0.00904523
 -4.7516E-05, -0.00904523
 -4.7512E-05, -0.00904523
 -4.7508E-05, -0.00904523
 -4.7504E-05, -0.00859297
   -4.75E-05, -0.00859297
 -4.7496E-05, -0.00904523
 -4.7492E-05, -0.00904523
 -4.7488E-05, -0.00904523
 -4.7484E-05, -0.00904523
  -4.748E-05, -0.00859297
 -4.7476E-05, -0.00904523
 -4.7472E-05, -0.00904523
 -4.7468E-05, -0.00904523
 -4.7464E-05, -0.00904523
  -4.746E-05, -0.00904523
 -4.7456E-05, -0.00904523
 -4.7452E-05, -0.00904523
 -4.7448E-05, -0.00859297
 -4.7444E-05, -0.00904523
  -4.744E-05, -0.00859297
 -4.7436E-05, -0.00904523
 -4.7432E-05, -0.00904523
 -4.7428E-05, -0.00859297
 -4.7424E-05, -0.00904523
  -4.742E-05, -0.00904523
 -4.7416E-05, -0.00904523
 -4.7412E-05, -0.00904523
 -4.7408E-05, -0.00859297
 -4.7404E-05, -0.00904523
   -4.74E-05, -0.00904523
 -4.7396E-05, -0.00904523
 -4.7392E-05, -0.00904523
 -4.7388E-05, -0.00859297
 -4.7384E-05, -0.00904523
  -4.738E-05, -0.00904523
 -4.7376E-05, -0.00859297
 -4.7372E-05, -0.00904523
 -4.7368E-05, -0.00904523
 -4.7364E-05, -0.00859297
  -4.736E-05, -0.00904523
 -4.7356E-05, -0.00904523
 -4.7352E-05, -0.00904523
 -4.7348E-05, -0.00904523
 -4.7344E-05, -0.00859297
  -4.734E-05, -0.00904523
 -4.7336E-05, -0.00904523
 -4.7332E-05, -0.00859297
 -4.7328E-05, -0.00904523
 -4.7324E-05, -0.00859297
  -4.732E-05, -0.00859297
 -4.7316E-05, -0.00904523
 -4.7312E-05, -0.00859297
 -4.7308E-05, -0.00859297
 -4.7304E-05, -0.00904523
   -4.73E-05, -0.00859297
 -4.7296E-05, -0.00904523
 -4.7292E-05, -0.00859297
 -4.7288E-05, -0.00904523
 -4.7284E-05, -0.00904523
  -4.728E-05, -0.00859297
 -4.7276E-05, -0.00904523
 -4.7272E-05, -0.00949749
 -4.7268E-05, -0.00859297
 -4.7264E-05, -0.00904523
  -4.726E-05, -0.00904523
 -4.7256E-05, -0.00904523
 -4.7252E-05, -0.00904523
 -4.7248E-05, -0.00859297
 -4.7244E-05, -0.00949749
  -4.724E-05, -0.00904523
 -4.7236E-05, -0.00859297
 -4.7232E-05, -0.00904523
 -4.7228E-05, -0.00859297
 -4.7224E-05, -0.00904523
  -4.722E-05, -0.00859297
 -4.7216E-05, -0.00859297
 -4.7212E-05, -0.00904523
 -4.7208E-05, -0.00859297
 -4.7204E-05, -0.00859297
   -4.72E-05, -0.00904523
 -4.7196E-05, -0.00859297
 -4.7192E-05, -0.00904523
 -4.7188E-05, -0.00904523
 -4.7184E-05, -0.00859297
  -4.718E-05, -0.00949749
 -4.7176E-05, -0.00904523
 -4.7172E-05, -0.00904523
 -4.7168E-05, -0.00904523
 -4.7164E-05, -0.00859297
  -4.716E-05, -0.00949749
 -4.7156E-05, -0.00904523
 -4.7152E-05, -0.00859297
 -4.7148E-05, -0.00949749
 -4.7144E-05, -0.00904523
  -4.714E-05, -0.00904523
 -4.7136E-05, -0.00904523
 -4.7132E-05, -0.00859297
 -4.7128E-05, -0.00904523
 -4.7124E-05, -0.00904523
  -4.712E-05, -0.00904523
 -4.7116E-05, -0.00904523
 -4.7112E-05, -0.00859297
 -4.7108E-05, -0.00904523
 -4.7104E-05, -0.00904523
   -4.71E-05, -0.00859297
 -4.7096E-05, -0.00904523
 -4.7092E-05, -0.00859297
 -4.7088E-05, -0.00859297
 -4.7084E-05, -0.00904523
  -4.708E-05, -0.00859297
 -4.7076E-05, -0.00859297
 -4.7072E-05, -0.00859297
 -4.7068E-05, -0.00904523
 -4.7064E-05, -0.00904523
  -4.706E-05, -0.00859297
 -4.7056E-05, -0.00859297
 -4.7052E-05, -0.00904523
 -4.7048E-05, -0.00859297
 -4.7044E-05, -0.00904523
  -4.704E-05, -0.00904523
 -4.7036E-05, -0.00859297
 -4.7032E-05, -0.00904523
 -4.7028E-05, -0.00859297
 -4.7024E-05, -0.00904523
  -4.702E-05, -0.00904523
 -4.7016E-05, -0.00859297
 -4.7012E-05, -0.00904523
 -4.7008E-05, -0.00904523
 -4.7004E-05, -0.00904523
    -4.7E-05, -0.00904523
 -4.6996E-05, -0.00859297
 -4.6992E-05, -0.00904523
 -4.6988E-05, -0.00904523
 -4.6984E-05, -0.00859297
  -4.698E-05, -0.00904523
 -4.6976E-05, -0.00859297
 -4.6972E-05, -0.00904523
 -4.6968E-05, -0.00949749
 -4.6964E-05, -0.00904523
  -4.696E-05, -0.00904523
 -4.6956E-05, -0.00904523
 -4.6952E-05, -0.00859297
 -4.6948E-05, -0.00904523
 -4.6944E-05, -0.00904523
  -4.694E-05, -0.00859297
 -4.6936E-05, -0.00859297
 -4.6932E-05, -0.00859297
 -4.6928E-05, -0.00904523
 -4.6924E-05, -0.00904523
  -4.692E-05, -0.00859297
 -4.6916E-05, -0.00904523
 -4.6912E-05, -0.00904523
 -4.6908E-05, -0.00859297
 -4.6904E-05, -0.00904523
   -4.69E-05, -0.00859297
 -4.6896E-05, -0.00904523
 -4.6892E-05, -0.00859297
 -4.6888E-05, -0.00904523
 -4.6884E-05, -0.00904523
  -4.688E-05, -0.00859297
 -4.6876E-05, -0.00904523
 -4.6872E-05, -0.00904523
 -4.6868E-05, -0.00904523
 -4.6864E-05, -0.00904523
  -4.686E-05, -0.00904523
 -4.6856E-05, -0.00904523
 -4.6852E-05, -0.00949749
 -4.6848E-05, -0.00859297
 -4.6844E-05, -0.00904523
  -4.684E-05, -0.00904523
 -4.6836E-05, -0.00904523
 -4.6832E-05, -0.00904523
 -4.6828E-05, -0.00904523
 -4.6824E-05, -0.00904523
  -4.682E-05, -0.00904523
 -4.6816E-05, -0.00859297
 -4.6812E-05, -0.00904523
 -4.6808E-05, -0.00904523
 -4.6804E-05, -0.00859297
   -4.68E-05, -0.00904523
 -4.6796E-05, -0.00904523
 -4.6792E-05, -0.00904523
 -4.6788E-05, -0.00904523
 -4.6784E-05, -0.00859297
  -4.678E-05, -0.00859297
 -4.6776E-05, -0.00859297
 -4.6772E-05, -0.00904523
 -4.6768E-05, -0.00904523
 -4.6764E-05, -0.00859297
  -4.676E-05, -0.00904523
 -4.6756E-05, -0.00904523
 -4.6752E-05, -0.00859297
 -4.6748E-05, -0.00904523
 -4.6744E-05, -0.00904523
  -4.674E-05, -0.00859297
 -4.6736E-05, -0.00904523
 -4.6732E-05, -0.00859297
 -4.6728E-05, -0.00904523
 -4.6724E-05, -0.00859297
  -4.672E-05, -0.00859297
 -4.6716E-05, -0.00904523
 -4.6712E-05, -0.00904523
 -4.6708E-05, -0.00859297
 -4.6704E-05, -0.00904523
   -4.67E-05, -0.00859297
 -4.6696E-05, -0.00904523
 -4.6692E-05, -0.00904523
 -4.6688E-05, -0.00859297
 -4.6684E-05, -0.00904523
  -4.668E-05, -0.00904523
 -4.6676E-05, -0.00859297
 -4.6672E-05, -0.00904523
 -4.6668E-05, -0.00904523
 -4.6664E-05, -0.00904523
  -4.666E-05, -0.00859297
 -4.6656E-05, -0.00859297
 -4.6652E-05, -0.00904523
 -4.6648E-05, -0.00859297
 -4.6644E-05, -0.00859297
  -4.664E-05, -0.00904523
 -4.6636E-05, -0.00859297
 -4.6632E-05, -0.00859297
 -4.6628E-05, -0.00904523
 -4.6624E-05, -0.00859297
  -4.662E-05, -0.00904523
 -4.6616E-05, -0.00859297
 -4.6612E-05, -0.00904523
 -4.6608E-05, -0.00904523
 -4.6604E-05, -0.00859297
   -4.66E-05, -0.00904523
 -4.6596E-05, -0.00904523
 -4.6592E-05, -0.00859297
 -4.6588E-05, -0.00949749
 -4.6584E-05, -0.00859297
  -4.658E-05, -0.00904523
 -4.6576E-05, -0.00949749
 -4.6572E-05, -0.00904523
 -4.6568E-05, -0.00904523
 -4.6564E-05, -0.00859297
  -4.656E-05, -0.00904523
 -4.6556E-05, -0.00949749
 -4.6552E-05, -0.00859297
 -4.6548E-05, -0.00859297
 -4.6544E-05, -0.00904523
  -4.654E-05, -0.00904523
 -4.6536E-05, -0.00904523
 -4.6532E-05, -0.00859297
 -4.6528E-05, -0.00904523
 -4.6524E-05, -0.00904523
  -4.652E-05, -0.00859297
 -4.6516E-05, -0.00904523
 -4.6512E-05, -0.00904523
 -4.6508E-05, -0.00859297
 -4.6504E-05, -0.00904523
   -4.65E-05, -0.00859297
 -4.6496E-05, -0.00904523
 -4.6492E-05, -0.00904523
 -4.6488E-05, -0.00859297
 -4.6484E-05, -0.00904523
  -4.648E-05, -0.00904523
 -4.6476E-05, -0.00904523
 -4.6472E-05, -0.00904523
 -4.6468E-05, -0.00904523
 -4.6464E-05, -0.00904523
  -4.646E-05, -0.00904523
 -4.6456E-05, -0.00859297
 -4.6452E-05, -0.00904523
 -4.6448E-05, -0.00859297
 -4.6444E-05, -0.00859297
  -4.644E-05, -0.00904523
 -4.6436E-05, -0.00859297
 -4.6432E-05, -0.00859297
 -4.6428E-05, -0.00904523
 -4.6424E-05, -0.00859297
  -4.642E-05, -0.00904523
 -4.6416E-05, -0.00904523
 -4.6412E-05, -0.00859297
 -4.6408E-05, -0.00859297
 -4.6404E-05, -0.00904523
   -4.64E-05, -0.00904523
 -4.6396E-05, -0.00904523
 -4.6392E-05, -0.00859297
 -4.6388E-05, -0.00904523
 -4.6384E-05, -0.00904523
  -4.638E-05, -0.00904523
 -4.6376E-05, -0.00904523
 -4.6372E-05, -0.00904523
 -4.6368E-05, -0.00904523
 -4.6364E-05, -0.00904523
  -4.636E-05, -0.00904523
 -4.6356E-05, -0.00904523
 -4.6352E-05, -0.00904523
 -4.6348E-05, -0.00904523
 -4.6344E-05, -0.00949749
  -4.634E-05, -0.00859297
 -4.6336E-05, -0.00904523
 -4.6332E-05, -0.00904523
 -4.6328E-05, -0.00904523
 -4.6324E-05, -0.00949749
  -4.632E-05, -0.00904523
 -4.6316E-05, -0.00904523
 -4.6312E-05, -0.00904523
 -4.6308E-05, -0.00859297
 -4.6304E-05, -0.00949749
   -4.63E-05, -0.00904523
 -4.6296E-05, -0.00859297
 -4.6292E-05, -0.00904523
 -4.6288E-05, -0.00904523
 -4.6284E-05, -0.00904523
  -4.628E-05, -0.00904523
 -4.6276E-05, -0.00904523
 -4.6272E-05, -0.00904523
 -4.6268E-05, -0.00904523
 -4.6264E-05, -0.00904523
  -4.626E-05, -0.00949749
 -4.6256E-05, -0.00859297
 -4.6252E-05, -0.00904523
 -4.6248E-05, -0.00904523
 -4.6244E-05, -0.00904523
  -4.624E-05, -0.00904523
 -4.6236E-05, -0.00859297
 -4.6232E-05, -0.00859297
 -4.6228E-05, -0.00904523
 -4.6224E-05, -0.00859297
  -4.622E-05, -0.00904523
 -4.6216E-05, -0.00859297
 -4.6212E-05, -0.00859297
 -4.6208E-05, -0.00904523
 -4.6204E-05, -0.00904523
   -4.62E-05, -0.00904523
 -4.6196E-05, -0.00904523
 -4.6192E-05, -0.00859297
 -4.6188E-05, -0.00904523
 -4.6184E-05, -0.00949749
  -4.618E-05, -0.00859297
 -4.6176E-05, -0.00904523
 -4.6172E-05, -0.00904523
 -4.6168E-05, -0.00904523
 -4.6164E-05, -0.00904523
  -4.616E-05, -0.00859297
 -4.6156E-05, -0.00904523
 -4.6152E-05, -0.00859297
 -4.6148E-05, -0.00859297
 -4.6144E-05, -0.00904523
  -4.614E-05, -0.00859297
 -4.6136E-05, -0.00859297
 -4.6132E-05, -0.00904523
 -4.6128E-05, -0.00859297
 -4.6124E-05, -0.00904523
  -4.612E-05, -0.00859297
 -4.6116E-05, -0.00859297
 -4.6112E-05, -0.00904523
 -4.6108E-05, -0.00859297
 -4.6104E-05, -0.00904523
   -4.61E-05, -0.00904523
 -4.6096E-05, -0.00859297
 -4.6092E-05, -0.00904523
 -4.6088E-05, -0.00904523
 -4.6084E-05, -0.00904523
  -4.608E-05, -0.00904523
 -4.6076E-05, -0.00904523
 -4.6072E-05, -0.00949749
 -4.6068E-05, -0.00904523
 -4.6064E-05, -0.00859297
  -4.606E-05, -0.00904523
 -4.6056E-05, -0.00859297
 -4.6052E-05, -0.00904523
 -4.6048E-05, -0.00904523
 -4.6044E-05, -0.00859297
  -4.604E-05, -0.00904523
 -4.6036E-05, -0.00904523
 -4.6032E-05, -0.00904523
 -4.6028E-05, -0.00904523
 -4.6024E-05, -0.00859297
  -4.602E-05, -0.00904523
 -4.6016E-05, -0.00904523
 -4.6012E-05, -0.00904523
 -4.6008E-05, -0.00904523
 -4.6004E-05, -0.00859297
    -4.6E-05, -0.00859297
 -4.5996E-05, -0.00904523
 -4.5992E-05, -0.00859297
 -4.5988E-05, -0.00904523
 -4.5984E-05, -0.00904523
  -4.598E-05, -0.00859297
 -4.5976E-05, -0.00904523
 -4.5972E-05, -0.00904523
 -4.5968E-05, -0.00904523
 -4.5964E-05, -0.00904523
  -4.596E-05, -0.00859297
 -4.5956E-05, -0.00904523
 -4.5952E-05, -0.00904523
 -4.5948E-05, -0.00859297
 -4.5944E-05, -0.00904523
  -4.594E-05, -0.00859297
 -4.5936E-05, -0.00904523
 -4.5932E-05, -0.00904523
 -4.5928E-05, -0.00859297
 -4.5924E-05, -0.00904523
  -4.592E-05, -0.00904523
 -4.5916E-05, -0.00859297
 -4.5912E-05, -0.00904523
 -4.5908E-05, -0.00859297
 -4.5904E-05, -0.00904523
   -4.59E-05, -0.00904523
 -4.5896E-05, -0.00859297
 -4.5892E-05, -0.00904523
 -4.5888E-05, -0.00904523
 -4.5884E-05, -0.00904523
  -4.588E-05, -0.00904523
 -4.5876E-05, -0.00904523
 -4.5872E-05, -0.00904523
 -4.5868E-05, -0.00904523
 -4.5864E-05, -0.00859297
  -4.586E-05, -0.00904523
 -4.5856E-05, -0.00904523
 -4.5852E-05, -0.00904523
 -4.5848E-05, -0.00904523
 -4.5844E-05, -0.00859297
  -4.584E-05, -0.00904523
 -4.5836E-05, -0.00904523
 -4.5832E-05, -0.00859297
 -4.5828E-05, -0.00904523
 -4.5824E-05, -0.00859297
  -4.582E-05, -0.00859297
 -4.5816E-05, -0.00904523
 -4.5812E-05, -0.00904523
 -4.5808E-05, -0.00904523
 -4.5804E-05, -0.00904523
   -4.58E-05, -0.00859297
 -4.5796E-05, -0.00949749
 -4.5792E-05, -0.00904523
 -4.5788E-05, -0.00904523
 -4.5784E-05, -0.00904523
  -4.578E-05, -0.00904523
 -4.5776E-05, -0.00949749
 -4.5772E-05, -0.00904523
 -4.5768E-05, -0.00904523
 -4.5764E-05, -0.00904523
  -4.576E-05, -0.00859297
 -4.5756E-05, -0.00949749
 -4.5752E-05, -0.00904523
 -4.5748E-05, -0.00859297
 -4.5744E-05, -0.00904523
  -4.574E-05, -0.00904523
 -4.5736E-05, -0.00859297
 -4.5732E-05, -0.00859297
 -4.5728E-05, -0.00859297
 -4.5724E-05, -0.00904523
  -4.572E-05, -0.00904523
 -4.5716E-05, -0.00904523
 -4.5712E-05, -0.00904523
 -4.5708E-05, -0.00859297
 -4.5704E-05, -0.00904523
   -4.57E-05, -0.00949749
 -4.5696E-05, -0.00859297
 -4.5692E-05, -0.00904523
 -4.5688E-05, -0.00904523
 -4.5684E-05, -0.00904523
  -4.568E-05, -0.00904523
 -4.5676E-05, -0.00949749
 -4.5672E-05, -0.00949749
 -4.5668E-05, -0.00904523
 -4.5664E-05, -0.00904523
  -4.566E-05, -0.00949749
 -4.5656E-05, -0.00904523
 -4.5652E-05, -0.00859297
 -4.5648E-05, -0.00904523
 -4.5644E-05, -0.00904523
  -4.564E-05, -0.00904523
 -4.5636E-05, -0.00904523
 -4.5632E-05, -0.00859297
 -4.5628E-05, -0.00904523
 -4.5624E-05, -0.00859297
  -4.562E-05, -0.00904523
 -4.5616E-05, -0.00904523
 -4.5612E-05, -0.00859297
 -4.5608E-05, -0.00904523
 -4.5604E-05, -0.00904523
   -4.56E-05, -0.00859297
 -4.5596E-05, -0.00904523
 -4.5592E-05, -0.00859297
 -4.5588E-05, -0.00904523
 -4.5584E-05, -0.00904523
  -4.558E-05, -0.00904523
 -4.5576E-05, -0.00904523
 -4.5572E-05, -0.00859297
 -4.5568E-05, -0.00859297
 -4.5564E-05, -0.00904523
  -4.556E-05, -0.00904523
 -4.5556E-05, -0.00859297
 -4.5552E-05, -0.00859297
 -4.5548E-05, -0.00859297
 -4.5544E-05, -0.00904523
  -4.554E-05, -0.00904523
 -4.5536E-05, -0.00859297
 -4.5532E-05, -0.00904523
 -4.5528E-05, -0.00904523
 -4.5524E-05, -0.00904523
  -4.552E-05, -0.00904523
 -4.5516E-05, -0.00859297
 -4.5512E-05, -0.00904523
 -4.5508E-05, -0.00859297
 -4.5504E-05, -0.00904523
   -4.55E-05, -0.00904523
 -4.5496E-05, -0.00859297
 -4.5492E-05, -0.00859297
 -4.5488E-05, -0.00904523
 -4.5484E-05, -0.00904523
  -4.548E-05, -0.00904523
 -4.5476E-05, -0.00904523
 -4.5472E-05, -0.00904523
 -4.5468E-05, -0.00904523
 -4.5464E-05, -0.00859297
  -4.546E-05, -0.00904523
 -4.5456E-05, -0.00904523
 -4.5452E-05, -0.00904523
 -4.5448E-05, -0.00904523
 -4.5444E-05, -0.00904523
  -4.544E-05, -0.00904523
 -4.5436E-05, -0.00904523
 -4.5432E-05, -0.00859297
 -4.5428E-05, -0.00904523
 -4.5424E-05, -0.00904523
  -4.542E-05, -0.00859297
 -4.5416E-05, -0.00904523
 -4.5412E-05, -0.00904523
 -4.5408E-05, -0.00904523
 -4.5404E-05, -0.00904523
   -4.54E-05, -0.00904523
 -4.5396E-05, -0.00904523
 -4.5392E-05, -0.00904523
 -4.5388E-05, -0.00904523
 -4.5384E-05, -0.00904523
  -4.538E-05, -0.00859297
 -4.5376E-05, -0.00904523
 -4.5372E-05, -0.00949749
 -4.5368E-05, -0.00859297
 -4.5364E-05, -0.00904523
  -4.536E-05, -0.00904523
 -4.5356E-05, -0.00904523
 -4.5352E-05, -0.00949749
 -4.5348E-05, -0.00859297
 -4.5344E-05, -0.00904523
  -4.534E-05, -0.00904523
 -4.5336E-05, -0.00904523
 -4.5332E-05, -0.00904523
 -4.5328E-05, -0.00859297
 -4.5324E-05, -0.00904523
  -4.532E-05, -0.00904523
 -4.5316E-05, -0.00859297
 -4.5312E-05, -0.00904523
 -4.5308E-05, -0.00904523
 -4.5304E-05, -0.00859297
   -4.53E-05, -0.00904523
 -4.5296E-05, -0.00904523
 -4.5292E-05, -0.00904523
 -4.5288E-05, -0.00904523
 -4.5284E-05, -0.00904523
  -4.528E-05, -0.00904523
 -4.5276E-05, -0.00904523
 -4.5272E-05, -0.00904523
 -4.5268E-05, -0.00904523
 -4.5264E-05, -0.00859297
  -4.526E-05, -0.00904523
 -4.5256E-05, -0.00904523
 -4.5252E-05, -0.00904523
 -4.5248E-05, -0.00904523
 -4.5244E-05, -0.00904523
  -4.524E-05, -0.00859297
 -4.5236E-05, -0.00904523
 -4.5232E-05, -0.00904523
 -4.5228E-05, -0.00904523
 -4.5224E-05, -0.00904523
  -4.522E-05, -0.00859297
 -4.5216E-05, -0.00904523
 -4.5212E-05, -0.00904523
 -4.5208E-05, -0.00904523
 -4.5204E-05, -0.00949749
   -4.52E-05, -0.00904523
 -4.5196E-05, -0.00904523
 -4.5192E-05, -0.00904523
 -4.5188E-05, -0.00904523
 -4.5184E-05, -0.00949749
  -4.518E-05, -0.00904523
 -4.5176E-05, -0.00904523
 -4.5172E-05, -0.00949749
 -4.5168E-05, -0.00904523
 -4.5164E-05, -0.00904523
  -4.516E-05, -0.00904523
 -4.5156E-05, -0.00904523
 -4.5152E-05, -0.00904523
 -4.5148E-05, -0.00904523
 -4.5144E-05, -0.00859297
  -4.514E-05, -0.00904523
 -4.5136E-05, -0.00904523
 -4.5132E-05, -0.00859297
 -4.5128E-05, -0.00904523
 -4.5124E-05, -0.00904523
  -4.512E-05, -0.00904523
 -4.5116E-05, -0.00859297
 -4.5112E-05, -0.00904523
 -4.5108E-05, -0.00904523
 -4.5104E-05, -0.00859297
   -4.51E-05, -0.00904523
 -4.5096E-05, -0.00904523
 -4.5092E-05, -0.00904523
 -4.5088E-05, -0.00904523
 -4.5084E-05, -0.00904523
  -4.508E-05, -0.00904523
 -4.5076E-05, -0.00904523
 -4.5072E-05, -0.00904523
 -4.5068E-05, -0.00949749
 -4.5064E-05, -0.00859297
  -4.506E-05, -0.00904523
 -4.5056E-05, -0.00949749
 -4.5052E-05, -0.00859297
 -4.5048E-05, -0.00904523
 -4.5044E-05, -0.00904523
  -4.504E-05, -0.00904523
 -4.5036E-05, -0.00904523
 -4.5032E-05, -0.00904523
 -4.5028E-05, -0.00904523
 -4.5024E-05, -0.00904523
  -4.502E-05, -0.00859297
 -4.5016E-05, -0.00904523
 -4.5012E-05, -0.00904523
 -4.5008E-05, -0.00859297
 -4.5004E-05, -0.00904523
    -4.5E-05, -0.00859297
 -4.4996E-05, -0.00904523
 -4.4992E-05, -0.00904523
 -4.4988E-05, -0.00859297
 -4.4984E-05, -0.00904523
  -4.498E-05, -0.00859297
 -4.4976E-05, -0.00904523
 -4.4972E-05, -0.00904523
 -4.4968E-05, -0.00859297
 -4.4964E-05, -0.00859297
  -4.496E-05, -0.00904523
 -4.4956E-05, -0.00904523
 -4.4952E-05, -0.00904523
 -4.4948E-05, -0.00859297
 -4.4944E-05, -0.00904523
  -4.494E-05, -0.00904523
 -4.4936E-05, -0.00904523
 -4.4932E-05, -0.00904523
 -4.4928E-05, -0.00859297
 -4.4924E-05, -0.00859297
  -4.492E-05, -0.00904523
 -4.4916E-05, -0.00904523
 -4.4912E-05, -0.00904523
 -4.4908E-05, -0.00904523
 -4.4904E-05, -0.00904523
   -4.49E-05, -0.00904523
 -4.4896E-05, -0.00904523
 -4.4892E-05, -0.00904523
 -4.4888E-05, -0.00904523
 -4.4884E-05, -0.00904523
  -4.488E-05, -0.00904523
 -4.4876E-05, -0.00904523
 -4.4872E-05, -0.00859297
 -4.4868E-05, -0.00904523
 -4.4864E-05, -0.00904523
  -4.486E-05, -0.00904523
 -4.4856E-05, -0.00949749
 -4.4852E-05, -0.00904523
 -4.4848E-05, -0.00859297
 -4.4844E-05, -0.00904523
  -4.484E-05, -0.00904523
 -4.4836E-05, -0.00904523
 -4.4832E-05, -0.00859297
 -4.4828E-05, -0.00904523
 -4.4824E-05, -0.00904523
  -4.482E-05, -0.00859297
 -4.4816E-05, -0.00904523
 -4.4812E-05, -0.00904523
 -4.4808E-05, -0.00904523
 -4.4804E-05, -0.00904523
   -4.48E-05, -0.00904523
 -4.4796E-05, -0.00904523
 -4.4792E-05, -0.00904523
 -4.4788E-05, -0.00904523
 -4.4784E-05, -0.00904523
  -4.478E-05, -0.00904523
 -4.4776E-05, -0.00859297
 -4.4772E-05, -0.00904523
 -4.4768E-05, -0.00859297
 -4.4764E-05, -0.00904523
  -4.476E-05, -0.00904523
 -4.4756E-05, -0.00859297
 -4.4752E-05, -0.00904523
 -4.4748E-05, -0.00904523
 -4.4744E-05, -0.00859297
  -4.474E-05, -0.00904523
 -4.4736E-05, -0.00859297
 -4.4732E-05, -0.00859297
 -4.4728E-05, -0.00904523
 -4.4724E-05, -0.00904523
  -4.472E-05, -0.00904523
 -4.4716E-05, -0.00904523
 -4.4712E-05, -0.00859297
 -4.4708E-05, -0.00904523
 -4.4704E-05, -0.00904523
   -4.47E-05, -0.00904523
 -4.4696E-05, -0.00904523
 -4.4692E-05, -0.00859297
 -4.4688E-05, -0.00949749
 -4.4684E-05, -0.00904523
  -4.468E-05, -0.00904523
 -4.4676E-05, -0.00904523
 -4.4672E-05, -0.00904523
 -4.4668E-05, -0.00949749
 -4.4664E-05, -0.00904523
  -4.466E-05, -0.00859297
 -4.4656E-05, -0.00904523
 -4.4652E-05, -0.00904523
 -4.4648E-05, -0.00859297
 -4.4644E-05, -0.00904523
  -4.464E-05, -0.00904523
 -4.4636E-05, -0.00904523
 -4.4632E-05, -0.00859297
 -4.4628E-05, -0.00904523
 -4.4624E-05, -0.00904523
  -4.462E-05, -0.00859297
 -4.4616E-05, -0.00904523
 -4.4612E-05, -0.00904523
 -4.4608E-05, -0.00904523
 -4.4604E-05, -0.00904523
   -4.46E-05, -0.00904523
 -4.4596E-05, -0.00859297
 -4.4592E-05, -0.00904523
 -4.4588E-05, -0.00904523
 -4.4584E-05, -0.00904523
  -4.458E-05, -0.00904523
 -4.4576E-05, -0.00904523
 -4.4572E-05, -0.00904523
 -4.4568E-05, -0.00904523
 -4.4564E-05, -0.00859297
  -4.456E-05, -0.00949749
 -4.4556E-05, -0.00859297
 -4.4552E-05, -0.00904523
 -4.4548E-05, -0.00904523
 -4.4544E-05, -0.00904523
  -4.454E-05, -0.00904523
 -4.4536E-05, -0.00904523
 -4.4532E-05, -0.00904523
 -4.4528E-05, -0.00904523
 -4.4524E-05, -0.00859297
  -4.452E-05, -0.00904523
 -4.4516E-05, -0.00904523
 -4.4512E-05, -0.00859297
 -4.4508E-05, -0.00904523
 -4.4504E-05, -0.00949749
   -4.45E-05, -0.00904523
 -4.4496E-05, -0.00904523
 -4.4492E-05, -0.00904523
 -4.4488E-05, -0.00949749
 -4.4484E-05, -0.00904523
  -4.448E-05, -0.00904523
 -4.4476E-05, -0.00949749
 -4.4472E-05, -0.00904523
 -4.4468E-05, -0.00904523
 -4.4464E-05, -0.00904523
  -4.446E-05, -0.00904523
 -4.4456E-05, -0.00904523
 -4.4452E-05, -0.00904523
 -4.4448E-05, -0.00904523
 -4.4444E-05, -0.00904523
  -4.444E-05, -0.00859297
 -4.4436E-05, -0.00904523
 -4.4432E-05, -0.00859297
 -4.4428E-05, -0.00859297
 -4.4424E-05, -0.00904523
  -4.442E-05, -0.00904523
 -4.4416E-05, -0.00859297
 -4.4412E-05, -0.00904523
 -4.4408E-05, -0.00904523
 -4.4404E-05, -0.00904523
   -4.44E-05, -0.00904523
 -4.4396E-05, -0.00904523
 -4.4392E-05, -0.00904523
 -4.4388E-05, -0.00904523
 -4.4384E-05, -0.00904523
  -4.438E-05, -0.00904523
 -4.4376E-05, -0.00859297
 -4.4372E-05, -0.00904523
 -4.4368E-05, -0.00904523
 -4.4364E-05, -0.00859297
  -4.436E-05, -0.00904523
 -4.4356E-05, -0.00904523
 -4.4352E-05, -0.00904523
 -4.4348E-05, -0.00859297
 -4.4344E-05, -0.00904523
  -4.434E-05, -0.00904523
 -4.4336E-05, -0.00859297
 -4.4332E-05, -0.00859297
 -4.4328E-05, -0.00904523
 -4.4324E-05, -0.00904523
  -4.432E-05, -0.00904523
 -4.4316E-05, -0.00904523
 -4.4312E-05, -0.00904523
 -4.4308E-05, -0.00904523
 -4.4304E-05, -0.00904523
   -4.43E-05, -0.00904523
 -4.4296E-05, -0.00904523
 -4.4292E-05, -0.00904523
 -4.4288E-05, -0.00904523
 -4.4284E-05, -0.00949749
  -4.428E-05, -0.00859297
 -4.4276E-05, -0.00904523
 -4.4272E-05, -0.00904523
 -4.4268E-05, -0.00904523
 -4.4264E-05, -0.00904523
  -4.426E-05, -0.00904523
 -4.4256E-05, -0.00904523
 -4.4252E-05, -0.00904523
 -4.4248E-05, -0.00859297
 -4.4244E-05, -0.00904523
  -4.424E-05, -0.00904523
 -4.4236E-05, -0.00904523
 -4.4232E-05, -0.00949749
 -4.4228E-05, -0.00904523
 -4.4224E-05, -0.00904523
  -4.422E-05, -0.00904523
 -4.4216E-05, -0.00904523
 -4.4212E-05, -0.00904523
 -4.4208E-05, -0.00904523
 -4.4204E-05, -0.00904523
   -4.42E-05, -0.00904523
 -4.4196E-05, -0.00859297
 -4.4192E-05, -0.00949749
 -4.4188E-05, -0.00904523
 -4.4184E-05, -0.00904523
  -4.418E-05, -0.00904523
 -4.4176E-05, -0.00904523
 -4.4172E-05, -0.00904523
 -4.4168E-05, -0.00904523
 -4.4164E-05, -0.00904523
  -4.416E-05, -0.00904523
 -4.4156E-05, -0.00904523
 -4.4152E-05, -0.00859297
 -4.4148E-05, -0.00904523
 -4.4144E-05, -0.00904523
  -4.414E-05, -0.00904523
 -4.4136E-05, -0.00904523
 -4.4132E-05, -0.00859297
 -4.4128E-05, -0.00904523
 -4.4124E-05, -0.00904523
  -4.412E-05, -0.00904523
 -4.4116E-05, -0.00904523
 -4.4112E-05, -0.00904523
 -4.4108E-05, -0.00904523
 -4.4104E-05, -0.00904523
   -4.41E-05, -0.00904523
 -4.4096E-05, -0.00904523
 -4.4092E-05, -0.00859297
 -4.4088E-05, -0.00904523
 -4.4084E-05, -0.00949749
  -4.408E-05, -0.00904523
 -4.4076E-05, -0.00904523
 -4.4072E-05, -0.00904523
 -4.4068E-05, -0.00904523
 -4.4064E-05, -0.00904523
  -4.406E-05, -0.00904523
 -4.4056E-05, -0.00904523
 -4.4052E-05, -0.00904523
 -4.4048E-05, -0.00859297
 -4.4044E-05, -0.00904523
  -4.404E-05, -0.00904523
 -4.4036E-05, -0.00859297
 -4.4032E-05, -0.00904523
 -4.4028E-05, -0.00904523
 -4.4024E-05, -0.00904523
  -4.402E-05, -0.00904523
 -4.4016E-05, -0.00904523
 -4.4012E-05, -0.00904523
 -4.4008E-05, -0.00904523
 -4.4004E-05, -0.00904523
    -4.4E-05, -0.00904523
 -4.3996E-05, -0.00859297
 -4.3992E-05, -0.00904523
 -4.3988E-05, -0.00904523
 -4.3984E-05, -0.00904523
  -4.398E-05, -0.00949749
 -4.3976E-05, -0.00904523
 -4.3972E-05, -0.00904523
 -4.3968E-05, -0.00904523
 -4.3964E-05, -0.00904523
  -4.396E-05, -0.00904523
 -4.3956E-05, -0.00859297
 -4.3952E-05, -0.00904523
 -4.3948E-05, -0.00949749
 -4.3944E-05, -0.00859297
  -4.394E-05, -0.00904523
 -4.3936E-05, -0.00904523
 -4.3932E-05, -0.00859297
 -4.3928E-05, -0.00904523
 -4.3924E-05, -0.00904523
  -4.392E-05, -0.00904523
 -4.3916E-05, -0.00904523
 -4.3912E-05, -0.00904523
 -4.3908E-05, -0.00904523
 -4.3904E-05, -0.00904523
   -4.39E-05, -0.00904523
 -4.3896E-05, -0.00949749
 -4.3892E-05, -0.00904523
 -4.3888E-05, -0.00904523
 -4.3884E-05, -0.00949749
  -4.388E-05, -0.00904523
 -4.3876E-05, -0.00904523
 -4.3872E-05, -0.00904523
 -4.3868E-05, -0.00904523
 -4.3864E-05, -0.00904523
  -4.386E-05, -0.00904523
 -4.3856E-05, -0.00904523
 -4.3852E-05, -0.00904523
 -4.3848E-05, -0.00904523
 -4.3844E-05, -0.00904523
  -4.384E-05, -0.00859297
 -4.3836E-05, -0.00859297
 -4.3832E-05, -0.00904523
 -4.3828E-05, -0.00904523
 -4.3824E-05, -0.00859297
  -4.382E-05, -0.00904523
 -4.3816E-05, -0.00904523
 -4.3812E-05, -0.00904523
 -4.3808E-05, -0.00904523
 -4.3804E-05, -0.00904523
   -4.38E-05, -0.00904523
 -4.3796E-05, -0.00859297
 -4.3792E-05, -0.00904523
 -4.3788E-05, -0.00949749
 -4.3784E-05, -0.00859297
  -4.378E-05, -0.00904523
 -4.3776E-05, -0.00904523
 -4.3772E-05, -0.00904523
 -4.3768E-05, -0.00904523
 -4.3764E-05, -0.00859297
  -4.376E-05, -0.00904523
 -4.3756E-05, -0.00904523
 -4.3752E-05, -0.00904523
 -4.3748E-05, -0.00904523
 -4.3744E-05, -0.00904523
  -4.374E-05, -0.00904523
 -4.3736E-05, -0.00904523
 -4.3732E-05, -0.00859297
 -4.3728E-05, -0.00904523
 -4.3724E-05, -0.00904523
  -4.372E-05, -0.00904523
 -4.3716E-05, -0.00904523
 -4.3712E-05, -0.00904523
 -4.3708E-05, -0.00904523
 -4.3704E-05, -0.00904523
   -4.37E-05, -0.00904523
 -4.3696E-05, -0.00949749
 -4.3692E-05, -0.00949749
 -4.3688E-05, -0.00904523
 -4.3684E-05, -0.00949749
  -4.368E-05, -0.00904523
 -4.3676E-05, -0.00949749
 -4.3672E-05, -0.00949749
 -4.3668E-05, -0.00904523
 -4.3664E-05, -0.00904523
  -4.366E-05, -0.00904523
 -4.3656E-05, -0.00904523
 -4.3652E-05, -0.00904523
 -4.3648E-05, -0.00904523
 -4.3644E-05, -0.00904523
  -4.364E-05, -0.00904523
 -4.3636E-05, -0.00904523
 -4.3632E-05, -0.00904523
 -4.3628E-05, -0.00904523
 -4.3624E-05, -0.00904523
  -4.362E-05, -0.00949749
 -4.3616E-05, -0.00904523
 -4.3612E-05, -0.00949749
 -4.3608E-05, -0.00904523
 -4.3604E-05, -0.00904523
   -4.36E-05, -0.00904523
 -4.3596E-05, -0.00904523
 -4.3592E-05, -0.00904523
 -4.3588E-05, -0.00904523
 -4.3584E-05, -0.00904523
  -4.358E-05, -0.00904523
 -4.3576E-05, -0.00904523
 -4.3572E-05, -0.00904523
 -4.3568E-05, -0.00949749
 -4.3564E-05, -0.00904523
  -4.356E-05, -0.00904523
 -4.3556E-05, -0.00904523
 -4.3552E-05, -0.00904523
 -4.3548E-05, -0.00904523
 -4.3544E-05, -0.00904523
  -4.354E-05, -0.00904523
 -4.3536E-05, -0.00904523
 -4.3532E-05, -0.00904523
 -4.3528E-05, -0.00904523
 -4.3524E-05, -0.00904523
  -4.352E-05, -0.00949749
 -4.3516E-05, -0.00904523
 -4.3512E-05, -0.00904523
 -4.3508E-05, -0.00949749
 -4.3504E-05, -0.00949749
   -4.35E-05, -0.00904523
 -4.3496E-05, -0.00904523
 -4.3492E-05, -0.00949749
 -4.3488E-05, -0.00904523
 -4.3484E-05, -0.00904523
  -4.348E-05, -0.00904523
 -4.3476E-05, -0.00904523
 -4.3472E-05, -0.00904523
 -4.3468E-05, -0.00904523
 -4.3464E-05, -0.00949749
  -4.346E-05, -0.00904523
 -4.3456E-05, -0.00904523
 -4.3452E-05, -0.00949749
 -4.3448E-05, -0.00904523
 -4.3444E-05, -0.00904523
  -4.344E-05, -0.00949749
 -4.3436E-05, -0.00904523
 -4.3432E-05, -0.00859297
 -4.3428E-05, -0.00904523
 -4.3424E-05, -0.00904523
  -4.342E-05, -0.00904523
 -4.3416E-05, -0.00904523
 -4.3412E-05, -0.00904523
 -4.3408E-05, -0.00904523
 -4.3404E-05, -0.00904523
   -4.34E-05, -0.00949749
 -4.3396E-05, -0.00949749
 -4.3392E-05, -0.00859297
 -4.3388E-05, -0.00904523
 -4.3384E-05, -0.00904523
  -4.338E-05, -0.00949749
 -4.3376E-05, -0.00904523
 -4.3372E-05, -0.00904523
 -4.3368E-05, -0.00949749
 -4.3364E-05, -0.00904523
  -4.336E-05, -0.00904523
 -4.3356E-05, -0.00904523
 -4.3352E-05, -0.00904523
 -4.3348E-05, -0.00904523
 -4.3344E-05, -0.00904523
  -4.334E-05, -0.00904523
 -4.3336E-05, -0.00904523
 -4.3332E-05, -0.00904523
 -4.3328E-05, -0.00904523
 -4.3324E-05, -0.00904523
  -4.332E-05, -0.00904523
 -4.3316E-05, -0.00949749
 -4.3312E-05, -0.00904523
 -4.3308E-05, -0.00859297
 -4.3304E-05, -0.00949749
   -4.33E-05, -0.00949749
 -4.3296E-05, -0.00904523
 -4.3292E-05, -0.00904523
 -4.3288E-05, -0.00904523
 -4.3284E-05, -0.00949749
  -4.328E-05, -0.00859297
 -4.3276E-05, -0.00904523
 -4.3272E-05, -0.00949749
 -4.3268E-05, -0.00904523
 -4.3264E-05, -0.00904523
  -4.326E-05, -0.00904523
 -4.3256E-05, -0.00904523
 -4.3252E-05, -0.00904523
 -4.3248E-05, -0.00904523
 -4.3244E-05, -0.00904523
  -4.324E-05, -0.00904523
 -4.3236E-05, -0.00904523
 -4.3232E-05, -0.00904523
 -4.3228E-05, -0.00949749
 -4.3224E-05, -0.00904523
  -4.322E-05, -0.00904523
 -4.3216E-05, -0.00904523
 -4.3212E-05, -0.00904523
 -4.3208E-05, -0.00904523
 -4.3204E-05, -0.00904523
   -4.32E-05, -0.00904523
 -4.3196E-05, -0.00904523
 -4.3192E-05, -0.00904523
 -4.3188E-05, -0.00904523
 -4.3184E-05, -0.00904523
  -4.318E-05, -0.00904523
 -4.3176E-05, -0.00904523
 -4.3172E-05, -0.00904523
 -4.3168E-05, -0.00904523
 -4.3164E-05, -0.00904523
  -4.316E-05, -0.00904523
 -4.3156E-05, -0.00904523
 -4.3152E-05, -0.00904523
 -4.3148E-05, -0.00859297
 -4.3144E-05, -0.00949749
  -4.314E-05, -0.00904523
 -4.3136E-05, -0.00904523
 -4.3132E-05, -0.00904523
 -4.3128E-05, -0.00949749
 -4.3124E-05, -0.00949749
  -4.312E-05, -0.00859297
 -4.3116E-05, -0.00904523
 -4.3112E-05, -0.00904523
 -4.3108E-05, -0.00904523
 -4.3104E-05, -0.00904523
   -4.31E-05, -0.00949749
 -4.3096E-05, -0.00949749
 -4.3092E-05, -0.00904523
 -4.3088E-05, -0.00904523
 -4.3084E-05, -0.00904523
  -4.308E-05, -0.00904523
 -4.3076E-05, -0.00859297
 -4.3072E-05, -0.00904523
 -4.3068E-05, -0.00904523
 -4.3064E-05, -0.00859297
  -4.306E-05, -0.00904523
 -4.3056E-05, -0.00904523
 -4.3052E-05, -0.00904523
 -4.3048E-05, -0.00904523
 -4.3044E-05, -0.00904523
  -4.304E-05, -0.00904523
 -4.3036E-05, -0.00904523
 -4.3032E-05, -0.00904523
 -4.3028E-05, -0.00949749
 -4.3024E-05, -0.00904523
  -4.302E-05, -0.00904523
 -4.3016E-05, -0.00904523
 -4.3012E-05, -0.00904523
 -4.3008E-05, -0.00949749
 -4.3004E-05, -0.00904523
    -4.3E-05, -0.00904523
 -4.2996E-05, -0.00949749
 -4.2992E-05, -0.00904523
 -4.2988E-05, -0.00949749
 -4.2984E-05, -0.00904523
  -4.298E-05, -0.00904523
 -4.2976E-05, -0.00949749
 -4.2972E-05, -0.00904523
 -4.2968E-05, -0.00904523
 -4.2964E-05, -0.00904523
  -4.296E-05, -0.00904523
 -4.2956E-05, -0.00949749
 -4.2952E-05, -0.00904523
 -4.2948E-05, -0.00859297
 -4.2944E-05, -0.00904523
  -4.294E-05, -0.00904523
 -4.2936E-05, -0.00904523
 -4.2932E-05, -0.00859297
 -4.2928E-05, -0.00904523
 -4.2924E-05, -0.00904523
  -4.292E-05, -0.00904523
 -4.2916E-05, -0.00904523
 -4.2912E-05, -0.00949749
 -4.2908E-05, -0.00904523
 -4.2904E-05, -0.00904523
   -4.29E-05, -0.00904523
 -4.2896E-05, -0.00949749
 -4.2892E-05, -0.00904523
 -4.2888E-05, -0.00904523
 -4.2884E-05, -0.00949749
  -4.288E-05, -0.00949749
 -4.2876E-05, -0.00904523
 -4.2872E-05, -0.00904523
 -4.2868E-05, -0.00949749
 -4.2864E-05, -0.00904523
  -4.286E-05, -0.00904523
 -4.2856E-05, -0.00904523
 -4.2852E-05, -0.00904523
 -4.2848E-05, -0.00904523
 -4.2844E-05, -0.00904523
  -4.284E-05, -0.00904523
 -4.2836E-05, -0.00904523
 -4.2832E-05, -0.00904523
 -4.2828E-05, -0.00949749
 -4.2824E-05, -0.00904523
  -4.282E-05, -0.00904523
 -4.2816E-05, -0.00949749
 -4.2812E-05, -0.00904523
 -4.2808E-05, -0.00904523
 -4.2804E-05, -0.00904523
   -4.28E-05, -0.00904523
 -4.2796E-05, -0.00904523
 -4.2792E-05, -0.00904523
 -4.2788E-05, -0.00949749
 -4.2784E-05, -0.00904523
  -4.278E-05, -0.00904523
 -4.2776E-05, -0.00904523
 -4.2772E-05, -0.00904523
 -4.2768E-05, -0.00904523
 -4.2764E-05, -0.00904523
  -4.276E-05, -0.00904523
 -4.2756E-05, -0.00904523
 -4.2752E-05, -0.00904523
 -4.2748E-05, -0.00859297
 -4.2744E-05, -0.00904523
  -4.274E-05, -0.00949749
 -4.2736E-05, -0.00904523
 -4.2732E-05, -0.00904523
 -4.2728E-05, -0.00904523
 -4.2724E-05, -0.00904523
  -4.272E-05, -0.00904523
 -4.2716E-05, -0.00904523
 -4.2712E-05, -0.00949749
 -4.2708E-05, -0.00904523
 -4.2704E-05, -0.00904523
   -4.27E-05, -0.00904523
 -4.2696E-05, -0.00904523
 -4.2692E-05, -0.00904523
 -4.2688E-05, -0.00904523
 -4.2684E-05, -0.00904523
  -4.268E-05, -0.00949749
 -4.2676E-05, -0.00904523
 -4.2672E-05, -0.00904523
 -4.2668E-05, -0.00904523
 -4.2664E-05, -0.00904523
  -4.266E-05, -0.00949749
 -4.2656E-05, -0.00904523
 -4.2652E-05, -0.00904523
 -4.2648E-05, -0.00904523
 -4.2644E-05, -0.00904523
  -4.264E-05, -0.00949749
 -4.2636E-05, -0.00904523
 -4.2632E-05, -0.00904523
 -4.2628E-05, -0.00949749
 -4.2624E-05, -0.00904523
  -4.262E-05, -0.00904523
 -4.2616E-05, -0.00949749
 -4.2612E-05, -0.00904523
 -4.2608E-05, -0.00904523
 -4.2604E-05, -0.00949749
   -4.26E-05, -0.00949749
 -4.2596E-05, -0.00904523
 -4.2592E-05, -0.00904523
 -4.2588E-05, -0.00904523
 -4.2584E-05, -0.00949749
  -4.258E-05, -0.00904523
 -4.2576E-05, -0.00904523
 -4.2572E-05, -0.00904523
 -4.2568E-05, -0.00904523
 -4.2564E-05, -0.00904523
  -4.256E-05, -0.00859297
 -4.2556E-05, -0.00904523
 -4.2552E-05, -0.00949749
 -4.2548E-05, -0.00904523
 -4.2544E-05, -0.00904523
  -4.254E-05, -0.00904523
 -4.2536E-05, -0.00904523
 -4.2532E-05, -0.00904523
 -4.2528E-05, -0.00904523
 -4.2524E-05, -0.00949749
  -4.252E-05, -0.00904523
 -4.2516E-05, -0.00904523
 -4.2512E-05, -0.00949749
 -4.2508E-05, -0.00904523
 -4.2504E-05, -0.00904523
   -4.25E-05, -0.00949749
 -4.2496E-05, -0.00904523
 -4.2492E-05, -0.00904523
 -4.2488E-05, -0.00904523
 -4.2484E-05, -0.00904523
  -4.248E-05, -0.00904523
 -4.2476E-05, -0.00904523
 -4.2472E-05, -0.00904523
 -4.2468E-05, -0.00904523
 -4.2464E-05, -0.00904523
  -4.246E-05, -0.00949749
 -4.2456E-05, -0.00904523
 -4.2452E-05, -0.00859297
 -4.2448E-05, -0.00904523
 -4.2444E-05, -0.00949749
  -4.244E-05, -0.00904523
 -4.2436E-05, -0.00904523
 -4.2432E-05, -0.00904523
 -4.2428E-05, -0.00949749
 -4.2424E-05, -0.00904523
  -4.242E-05, -0.00904523
 -4.2416E-05, -0.00949749
 -4.2412E-05, -0.00904523
 -4.2408E-05, -0.00859297
 -4.2404E-05, -0.00904523
   -4.24E-05, -0.00904523
 -4.2396E-05, -0.00904523
 -4.2392E-05, -0.00859297
 -4.2388E-05, -0.00904523
 -4.2384E-05, -0.00949749
  -4.238E-05, -0.00904523
 -4.2376E-05, -0.00904523
 -4.2372E-05, -0.00904523
 -4.2368E-05, -0.00904523
 -4.2364E-05, -0.00904523
  -4.236E-05, -0.00904523
 -4.2356E-05, -0.00904523
 -4.2352E-05, -0.00949749
 -4.2348E-05, -0.00904523
 -4.2344E-05, -0.00859297
  -4.234E-05, -0.00904523
 -4.2336E-05, -0.00904523
 -4.2332E-05, -0.00904523
 -4.2328E-05, -0.00904523
 -4.2324E-05, -0.00904523
  -4.232E-05, -0.00949749
 -4.2316E-05, -0.00904523
 -4.2312E-05, -0.00949749
 -4.2308E-05, -0.00904523
 -4.2304E-05, -0.00904523
   -4.23E-05, -0.00904523
 -4.2296E-05, -0.00904523
 -4.2292E-05, -0.00949749
 -4.2288E-05, -0.00904523
 -4.2284E-05, -0.00904523
  -4.228E-05, -0.00904523
 -4.2276E-05, -0.00904523
 -4.2272E-05, -0.00904523
 -4.2268E-05, -0.00904523
 -4.2264E-05, -0.00904523
  -4.226E-05, -0.00904523
 -4.2256E-05, -0.00949749
 -4.2252E-05, -0.00904523
 -4.2248E-05, -0.00949749
 -4.2244E-05, -0.00904523
  -4.224E-05, -0.00904523
 -4.2236E-05, -0.00949749
 -4.2232E-05, -0.00904523
 -4.2228E-05, -0.00904523
 -4.2224E-05, -0.00904523
  -4.222E-05, -0.00904523
 -4.2216E-05, -0.00949749
 -4.2212E-05, -0.00904523
 -4.2208E-05, -0.00949749
 -4.2204E-05, -0.00949749
   -4.22E-05, -0.00904523
 -4.2196E-05, -0.00949749
 -4.2192E-05, -0.00949749
 -4.2188E-05, -0.00904523
 -4.2184E-05, -0.00949749
  -4.218E-05, -0.00904523
 -4.2176E-05, -0.00904523
 -4.2172E-05, -0.00904523
 -4.2168E-05, -0.00904523
 -4.2164E-05, -0.00949749
  -4.216E-05, -0.00904523
 -4.2156E-05, -0.00949749
 -4.2152E-05, -0.00949749
 -4.2148E-05, -0.00904523
 -4.2144E-05, -0.00904523
  -4.214E-05, -0.00904523
 -4.2136E-05, -0.00904523
 -4.2132E-05, -0.00904523
 -4.2128E-05, -0.00904523
 -4.2124E-05, -0.00904523
  -4.212E-05, -0.00904523
 -4.2116E-05, -0.00904523
 -4.2112E-05, -0.00949749
 -4.2108E-05, -0.00949749
 -4.2104E-05, -0.00904523
   -4.21E-05, -0.00904523
 -4.2096E-05, -0.00949749
 -4.2092E-05, -0.00904523
 -4.2088E-05, -0.00949749
 -4.2084E-05, -0.00904523
  -4.208E-05, -0.00904523
 -4.2076E-05, -0.00904523
 -4.2072E-05, -0.00904523
 -4.2068E-05, -0.00904523
 -4.2064E-05, -0.00904523
  -4.206E-05, -0.00904523
 -4.2056E-05, -0.00904523
 -4.2052E-05, -0.00904523
 -4.2048E-05, -0.00904523
 -4.2044E-05, -0.00904523
  -4.204E-05, -0.00949749
 -4.2036E-05, -0.00904523
 -4.2032E-05, -0.00904523
 -4.2028E-05, -0.00904523
 -4.2024E-05, -0.00949749
  -4.202E-05, -0.00904523
 -4.2016E-05, -0.00904523
 -4.2012E-05, -0.00949749
 -4.2008E-05, -0.00904523
 -4.2004E-05, -0.00949749
    -4.2E-05, -0.00904523
 -4.1996E-05, -0.00904523
 -4.1992E-05, -0.00949749
 -4.1988E-05, -0.00904523
 -4.1984E-05, -0.00904523
  -4.198E-05, -0.00904523
 -4.1976E-05, -0.00904523
 -4.1972E-05, -0.00904523
 -4.1968E-05, -0.00904523
 -4.1964E-05, -0.00904523
  -4.196E-05, -0.00904523
 -4.1956E-05, -0.00904523
 -4.1952E-05, -0.00904523
 -4.1948E-05, -0.00904523
 -4.1944E-05, -0.00904523
  -4.194E-05, -0.00949749
 -4.1936E-05, -0.00904523
 -4.1932E-05, -0.00904523
 -4.1928E-05, -0.00949749
 -4.1924E-05, -0.00949749
  -4.192E-05, -0.00904523
 -4.1916E-05, -0.00904523
 -4.1912E-05, -0.00949749
 -4.1908E-05, -0.00949749
 -4.1904E-05, -0.00904523
   -4.19E-05, -0.00949749
 -4.1896E-05, -0.00949749
 -4.1892E-05, -0.00904523
 -4.1888E-05, -0.00904523
 -4.1884E-05, -0.00904523
  -4.188E-05, -0.00949749
 -4.1876E-05, -0.00904523
 -4.1872E-05, -0.00904523
 -4.1868E-05, -0.00949749
 -4.1864E-05, -0.00904523
  -4.186E-05, -0.00904523
 -4.1856E-05, -0.00904523
 -4.1852E-05, -0.00904523
 -4.1848E-05, -0.00904523
 -4.1844E-05, -0.00904523
  -4.184E-05, -0.00904523
 -4.1836E-05, -0.00904523
 -4.1832E-05, -0.00904523
 -4.1828E-05, -0.00949749
 -4.1824E-05, -0.00949749
  -4.182E-05, -0.00904523
 -4.1816E-05, -0.00904523
 -4.1812E-05, -0.00949749
 -4.1808E-05, -0.00904523
 -4.1804E-05, -0.00949749
   -4.18E-05, -0.00904523
 -4.1796E-05, -0.00904523
 -4.1792E-05, -0.00949749
 -4.1788E-05, -0.00904523
 -4.1784E-05, -0.00904523
  -4.178E-05, -0.00904523
 -4.1776E-05, -0.00904523
 -4.1772E-05, -0.00904523
 -4.1768E-05, -0.00904523
 -4.1764E-05, -0.00904523
  -4.176E-05, -0.00949749
 -4.1756E-05, -0.00859297
 -4.1752E-05, -0.00904523
 -4.1748E-05, -0.00904523
 -4.1744E-05, -0.00904523
  -4.174E-05, -0.00904523
 -4.1736E-05, -0.00904523
 -4.1732E-05, -0.00904523
 -4.1728E-05, -0.00904523
 -4.1724E-05, -0.00904523
  -4.172E-05, -0.00904523
 -4.1716E-05, -0.00904523
 -4.1712E-05, -0.00949749
 -4.1708E-05, -0.00949749
 -4.1704E-05, -0.00949749
   -4.17E-05, -0.00904523
 -4.1696E-05, -0.00949749
 -4.1692E-05, -0.00949749
 -4.1688E-05, -0.00949749
 -4.1684E-05, -0.00949749
  -4.168E-05, -0.00904523
 -4.1676E-05, -0.00904523
 -4.1672E-05, -0.00904523
 -4.1668E-05, -0.00949749
 -4.1664E-05, -0.00949749
  -4.166E-05, -0.00904523
 -4.1656E-05, -0.00904523
 -4.1652E-05, -0.00949749
 -4.1648E-05, -0.00904523
 -4.1644E-05, -0.00904523
  -4.164E-05, -0.00904523
 -4.1636E-05, -0.00904523
 -4.1632E-05, -0.00904523
 -4.1628E-05, -0.00904523
 -4.1624E-05, -0.00949749
  -4.162E-05, -0.00904523
 -4.1616E-05, -0.00904523
 -4.1612E-05, -0.00949749
 -4.1608E-05, -0.00949749
 -4.1604E-05, -0.00949749
   -4.16E-05, -0.00904523
 -4.1596E-05, -0.00904523
 -4.1592E-05, -0.00994975
 -4.1588E-05, -0.00904523
 -4.1584E-05, -0.00904523
  -4.158E-05, -0.00904523
 -4.1576E-05, -0.00949749
 -4.1572E-05, -0.00949749
 -4.1568E-05, -0.00904523
 -4.1564E-05, -0.00904523
  -4.156E-05, -0.00904523
 -4.1556E-05, -0.00904523
 -4.1552E-05, -0.00949749
 -4.1548E-05, -0.00949749
 -4.1544E-05, -0.00904523
  -4.154E-05, -0.00904523
 -4.1536E-05, -0.00904523
 -4.1532E-05, -0.00949749
 -4.1528E-05, -0.00904523
 -4.1524E-05, -0.00904523
  -4.152E-05, -0.00949749
 -4.1516E-05, -0.00949749
 -4.1512E-05, -0.00904523
 -4.1508E-05, -0.00949749
 -4.1504E-05, -0.00904523
   -4.15E-05, -0.00949749
 -4.1496E-05, -0.00949749
 -4.1492E-05, -0.00904523
 -4.1488E-05, -0.00949749
 -4.1484E-05, -0.00949749
  -4.148E-05, -0.00904523
 -4.1476E-05, -0.00949749
 -4.1472E-05, -0.00949749
 -4.1468E-05, -0.00949749
 -4.1464E-05, -0.00904523
  -4.146E-05, -0.00904523
 -4.1456E-05, -0.00949749
 -4.1452E-05, -0.00904523
 -4.1448E-05, -0.00904523
 -4.1444E-05, -0.00949749
  -4.144E-05, -0.00904523
 -4.1436E-05, -0.00904523
 -4.1432E-05, -0.00949749
 -4.1428E-05, -0.00949749
 -4.1424E-05, -0.00904523
  -4.142E-05, -0.00904523
 -4.1416E-05, -0.00949749
 -4.1412E-05, -0.00904523
 -4.1408E-05, -0.00904523
 -4.1404E-05, -0.00949749
   -4.14E-05, -0.00949749
 -4.1396E-05, -0.00904523
 -4.1392E-05, -0.00904523
 -4.1388E-05, -0.00949749
 -4.1384E-05, -0.00949749
  -4.138E-05, -0.00904523
 -4.1376E-05, -0.00949749
 -4.1372E-05, -0.00949749
 -4.1368E-05, -0.00904523
 -4.1364E-05, -0.00904523
  -4.136E-05, -0.00904523
 -4.1356E-05, -0.00949749
 -4.1352E-05, -0.00904523
 -4.1348E-05, -0.00904523
 -4.1344E-05, -0.00904523
  -4.134E-05, -0.00949749
 -4.1336E-05, -0.00904523
 -4.1332E-05, -0.00904523
 -4.1328E-05, -0.00949749
 -4.1324E-05, -0.00904523
  -4.132E-05, -0.00949749
 -4.1316E-05, -0.00949749
 -4.1312E-05, -0.00904523
 -4.1308E-05, -0.00949749
 -4.1304E-05, -0.00949749
   -4.13E-05, -0.00904523
 -4.1296E-05, -0.00949749
 -4.1292E-05, -0.00949749
 -4.1288E-05, -0.00904523
 -4.1284E-05, -0.00949749
  -4.128E-05, -0.00949749
 -4.1276E-05, -0.00904523
 -4.1272E-05, -0.00904523
 -4.1268E-05, -0.00904523
 -4.1264E-05, -0.00949749
  -4.126E-05, -0.00904523
 -4.1256E-05, -0.00904523
 -4.1252E-05, -0.00904523
 -4.1248E-05, -0.00904523
 -4.1244E-05, -0.00949749
  -4.124E-05, -0.00904523
 -4.1236E-05, -0.00904523
 -4.1232E-05, -0.00904523
 -4.1228E-05, -0.00949749
 -4.1224E-05, -0.00949749
  -4.122E-05, -0.00904523
 -4.1216E-05, -0.00904523
 -4.1212E-05, -0.00949749
 -4.1208E-05, -0.00904523
 -4.1204E-05, -0.00904523
   -4.12E-05, -0.00949749
 -4.1196E-05, -0.00904523
 -4.1192E-05, -0.00904523
 -4.1188E-05, -0.00904523
 -4.1184E-05, -0.00949749
  -4.118E-05, -0.00949749
 -4.1176E-05, -0.00904523
 -4.1172E-05, -0.00904523
 -4.1168E-05, -0.00904523
 -4.1164E-05, -0.00904523
  -4.116E-05, -0.00949749
 -4.1156E-05, -0.00904523
 -4.1152E-05, -0.00904523
 -4.1148E-05, -0.00904523
 -4.1144E-05, -0.00904523
  -4.114E-05, -0.00904523
 -4.1136E-05, -0.00904523
 -4.1132E-05, -0.00904523
 -4.1128E-05, -0.00949749
 -4.1124E-05, -0.00949749
  -4.112E-05, -0.00904523
 -4.1116E-05, -0.00904523
 -4.1112E-05, -0.00949749
 -4.1108E-05, -0.00949749
 -4.1104E-05, -0.00949749
   -4.11E-05, -0.00949749
 -4.1096E-05, -0.00949749
 -4.1092E-05, -0.00904523
 -4.1088E-05, -0.00904523
 -4.1084E-05, -0.00949749
  -4.108E-05, -0.00904523
 -4.1076E-05, -0.00904523
 -4.1072E-05, -0.00904523
 -4.1068E-05, -0.00949749
 -4.1064E-05, -0.00904523
  -4.106E-05, -0.00904523
 -4.1056E-05, -0.00904523
 -4.1052E-05, -0.00904523
 -4.1048E-05, -0.00904523
 -4.1044E-05, -0.00904523
  -4.104E-05, -0.00949749
 -4.1036E-05, -0.00904523
 -4.1032E-05, -0.00904523
 -4.1028E-05, -0.00949749
 -4.1024E-05, -0.00949749
  -4.102E-05, -0.00949749
 -4.1016E-05, -0.00949749
 -4.1012E-05, -0.00949749
 -4.1008E-05, -0.00949749
 -4.1004E-05, -0.00904523
