     7.3E-05,  -0.0176382
  7.3004E-05,  -0.0176382
  7.3008E-05,  -0.0176382
  7.3012E-05,  -0.0176382
  7.3016E-05,  -0.0180905
   7.302E-05,  -0.0176382
  7.3024E-05,  -0.0176382
  7.3028E-05,  -0.0180905
  7.3032E-05,  -0.0180905
  7.3036E-05,  -0.0180905
   7.304E-05,  -0.0180905
  7.3044E-05,  -0.0180905
  7.3048E-05,  -0.0180905
  7.3052E-05,  -0.0180905
  7.3056E-05,  -0.0185427
   7.306E-05,  -0.0185427
  7.3064E-05,  -0.0185427
  7.3068E-05,  -0.0185427
  7.3072E-05,  -0.0185427
  7.3076E-05,  -0.0185427
   7.308E-05,  -0.0185427
  7.3084E-05,  -0.0185427
  7.3088E-05,  -0.0185427
  7.3092E-05,  -0.0180905
  7.3096E-05,  -0.0185427
    7.31E-05,  -0.0185427
  7.3104E-05,  -0.0185427
  7.3108E-05,  -0.0185427
  7.3112E-05,  -0.0180905
  7.3116E-05,  -0.0185427
   7.312E-05,  -0.0185427
  7.3124E-05,  -0.0180905
  7.3128E-05,  -0.0180905
  7.3132E-05,  -0.0180905
  7.3136E-05,  -0.0180905
   7.314E-05,  -0.0180905
  7.3144E-05,  -0.0180905
  7.3148E-05,  -0.0180905
  7.3152E-05,  -0.0180905
  7.3156E-05,  -0.0180905
   7.316E-05,  -0.0185427
  7.3164E-05,  -0.0180905
  7.3168E-05,  -0.0180905
  7.3172E-05,  -0.0180905
  7.3176E-05,  -0.0180905
   7.318E-05,  -0.0180905
  7.3184E-05,  -0.0180905
  7.3188E-05,  -0.0180905
  7.3192E-05,  -0.0180905
  7.3196E-05,  -0.0176382
    7.32E-05,  -0.0176382
  7.3204E-05,  -0.0176382
  7.3208E-05,  -0.0171859
  7.3212E-05,  -0.0176382
  7.3216E-05,  -0.0171859
   7.322E-05,  -0.0171859
  7.3224E-05,  -0.0171859
  7.3228E-05,  -0.0167337
  7.3232E-05,  -0.0167337
  7.3236E-05,  -0.0167337
   7.324E-05,  -0.0167337
  7.3244E-05,  -0.0167337
  7.3248E-05,  -0.0162814
  7.3252E-05,  -0.0162814
  7.3256E-05,  -0.0162814
   7.326E-05,  -0.0162814
  7.3264E-05,  -0.0162814
  7.3268E-05,  -0.0158291
  7.3272E-05,  -0.0162814
  7.3276E-05,  -0.0162814
   7.328E-05,  -0.0158291
  7.3284E-05,  -0.0158291
  7.3288E-05,  -0.0158291
  7.3292E-05,  -0.0158291
  7.3296E-05,  -0.0153769
    7.33E-05,  -0.0153769
  7.3304E-05,  -0.0153769
  7.3308E-05,  -0.0149246
  7.3312E-05,  -0.0149246
  7.3316E-05,  -0.0149246
   7.332E-05,  -0.0149246
  7.3324E-05,  -0.0144724
  7.3328E-05,  -0.0140201
  7.3332E-05,  -0.0144724
  7.3336E-05,  -0.0144724
   7.334E-05,  -0.0140201
  7.3344E-05,  -0.0140201
  7.3348E-05,  -0.0140201
  7.3352E-05,  -0.0140201
  7.3356E-05,  -0.0135678
   7.336E-05,  -0.0135678
  7.3364E-05,  -0.0140201
  7.3368E-05,  -0.0131156
  7.3372E-05,  -0.0131156
  7.3376E-05,  -0.0131156
   7.338E-05,  -0.0131156
  7.3384E-05,  -0.0131156
  7.3388E-05,  -0.0126633
  7.3392E-05,  -0.0131156
  7.3396E-05,  -0.0126633
    7.34E-05,  -0.0122111
  7.3404E-05,  -0.0126633
  7.3408E-05,  -0.0122111
  7.3412E-05,  -0.0117588
  7.3416E-05,  -0.0122111
   7.342E-05,  -0.0117588
  7.3424E-05,  -0.0117588
  7.3428E-05,  -0.0113065
  7.3432E-05,  -0.0113065
  7.3436E-05,  -0.0113065
   7.344E-05,  -0.0108543
  7.3444E-05,  -0.0108543
  7.3448E-05,   -0.010402
  7.3452E-05,   -0.010402
  7.3456E-05,   -0.010402
   7.346E-05,   -0.010402
  7.3464E-05,   -0.010402
  7.3468E-05, -0.00994975
  7.3472E-05, -0.00994975
  7.3476E-05, -0.00994975
   7.348E-05, -0.00994975
  7.3484E-05, -0.00949749
  7.3488E-05, -0.00949749
  7.3492E-05, -0.00949749
  7.3496E-05, -0.00949749
    7.35E-05, -0.00949749
  7.3504E-05, -0.00904523
  7.3508E-05, -0.00904523
  7.3512E-05, -0.00859297
  7.3516E-05, -0.00859297
   7.352E-05, -0.00859297
  7.3524E-05, -0.00859297
  7.3528E-05,  -0.0081407
  7.3532E-05,  -0.0081407
  7.3536E-05,  -0.0081407
   7.354E-05,  -0.0081407
  7.3544E-05, -0.00768844
  7.3548E-05, -0.00768844
  7.3552E-05, -0.00768844
  7.3556E-05, -0.00768844
   7.356E-05, -0.00768844
  7.3564E-05, -0.00723618
  7.3568E-05, -0.00723618
  7.3572E-05, -0.00723618
  7.3576E-05, -0.00723618
   7.358E-05, -0.00678392
  7.3584E-05, -0.00678392
  7.3588E-05, -0.00723618
  7.3592E-05, -0.00678392
  7.3596E-05, -0.00633166
    7.36E-05, -0.00633166
  7.3604E-05, -0.00633166
  7.3608E-05,  -0.0058794
  7.3612E-05, -0.00633166
  7.3616E-05, -0.00633166
   7.362E-05,  -0.0058794
  7.3624E-05, -0.00542714
  7.3628E-05,  -0.0058794
  7.3632E-05,  -0.0058794
  7.3636E-05, -0.00542714
   7.364E-05, -0.00542714
  7.3644E-05, -0.00542714
  7.3648E-05, -0.00542714
  7.3652E-05, -0.00542714
  7.3656E-05, -0.00542714
   7.366E-05, -0.00497487
  7.3664E-05, -0.00497487
  7.3668E-05, -0.00542714
  7.3672E-05, -0.00542714
  7.3676E-05, -0.00497487
   7.368E-05, -0.00497487
  7.3684E-05, -0.00497487
  7.3688E-05, -0.00497487
  7.3692E-05, -0.00497487
  7.3696E-05, -0.00497487
    7.37E-05, -0.00452261
  7.3704E-05, -0.00452261
  7.3708E-05, -0.00452261
  7.3712E-05, -0.00452261
  7.3716E-05, -0.00452261
   7.372E-05, -0.00452261
  7.3724E-05, -0.00407035
  7.3728E-05, -0.00407035
  7.3732E-05, -0.00452261
  7.3736E-05, -0.00452261
   7.374E-05, -0.00407035
  7.3744E-05, -0.00407035
  7.3748E-05, -0.00407035
  7.3752E-05, -0.00452261
  7.3756E-05, -0.00452261
   7.376E-05, -0.00407035
  7.3764E-05, -0.00452261
  7.3768E-05, -0.00407035
  7.3772E-05, -0.00407035
  7.3776E-05, -0.00407035
   7.378E-05, -0.00407035
  7.3784E-05, -0.00407035
  7.3788E-05, -0.00407035
  7.3792E-05, -0.00407035
  7.3796E-05, -0.00452261
    7.38E-05, -0.00407035
  7.3804E-05, -0.00407035
  7.3808E-05, -0.00452261
  7.3812E-05, -0.00407035
  7.3816E-05, -0.00407035
   7.382E-05, -0.00407035
  7.3824E-05, -0.00407035
  7.3828E-05, -0.00452261
  7.3832E-05, -0.00407035
  7.3836E-05, -0.00407035
   7.384E-05, -0.00407035
  7.3844E-05, -0.00407035
  7.3848E-05, -0.00452261
  7.3852E-05, -0.00452261
  7.3856E-05, -0.00452261
   7.386E-05, -0.00452261
  7.3864E-05, -0.00452261
  7.3868E-05, -0.00452261
  7.3872E-05, -0.00452261
  7.3876E-05, -0.00497487
   7.388E-05, -0.00497487
  7.3884E-05, -0.00497487
  7.3888E-05, -0.00497487
  7.3892E-05, -0.00497487
  7.3896E-05, -0.00542714
    7.39E-05, -0.00542714
  7.3904E-05, -0.00497487
  7.3908E-05, -0.00542714
  7.3912E-05, -0.00542714
  7.3916E-05, -0.00497487
   7.392E-05, -0.00542714
  7.3924E-05, -0.00542714
  7.3928E-05, -0.00542714
  7.3932E-05, -0.00542714
  7.3936E-05, -0.00542714
   7.394E-05,  -0.0058794
  7.3944E-05,  -0.0058794
  7.3948E-05,  -0.0058794
  7.3952E-05, -0.00633166
  7.3956E-05,  -0.0058794
   7.396E-05, -0.00633166
  7.3964E-05, -0.00633166
  7.3968E-05, -0.00678392
  7.3972E-05, -0.00678392
  7.3976E-05, -0.00633166
   7.398E-05, -0.00678392
  7.3984E-05, -0.00678392
  7.3988E-05, -0.00723618
  7.3992E-05, -0.00678392
  7.3996E-05, -0.00678392
     7.4E-05, -0.00723618
  7.4004E-05, -0.00723618
  7.4008E-05, -0.00723618
  7.4012E-05, -0.00723618
  7.4016E-05, -0.00768844
   7.402E-05, -0.00768844
  7.4024E-05, -0.00768844
  7.4028E-05,  -0.0081407
  7.4032E-05,  -0.0081407
  7.4036E-05, -0.00768844
   7.404E-05,  -0.0081407
  7.4044E-05, -0.00859297
  7.4048E-05, -0.00859297
  7.4052E-05, -0.00859297
  7.4056E-05, -0.00859297
   7.406E-05, -0.00904523
  7.4064E-05, -0.00904523
  7.4068E-05, -0.00904523
  7.4072E-05, -0.00949749
  7.4076E-05, -0.00904523
   7.408E-05, -0.00949749
  7.4084E-05, -0.00949749
  7.4088E-05, -0.00994975
  7.4092E-05, -0.00994975
  7.4096E-05, -0.00949749
    7.41E-05, -0.00994975
  7.4104E-05,   -0.010402
  7.4108E-05,   -0.010402
  7.4112E-05,   -0.010402
  7.4116E-05,   -0.010402
   7.412E-05,  -0.0108543
  7.4124E-05,   -0.010402
  7.4128E-05,   -0.010402
  7.4132E-05,  -0.0108543
  7.4136E-05,  -0.0108543
   7.414E-05,  -0.0108543
  7.4144E-05,  -0.0113065
  7.4148E-05,  -0.0113065
  7.4152E-05,  -0.0117588
  7.4156E-05,  -0.0117588
   7.416E-05,  -0.0117588
  7.4164E-05,  -0.0117588
  7.4168E-05,  -0.0117588
  7.4172E-05,  -0.0122111
  7.4176E-05,  -0.0126633
   7.418E-05,  -0.0122111
  7.4184E-05,  -0.0122111
  7.4188E-05,  -0.0126633
  7.4192E-05,  -0.0122111
  7.4196E-05,  -0.0126633
    7.42E-05,  -0.0126633
  7.4204E-05,  -0.0131156
  7.4208E-05,  -0.0126633
  7.4212E-05,  -0.0131156
  7.4216E-05,  -0.0131156
   7.422E-05,  -0.0131156
  7.4224E-05,  -0.0131156
  7.4228E-05,  -0.0135678
  7.4232E-05,  -0.0135678
  7.4236E-05,  -0.0131156
   7.424E-05,  -0.0135678
  7.4244E-05,  -0.0135678
  7.4248E-05,  -0.0135678
  7.4252E-05,  -0.0135678
  7.4256E-05,  -0.0140201
   7.426E-05,  -0.0140201
  7.4264E-05,  -0.0140201
  7.4268E-05,  -0.0144724
  7.4272E-05,  -0.0144724
  7.4276E-05,  -0.0144724
   7.428E-05,  -0.0144724
  7.4284E-05,  -0.0144724
  7.4288E-05,  -0.0144724
  7.4292E-05,  -0.0144724
  7.4296E-05,  -0.0149246
    7.43E-05,  -0.0144724
  7.4304E-05,  -0.0144724
  7.4308E-05,  -0.0149246
  7.4312E-05,  -0.0149246
  7.4316E-05,  -0.0149246
   7.432E-05,  -0.0149246
  7.4324E-05,  -0.0153769
  7.4328E-05,  -0.0149246
  7.4332E-05,  -0.0149246
  7.4336E-05,  -0.0153769
   7.434E-05,  -0.0149246
  7.4344E-05,  -0.0153769
  7.4348E-05,  -0.0153769
  7.4352E-05,  -0.0153769
  7.4356E-05,  -0.0149246
   7.436E-05,  -0.0153769
  7.4364E-05,  -0.0153769
  7.4368E-05,  -0.0149246
  7.4372E-05,  -0.0153769
  7.4376E-05,  -0.0153769
   7.438E-05,  -0.0149246
  7.4384E-05,  -0.0153769
  7.4388E-05,  -0.0153769
  7.4392E-05,  -0.0153769
  7.4396E-05,  -0.0149246
    7.44E-05,  -0.0153769
  7.4404E-05,  -0.0153769
  7.4408E-05,  -0.0149246
  7.4412E-05,  -0.0149246
  7.4416E-05,  -0.0149246
   7.442E-05,  -0.0153769
  7.4424E-05,  -0.0149246
  7.4428E-05,  -0.0149246
  7.4432E-05,  -0.0149246
  7.4436E-05,  -0.0149246
   7.444E-05,  -0.0149246
  7.4444E-05,  -0.0149246
  7.4448E-05,  -0.0149246
  7.4452E-05,  -0.0149246
  7.4456E-05,  -0.0149246
   7.446E-05,  -0.0149246
  7.4464E-05,  -0.0149246
  7.4468E-05,  -0.0144724
  7.4472E-05,  -0.0144724
  7.4476E-05,  -0.0149246
   7.448E-05,  -0.0149246
  7.4484E-05,  -0.0144724
  7.4488E-05,  -0.0144724
  7.4492E-05,  -0.0149246
  7.4496E-05,  -0.0144724
    7.45E-05,  -0.0140201
  7.4504E-05,  -0.0144724
  7.4508E-05,  -0.0140201
  7.4512E-05,  -0.0135678
  7.4516E-05,  -0.0135678
   7.452E-05,  -0.0140201
  7.4524E-05,  -0.0135678
  7.4528E-05,  -0.0131156
  7.4532E-05,  -0.0135678
  7.4536E-05,  -0.0135678
   7.454E-05,  -0.0126633
  7.4544E-05,  -0.0131156
  7.4548E-05,  -0.0126633
  7.4552E-05,  -0.0126633
  7.4556E-05,  -0.0126633
   7.456E-05,  -0.0126633
  7.4564E-05,  -0.0122111
  7.4568E-05,  -0.0122111
  7.4572E-05,  -0.0122111
  7.4576E-05,  -0.0126633
   7.458E-05,  -0.0117588
  7.4584E-05,  -0.0117588
  7.4588E-05,  -0.0117588
  7.4592E-05,  -0.0117588
  7.4596E-05,  -0.0117588
    7.46E-05,  -0.0113065
  7.4604E-05,  -0.0113065
  7.4608E-05,  -0.0108543
  7.4612E-05,  -0.0108543
  7.4616E-05,  -0.0108543
   7.462E-05,  -0.0108543
  7.4624E-05,   -0.010402
  7.4628E-05,   -0.010402
  7.4632E-05, -0.00994975
  7.4636E-05, -0.00994975
   7.464E-05, -0.00994975
  7.4644E-05, -0.00949749
  7.4648E-05, -0.00949749
  7.4652E-05, -0.00949749
  7.4656E-05, -0.00904523
   7.466E-05, -0.00904523
  7.4664E-05, -0.00904523
  7.4668E-05, -0.00904523
  7.4672E-05, -0.00859297
  7.4676E-05,  -0.0081407
   7.468E-05, -0.00859297
  7.4684E-05,  -0.0081407
  7.4688E-05, -0.00768844
  7.4692E-05, -0.00768844
  7.4696E-05, -0.00768844
    7.47E-05, -0.00723618
  7.4704E-05, -0.00723618
  7.4708E-05, -0.00723618
  7.4712E-05, -0.00678392
  7.4716E-05, -0.00678392
   7.472E-05, -0.00633166
  7.4724E-05, -0.00633166
  7.4728E-05, -0.00633166
  7.4732E-05,  -0.0058794
  7.4736E-05,  -0.0058794
   7.474E-05, -0.00542714
  7.4744E-05, -0.00542714
  7.4748E-05, -0.00497487
  7.4752E-05, -0.00497487
  7.4756E-05, -0.00497487
   7.476E-05, -0.00497487
  7.4764E-05, -0.00452261
  7.4768E-05, -0.00452261
  7.4772E-05, -0.00452261
  7.4776E-05, -0.00407035
   7.478E-05, -0.00407035
  7.4784E-05, -0.00361809
  7.4788E-05, -0.00361809
  7.4792E-05, -0.00316583
  7.4796E-05, -0.00316583
    7.48E-05, -0.00316583
  7.4804E-05, -0.00271357
  7.4808E-05, -0.00271357
  7.4812E-05, -0.00226131
  7.4816E-05, -0.00226131
   7.482E-05, -0.00226131
  7.4824E-05, -0.00135678
  7.4828E-05, -0.00180905
  7.4832E-05, -0.00180905
  7.4836E-05,-0.000904523
   7.484E-05, -0.00135678
  7.4844E-05,-0.000904523
  7.4848E-05,-0.000904523
  7.4852E-05,-0.000904523
  7.4856E-05,-0.000904523
   7.486E-05,-0.000452261
  7.4864E-05,           0
  7.4868E-05,           0
  7.4872E-05,-0.000452261
  7.4876E-05,           0
   7.488E-05, 0.000452261
  7.4884E-05, 0.000452261
  7.4888E-05, 0.000452261
  7.4892E-05, 0.000904523
  7.4896E-05, 0.000452261
    7.49E-05, 0.000904523
  7.4904E-05,  0.00135678
  7.4908E-05,  0.00180905
  7.4912E-05,  0.00135678
  7.4916E-05,  0.00135678
   7.492E-05,  0.00180905
  7.4924E-05,  0.00180905
  7.4928E-05,  0.00180905
  7.4932E-05,  0.00226131
  7.4936E-05,  0.00226131
   7.494E-05,  0.00226131
  7.4944E-05,  0.00226131
  7.4948E-05,  0.00271357
  7.4952E-05,  0.00271357
  7.4956E-05,  0.00271357
   7.496E-05,  0.00316583
  7.4964E-05,  0.00316583
  7.4968E-05,  0.00271357
  7.4972E-05,  0.00316583
  7.4976E-05,  0.00316583
   7.498E-05,  0.00316583
  7.4984E-05,  0.00361809
  7.4988E-05,  0.00316583
  7.4992E-05,  0.00361809
  7.4996E-05,  0.00361809
     7.5E-05,  0.00407035
  7.5004E-05,  0.00361809
  7.5008E-05,  0.00361809
  7.5012E-05,  0.00407035
  7.5016E-05,  0.00407035
   7.502E-05,  0.00407035
  7.5024E-05,  0.00407035
  7.5028E-05,  0.00452261
  7.5032E-05,  0.00452261
  7.5036E-05,  0.00407035
   7.504E-05,  0.00452261
  7.5044E-05,  0.00452261
  7.5048E-05,  0.00452261
  7.5052E-05,  0.00452261
  7.5056E-05,  0.00452261
   7.506E-05,  0.00407035
  7.5064E-05,  0.00407035
  7.5068E-05,  0.00452261
  7.5072E-05,  0.00452261
  7.5076E-05,  0.00452261
   7.508E-05,  0.00407035
  7.5084E-05,  0.00407035
  7.5088E-05,  0.00407035
  7.5092E-05,  0.00452261
  7.5096E-05,  0.00452261
    7.51E-05,  0.00407035
  7.5104E-05,  0.00407035
  7.5108E-05,  0.00407035
  7.5112E-05,  0.00407035
  7.5116E-05,  0.00407035
   7.512E-05,  0.00407035
  7.5124E-05,  0.00407035
  7.5128E-05,  0.00361809
  7.5132E-05,  0.00361809
  7.5136E-05,  0.00361809
   7.514E-05,  0.00361809
  7.5144E-05,  0.00361809
  7.5148E-05,  0.00361809
  7.5152E-05,  0.00361809
  7.5156E-05,  0.00316583
   7.516E-05,  0.00316583
  7.5164E-05,  0.00316583
  7.5168E-05,  0.00316583
  7.5172E-05,  0.00271357
  7.5176E-05,  0.00271357
   7.518E-05,  0.00271357
  7.5184E-05,  0.00271357
  7.5188E-05,  0.00226131
  7.5192E-05,  0.00226131
  7.5196E-05,  0.00226131
    7.52E-05,  0.00226131
  7.5204E-05,  0.00180905
  7.5208E-05,  0.00226131
  7.5212E-05,  0.00180905
  7.5216E-05,  0.00135678
   7.522E-05, 0.000904523
  7.5224E-05,  0.00135678
  7.5228E-05,  0.00135678
  7.5232E-05, 0.000452261
  7.5236E-05, 0.000452261
   7.524E-05, 0.000904523
  7.5244E-05, 0.000452261
  7.5248E-05,           0
  7.5252E-05,           0
  7.5256E-05,           0
   7.526E-05,-0.000452261
  7.5264E-05,-0.000452261
  7.5268E-05,-0.000904523
  7.5272E-05,-0.000904523
  7.5276E-05,-0.000904523
   7.528E-05, -0.00135678
  7.5284E-05, -0.00135678
  7.5288E-05, -0.00135678
  7.5292E-05, -0.00180905
  7.5296E-05, -0.00226131
    7.53E-05, -0.00180905
  7.5304E-05, -0.00226131
  7.5308E-05, -0.00226131
  7.5312E-05, -0.00271357
  7.5316E-05, -0.00271357
   7.532E-05, -0.00316583
  7.5324E-05, -0.00316583
  7.5328E-05, -0.00316583
  7.5332E-05, -0.00361809
  7.5336E-05, -0.00407035
   7.534E-05, -0.00407035
  7.5344E-05, -0.00452261
  7.5348E-05, -0.00452261
  7.5352E-05, -0.00497487
  7.5356E-05, -0.00542714
   7.536E-05, -0.00542714
  7.5364E-05, -0.00542714
  7.5368E-05,  -0.0058794
  7.5372E-05, -0.00633166
  7.5376E-05, -0.00633166
   7.538E-05, -0.00678392
  7.5384E-05, -0.00678392
  7.5388E-05, -0.00678392
  7.5392E-05, -0.00723618
  7.5396E-05, -0.00723618
    7.54E-05, -0.00768844
  7.5404E-05, -0.00768844
  7.5408E-05, -0.00768844
  7.5412E-05,  -0.0081407
  7.5416E-05,  -0.0081407
   7.542E-05, -0.00859297
  7.5424E-05, -0.00859297
  7.5428E-05, -0.00859297
  7.5432E-05, -0.00904523
  7.5436E-05, -0.00904523
   7.544E-05, -0.00904523
  7.5444E-05, -0.00949749
  7.5448E-05, -0.00949749
  7.5452E-05, -0.00994975
  7.5456E-05, -0.00994975
   7.546E-05, -0.00994975
  7.5464E-05,   -0.010402
  7.5468E-05,   -0.010402
  7.5472E-05,   -0.010402
  7.5476E-05,  -0.0108543
   7.548E-05,  -0.0108543
  7.5484E-05,  -0.0113065
  7.5488E-05,  -0.0108543
  7.5492E-05,  -0.0113065
  7.5496E-05,  -0.0117588
    7.55E-05,  -0.0113065
  7.5504E-05,  -0.0117588
  7.5508E-05,  -0.0117588
  7.5512E-05,  -0.0117588
  7.5516E-05,  -0.0117588
   7.552E-05,  -0.0117588
  7.5524E-05,  -0.0122111
  7.5528E-05,  -0.0122111
  7.5532E-05,  -0.0122111
  7.5536E-05,  -0.0122111
   7.554E-05,  -0.0126633
  7.5544E-05,  -0.0122111
  7.5548E-05,  -0.0122111
  7.5552E-05,  -0.0122111
  7.5556E-05,  -0.0122111
   7.556E-05,  -0.0126633
  7.5564E-05,  -0.0122111
  7.5568E-05,  -0.0122111
  7.5572E-05,  -0.0122111
  7.5576E-05,  -0.0122111
   7.558E-05,  -0.0122111
  7.5584E-05,  -0.0122111
  7.5588E-05,  -0.0122111
  7.5592E-05,  -0.0122111
  7.5596E-05,  -0.0117588
    7.56E-05,  -0.0117588
  7.5604E-05,  -0.0117588
  7.5608E-05,  -0.0113065
  7.5612E-05,  -0.0113065
  7.5616E-05,  -0.0108543
   7.562E-05,  -0.0108543
  7.5624E-05,  -0.0108543
  7.5628E-05,   -0.010402
  7.5632E-05,   -0.010402
  7.5636E-05,   -0.010402
   7.564E-05, -0.00994975
  7.5644E-05, -0.00994975
  7.5648E-05, -0.00949749
  7.5652E-05, -0.00949749
  7.5656E-05, -0.00904523
   7.566E-05, -0.00904523
  7.5664E-05, -0.00904523
  7.5668E-05,  -0.0081407
  7.5672E-05,  -0.0081407
  7.5676E-05, -0.00768844
   7.568E-05, -0.00723618
  7.5684E-05, -0.00723618
  7.5688E-05, -0.00678392
  7.5692E-05,  -0.0058794
  7.5696E-05,  -0.0058794
    7.57E-05, -0.00542714
  7.5704E-05, -0.00452261
  7.5708E-05, -0.00452261
  7.5712E-05, -0.00407035
  7.5716E-05, -0.00316583
   7.572E-05, -0.00271357
  7.5724E-05, -0.00226131
  7.5728E-05, -0.00226131
  7.5732E-05, -0.00135678
  7.5736E-05,-0.000904523
   7.574E-05,           0
  7.5744E-05, 0.000452261
  7.5748E-05, 0.000904523
  7.5752E-05,  0.00180905
  7.5756E-05,  0.00180905
   7.576E-05,  0.00271357
  7.5764E-05,  0.00361809
  7.5768E-05,  0.00452261
  7.5772E-05,  0.00452261
  7.5776E-05,  0.00542714
   7.578E-05,  0.00633166
  7.5784E-05,  0.00723618
  7.5788E-05,  0.00768844
  7.5792E-05,  0.00859297
  7.5796E-05,  0.00949749
    7.58E-05,    0.010402
  7.5804E-05,   0.0108543
  7.5808E-05,   0.0117588
  7.5812E-05,   0.0131156
  7.5816E-05,   0.0135678
   7.582E-05,   0.0144724
  7.5824E-05,   0.0153769
  7.5828E-05,   0.0162814
  7.5832E-05,   0.0171859
  7.5836E-05,   0.0180905
   7.584E-05,   0.0194472
  7.5844E-05,   0.0198995
  7.5848E-05,    0.020804
  7.5852E-05,   0.0221608
  7.5856E-05,   0.0230653
   7.586E-05,   0.0244221
  7.5864E-05,   0.0253266
  7.5868E-05,   0.0262312
  7.5872E-05,   0.0275879
  7.5876E-05,   0.0280402
   7.588E-05,   0.0298492
  7.5884E-05,   0.0307538
  7.5888E-05,   0.0316583
  7.5892E-05,   0.0330151
  7.5896E-05,   0.0339196
    7.59E-05,   0.0352764
  7.5904E-05,   0.0366332
  7.5908E-05,   0.0379899
  7.5912E-05,   0.0393467
  7.5916E-05,   0.0402513
   7.592E-05,    0.041608
  7.5924E-05,   0.0429648
  7.5928E-05,   0.0438693
  7.5932E-05,   0.0452261
  7.5936E-05,   0.0465829
   7.594E-05,   0.0479397
  7.5944E-05,   0.0488442
  7.5948E-05,    0.050201
  7.5952E-05,   0.0515578
  7.5956E-05,   0.0529146
   7.596E-05,   0.0538191
  7.5964E-05,   0.0551759
  7.5968E-05,   0.0565327
  7.5972E-05,   0.0578894
  7.5976E-05,   0.0592462
   7.598E-05,    0.060603
  7.5984E-05,   0.0619598
  7.5988E-05,   0.0633166
  7.5992E-05,   0.0646734
  7.5996E-05,   0.0664824
     7.6E-05,   0.0678392
  7.6004E-05,   0.0687437
  7.6008E-05,   0.0705528
  7.6012E-05,   0.0719095
  7.6016E-05,   0.0728141
   7.602E-05,   0.0746231
  7.6024E-05,   0.0755276
  7.6028E-05,   0.0768844
  7.6032E-05,   0.0782412
  7.6036E-05,    0.079598
   7.604E-05,   0.0809548
  7.6044E-05,   0.0823116
  7.6048E-05,   0.0836683
  7.6052E-05,   0.0845729
  7.6056E-05,   0.0854774
   7.606E-05,   0.0872864
  7.6064E-05,    0.088191
  7.6068E-05,   0.0895477
  7.6072E-05,   0.0909045
  7.6076E-05,   0.0922613
   7.608E-05,   0.0931658
  7.6084E-05,   0.0945226
  7.6088E-05,   0.0958794
  7.6092E-05,   0.0967839
  7.6096E-05,   0.0981407
    7.61E-05,   0.0990452
  7.6104E-05,    0.100402
  7.6108E-05,    0.101307
  7.6112E-05,    0.102663
  7.6116E-05,    0.103568
   7.612E-05,    0.104472
  7.6124E-05,    0.105829
  7.6128E-05,    0.106734
  7.6132E-05,    0.107638
  7.6136E-05,    0.108543
   7.614E-05,    0.109447
  7.6144E-05,    0.110352
  7.6148E-05,    0.110804
  7.6152E-05,    0.111709
  7.6156E-05,    0.113065
   7.616E-05,    0.113518
  7.6164E-05,     0.11397
  7.6168E-05,    0.115327
  7.6172E-05,    0.115779
  7.6176E-05,    0.116231
   7.618E-05,    0.116683
  7.6184E-05,    0.117588
  7.6188E-05,    0.118492
  7.6192E-05,    0.118492
  7.6196E-05,    0.118945
    7.62E-05,    0.119849
  7.6204E-05,    0.120302
  7.6208E-05,    0.120754
  7.6212E-05,    0.120754
  7.6216E-05,    0.121206
   7.622E-05,    0.121658
  7.6224E-05,    0.122111
  7.6228E-05,    0.122111
  7.6232E-05,    0.122111
  7.6236E-05,    0.122111
   7.624E-05,    0.122563
  7.6244E-05,    0.122563
  7.6248E-05,    0.122563
  7.6252E-05,    0.122111
  7.6256E-05,    0.122111
   7.626E-05,    0.122111
  7.6264E-05,    0.121658
  7.6268E-05,    0.121658
  7.6272E-05,    0.121658
  7.6276E-05,    0.121206
   7.628E-05,    0.120754
  7.6284E-05,    0.120754
  7.6288E-05,    0.119849
  7.6292E-05,    0.119397
  7.6296E-05,    0.119397
    7.63E-05,    0.118492
  7.6304E-05,     0.11804
  7.6308E-05,    0.117136
  7.6312E-05,    0.116683
  7.6316E-05,    0.116231
   7.632E-05,    0.114874
  7.6324E-05,    0.114422
  7.6328E-05,    0.113518
  7.6332E-05,    0.112161
  7.6336E-05,    0.111256
   7.634E-05,    0.110352
  7.6344E-05,    0.109447
  7.6348E-05,     0.10809
  7.6352E-05,    0.106734
  7.6356E-05,    0.105377
   7.636E-05,     0.10402
  7.6364E-05,    0.102663
  7.6368E-05,    0.101759
  7.6372E-05,   0.0999497
  7.6376E-05,    0.098593
   7.638E-05,   0.0963317
  7.6384E-05,   0.0949749
  7.6388E-05,   0.0940704
  7.6392E-05,    0.091809
  7.6396E-05,        0.09
    7.64E-05,    0.088191
  7.6404E-05,   0.0868342
  7.6408E-05,   0.0850251
  7.6412E-05,   0.0827638
  7.6416E-05,   0.0809548
   7.642E-05,   0.0786935
  7.6424E-05,   0.0764322
  7.6428E-05,   0.0746231
  7.6432E-05,   0.0723618
  7.6436E-05,   0.0701005
   7.644E-05,   0.0678392
  7.6444E-05,   0.0655779
  7.6448E-05,   0.0633166
  7.6452E-05,    0.060603
  7.6456E-05,   0.0578894
   7.646E-05,   0.0556281
  7.6464E-05,   0.0533668
  7.6468E-05,   0.0506533
  7.6472E-05,   0.0474874
  7.6476E-05,   0.0452261
   7.648E-05,   0.0425126
  7.6484E-05,    0.039799
  7.6488E-05,   0.0366332
  7.6492E-05,   0.0339196
  7.6496E-05,    0.031206
    7.65E-05,   0.0284925
  7.6504E-05,   0.0253266
  7.6508E-05,   0.0226131
  7.6512E-05,   0.0194472
  7.6516E-05,   0.0167337
   7.652E-05,   0.0135678
  7.6524E-05,  0.00994975
  7.6528E-05,  0.00678392
  7.6532E-05,  0.00361809
  7.6536E-05, 0.000452261
   7.654E-05, -0.00316583
  7.6544E-05, -0.00633166
  7.6548E-05, -0.00949749
  7.6552E-05,  -0.0131156
  7.6556E-05,  -0.0167337
   7.656E-05,  -0.0203518
  7.6564E-05,  -0.0239698
  7.6568E-05,  -0.0275879
  7.6572E-05,   -0.031206
  7.6576E-05,  -0.0343719
   7.658E-05,  -0.0384422
  7.6584E-05,  -0.0420603
  7.6588E-05,  -0.0461307
  7.6592E-05,  -0.0497487
  7.6596E-05,  -0.0533668
    7.66E-05,  -0.0569849
  7.6604E-05,  -0.0610553
  7.6608E-05,  -0.0651256
  7.6612E-05,  -0.0687437
  7.6616E-05,  -0.0728141
   7.662E-05,  -0.0768844
  7.6624E-05,  -0.0809548
  7.6628E-05,  -0.0850251
  7.6632E-05,  -0.0895477
  7.6636E-05,  -0.0940704
   7.664E-05,  -0.0976884
  7.6644E-05,   -0.102211
  7.6648E-05,   -0.106281
  7.6652E-05,   -0.110804
  7.6656E-05,   -0.115327
   7.666E-05,   -0.119397
  7.6664E-05,    -0.12392
  7.6668E-05,   -0.128442
  7.6672E-05,   -0.132513
  7.6676E-05,   -0.137035
   7.668E-05,   -0.141558
  7.6684E-05,   -0.145628
  7.6688E-05,   -0.150151
  7.6692E-05,   -0.154673
  7.6696E-05,   -0.159196
    7.67E-05,   -0.163719
  7.6704E-05,   -0.168241
  7.6708E-05,   -0.172764
  7.6712E-05,   -0.177286
  7.6716E-05,   -0.181357
   7.672E-05,   -0.186332
  7.6724E-05,   -0.191307
  7.6728E-05,   -0.195829
  7.6732E-05,   -0.200352
  7.6736E-05,   -0.204874
   7.674E-05,   -0.209849
  7.6744E-05,   -0.214372
  7.6748E-05,   -0.218894
  7.6752E-05,   -0.223869
  7.6756E-05,   -0.228392
   7.676E-05,   -0.232915
  7.6764E-05,   -0.237437
  7.6768E-05,   -0.242412
  7.6772E-05,   -0.246935
  7.6776E-05,    -0.25191
   7.678E-05,    -0.25598
  7.6784E-05,   -0.260955
  7.6788E-05,   -0.265477
  7.6792E-05,       -0.27
  7.6796E-05,   -0.274975
    7.68E-05,   -0.279045
  7.6804E-05,    -0.28402
  7.6808E-05,   -0.288543
  7.6812E-05,   -0.292613
  7.6816E-05,   -0.297588
   7.682E-05,   -0.302563
  7.6824E-05,   -0.307085
  7.6828E-05,   -0.311608
  7.6832E-05,   -0.316131
  7.6836E-05,   -0.320653
   7.684E-05,   -0.324724
  7.6844E-05,   -0.329699
  7.6848E-05,   -0.334221
  7.6852E-05,   -0.338291
  7.6856E-05,   -0.342814
   7.686E-05,   -0.347789
  7.6864E-05,   -0.351859
  7.6868E-05,   -0.356382
  7.6872E-05,   -0.360905
  7.6876E-05,   -0.365427
   7.688E-05,   -0.369497
  7.6884E-05,   -0.373568
  7.6888E-05,   -0.378543
  7.6892E-05,   -0.382613
  7.6896E-05,   -0.386683
    7.69E-05,   -0.391206
  7.6904E-05,   -0.395276
  7.6908E-05,   -0.399347
  7.6912E-05,   -0.402965
  7.6916E-05,   -0.407487
   7.692E-05,   -0.411558
  7.6924E-05,   -0.415176
  7.6928E-05,   -0.418794
  7.6932E-05,   -0.422864
  7.6936E-05,   -0.426935
   7.694E-05,   -0.430553
  7.6944E-05,   -0.434623
  7.6948E-05,   -0.437789
  7.6952E-05,   -0.441859
  7.6956E-05,   -0.445477
   7.696E-05,   -0.449095
  7.6964E-05,   -0.452714
  7.6968E-05,   -0.455879
  7.6972E-05,   -0.459045
  7.6976E-05,   -0.463116
   7.698E-05,   -0.465829
  7.6984E-05,   -0.469447
  7.6988E-05,   -0.472613
  7.6992E-05,   -0.475327
  7.6996E-05,   -0.478492
     7.7E-05,   -0.481206
  7.7004E-05,   -0.484372
  7.7008E-05,   -0.487085
  7.7012E-05,   -0.489347
  7.7016E-05,   -0.492513
   7.702E-05,   -0.494774
  7.7024E-05,   -0.497487
  7.7028E-05,   -0.500201
  7.7032E-05,   -0.502462
  7.7036E-05,   -0.504724
   7.704E-05,   -0.506985
  7.7044E-05,   -0.509246
  7.7048E-05,   -0.511508
  7.7052E-05,   -0.513317
  7.7056E-05,   -0.515578
   7.706E-05,   -0.517387
  7.7064E-05,   -0.518744
  7.7068E-05,   -0.520553
  7.7072E-05,    -0.52191
  7.7076E-05,   -0.523266
   7.708E-05,   -0.525075
  7.7084E-05,    -0.52598
  7.7088E-05,   -0.527337
  7.7092E-05,   -0.528241
  7.7096E-05,   -0.529146
    7.71E-05,    -0.53005
  7.7104E-05,   -0.530502
  7.7108E-05,   -0.531407
  7.7112E-05,   -0.531859
  7.7116E-05,   -0.532312
   7.712E-05,   -0.532764
  7.7124E-05,   -0.532764
  7.7128E-05,   -0.532764
  7.7132E-05,   -0.533216
  7.7136E-05,   -0.532764
   7.714E-05,   -0.532312
  7.7144E-05,   -0.532312
  7.7148E-05,   -0.531859
  7.7152E-05,   -0.531407
  7.7156E-05,   -0.530502
   7.716E-05,   -0.529598
  7.7164E-05,   -0.529146
  7.7168E-05,   -0.528241
  7.7172E-05,   -0.526884
  7.7176E-05,   -0.525528
   7.718E-05,   -0.523719
  7.7184E-05,   -0.522362
  7.7188E-05,   -0.521005
  7.7192E-05,   -0.519196
  7.7196E-05,   -0.516935
    7.72E-05,   -0.515126
  7.7204E-05,   -0.512864
  7.7208E-05,   -0.510603
  7.7212E-05,   -0.508342
  7.7216E-05,    -0.50608
   7.722E-05,   -0.503367
  7.7224E-05,   -0.500653
  7.7228E-05,    -0.49794
  7.7232E-05,   -0.494774
  7.7236E-05,   -0.491608
   7.724E-05,   -0.488442
  7.7244E-05,   -0.485276
  7.7248E-05,   -0.481658
  7.7252E-05,    -0.47804
  7.7256E-05,   -0.474422
   7.726E-05,   -0.470804
  7.7264E-05,   -0.466734
  7.7268E-05,   -0.462663
  7.7272E-05,   -0.458593
  7.7276E-05,    -0.45407
   7.728E-05,       -0.45
  7.7284E-05,   -0.445477
  7.7288E-05,   -0.440502
  7.7292E-05,    -0.43598
  7.7296E-05,   -0.431005
    7.73E-05,    -0.42603
  7.7304E-05,   -0.420603
  7.7308E-05,   -0.415628
  7.7312E-05,   -0.410653
  7.7316E-05,   -0.404774
   7.732E-05,   -0.399347
  7.7324E-05,   -0.393467
  7.7328E-05,    -0.38804
  7.7332E-05,   -0.382161
  7.7336E-05,   -0.375829
   7.734E-05,   -0.369497
  7.7344E-05,   -0.363618
  7.7348E-05,   -0.357286
  7.7352E-05,   -0.350955
  7.7356E-05,   -0.344623
   7.736E-05,   -0.337387
  7.7364E-05,   -0.330603
  7.7368E-05,   -0.323819
  7.7372E-05,   -0.316583
  7.7376E-05,   -0.309799
   7.738E-05,   -0.302563
  7.7384E-05,   -0.294874
  7.7388E-05,   -0.287186
  7.7392E-05,    -0.27995
  7.7396E-05,   -0.272714
    7.74E-05,   -0.264573
  7.7404E-05,   -0.256884
  7.7408E-05,   -0.249196
  7.7412E-05,   -0.241055
  7.7416E-05,   -0.232915
   7.742E-05,   -0.225226
  7.7424E-05,   -0.216633
  7.7428E-05,   -0.208492
  7.7432E-05,   -0.199447
  7.7436E-05,   -0.191307
   7.744E-05,   -0.182714
  7.7444E-05,   -0.174121
  7.7448E-05,   -0.165528
  7.7452E-05,   -0.156482
  7.7456E-05,   -0.147437
   7.746E-05,   -0.138844
  7.7464E-05,   -0.129347
  7.7468E-05,   -0.120754
  7.7472E-05,   -0.111256
  7.7476E-05,   -0.101759
   7.748E-05,  -0.0927136
  7.7484E-05,  -0.0832161
  7.7488E-05,  -0.0741709
  7.7492E-05,  -0.0646734
  7.7496E-05,  -0.0551759
    7.75E-05,  -0.0461307
  7.7504E-05,  -0.0366332
  7.7508E-05,  -0.0266834
  7.7512E-05,  -0.0176382
  7.7516E-05, -0.00859297
   7.752E-05, 0.000904523
  7.7524E-05,    0.010402
  7.7528E-05,   0.0198995
  7.7532E-05,    0.029397
  7.7536E-05,   0.0393467
   7.754E-05,   0.0492965
  7.7544E-05,    0.058794
  7.7548E-05,   0.0687437
  7.7552E-05,   0.0786935
  7.7556E-05,   0.0886432
   7.756E-05,    0.098593
  7.7564E-05,     0.10809
  7.7568E-05,     0.11804
  7.7572E-05,     0.12799
  7.7576E-05,     0.13794
   7.758E-05,    0.147437
  7.7584E-05,    0.157387
  7.7588E-05,    0.167337
  7.7592E-05,    0.177286
  7.7596E-05,    0.187236
    7.76E-05,    0.197638
  7.7604E-05,    0.207588
  7.7608E-05,    0.217085
  7.7612E-05,    0.227035
  7.7616E-05,    0.236985
   7.762E-05,    0.246482
  7.7624E-05,    0.256432
  7.7628E-05,    0.266382
  7.7632E-05,    0.275879
  7.7636E-05,    0.285377
   7.764E-05,    0.295327
  7.7644E-05,    0.304372
  7.7648E-05,    0.314322
  7.7652E-05,    0.323367
  7.7656E-05,    0.333317
   7.766E-05,    0.342362
  7.7664E-05,    0.351407
  7.7668E-05,    0.361357
  7.7672E-05,     0.36995
  7.7676E-05,    0.379447
   7.768E-05,    0.388492
  7.7684E-05,    0.397538
  7.7688E-05,    0.406583
  7.7692E-05,    0.415176
  7.7696E-05,    0.424221
    7.77E-05,    0.433266
  7.7704E-05,    0.441859
  7.7708E-05,    0.450905
  7.7712E-05,    0.459497
  7.7716E-05,     0.46809
   7.772E-05,    0.476231
  7.7724E-05,    0.484824
  7.7728E-05,    0.493417
  7.7732E-05,    0.501106
  7.7736E-05,    0.509246
   7.774E-05,    0.517839
  7.7744E-05,    0.525075
  7.7748E-05,    0.533216
  7.7752E-05,    0.540905
  7.7756E-05,    0.548141
   7.776E-05,    0.555829
  7.7764E-05,    0.563065
  7.7768E-05,    0.570301
  7.7772E-05,    0.577538
  7.7776E-05,    0.584322
   7.778E-05,    0.591558
  7.7784E-05,    0.598794
  7.7788E-05,    0.605126
  7.7792E-05,     0.61191
  7.7796E-05,    0.618693
    7.78E-05,    0.625025
  7.7804E-05,    0.631809
  7.7808E-05,    0.637688
  7.7812E-05,     0.64402
  7.7816E-05,    0.649447
   7.782E-05,    0.655327
  7.7824E-05,    0.661206
  7.7828E-05,    0.666633
  7.7832E-05,     0.67206
  7.7836E-05,    0.677487
   7.784E-05,    0.682915
  7.7844E-05,    0.687437
  7.7848E-05,    0.692864
  7.7852E-05,    0.697839
  7.7856E-05,    0.702362
   7.786E-05,    0.706884
  7.7864E-05,    0.711407
  7.7868E-05,     0.71593
  7.7872E-05,    0.719548
  7.7876E-05,     0.72407
   7.788E-05,    0.728141
  7.7884E-05,    0.731307
  7.7888E-05,    0.734925
  7.7892E-05,    0.738543
  7.7896E-05,    0.742161
    7.79E-05,    0.745327
  7.7904E-05,     0.74804
  7.7908E-05,    0.751206
  7.7912E-05,    0.754372
  7.7916E-05,    0.756633
   7.792E-05,    0.759347
  7.7924E-05,    0.761608
  7.7928E-05,    0.763869
  7.7932E-05,    0.766131
  7.7936E-05,     0.76794
   7.794E-05,    0.770201
  7.7944E-05,    0.771558
  7.7948E-05,    0.772915
  7.7952E-05,    0.774724
  7.7956E-05,    0.775628
   7.796E-05,    0.776533
  7.7964E-05,    0.777889
  7.7968E-05,    0.778794
  7.7972E-05,    0.779246
  7.7976E-05,    0.779698
   7.798E-05,    0.780603
  7.7984E-05,    0.780603
  7.7988E-05,    0.780603
  7.7992E-05,    0.781055
  7.7996E-05,    0.781055
     7.8E-05,    0.780603
  7.8004E-05,    0.780151
  7.8008E-05,    0.779698
  7.8012E-05,    0.779246
  7.8016E-05,    0.778342
   7.802E-05,    0.777437
  7.8024E-05,     0.77608
  7.8028E-05,    0.774724
  7.8032E-05,    0.773367
  7.8036E-05,     0.77201
   7.804E-05,    0.770653
  7.8044E-05,    0.768844
  7.8048E-05,    0.767035
  7.8052E-05,    0.764774
  7.8056E-05,    0.762965
   7.806E-05,    0.760704
  7.8064E-05,    0.758442
  7.8068E-05,    0.756181
  7.8072E-05,    0.753015
  7.8076E-05,    0.750301
   7.808E-05,    0.747588
  7.8084E-05,    0.744422
  7.8088E-05,    0.741709
  7.8092E-05,     0.73809
  7.8096E-05,    0.734925
    7.81E-05,    0.731759
  7.8104E-05,    0.727688
  7.8108E-05,    0.724523
  7.8112E-05,    0.720452
  7.8116E-05,    0.716382
   7.812E-05,    0.712312
  7.8124E-05,    0.707789
  7.8128E-05,    0.703719
  7.8132E-05,    0.699196
  7.8136E-05,    0.694673
   7.814E-05,    0.690151
  7.8144E-05,    0.685176
  7.8148E-05,    0.680201
  7.8152E-05,    0.675226
  7.8156E-05,    0.670251
   7.816E-05,    0.665276
  7.8164E-05,    0.659849
  7.8168E-05,     0.65397
  7.8172E-05,    0.648995
  7.8176E-05,    0.643568
   7.818E-05,    0.637688
  7.8184E-05,    0.631809
  7.8188E-05,    0.625477
  7.8192E-05,     0.62005
  7.8196E-05,    0.614623
    7.82E-05,    0.608291
  7.8204E-05,     0.60196
  7.8208E-05,    0.595628
  7.8212E-05,    0.589749
  7.8216E-05,    0.582965
   7.822E-05,    0.576181
  7.8224E-05,    0.569849
  7.8228E-05,    0.563065
  7.8232E-05,    0.555829
  7.8236E-05,    0.549045
   7.824E-05,    0.542261
  7.8244E-05,    0.535025
  7.8248E-05,    0.527789
  7.8252E-05,    0.520553
  7.8256E-05,    0.513317
   7.826E-05,    0.505628
  7.8264E-05,    0.498392
  7.8268E-05,    0.491156
  7.8272E-05,    0.483467
  7.8276E-05,    0.475779
   7.828E-05,     0.46809
  7.8284E-05,    0.460402
  7.8288E-05,    0.452714
  7.8292E-05,    0.445477
  7.8296E-05,    0.437337
    7.83E-05,    0.429196
  7.8304E-05,    0.421055
  7.8308E-05,    0.413367
  7.8312E-05,    0.405226
  7.8316E-05,    0.397085
   7.832E-05,    0.388945
  7.8324E-05,    0.380804
  7.8328E-05,    0.372663
  7.8332E-05,    0.364523
  7.8336E-05,    0.356382
   7.834E-05,    0.348241
  7.8344E-05,    0.339648
  7.8348E-05,    0.331055
  7.8352E-05,    0.322915
  7.8356E-05,    0.314774
   7.836E-05,    0.306181
  7.8364E-05,     0.29804
  7.8368E-05,    0.289447
  7.8372E-05,    0.281307
  7.8376E-05,    0.272714
   7.838E-05,    0.264121
  7.8384E-05,     0.25598
  7.8388E-05,    0.246935
  7.8392E-05,    0.238342
  7.8396E-05,    0.229749
    7.84E-05,    0.220704
  7.8404E-05,    0.212563
  7.8408E-05,     0.20397
  7.8412E-05,    0.194925
  7.8416E-05,    0.186332
   7.842E-05,    0.177739
  7.8424E-05,    0.169146
  7.8428E-05,    0.160101
  7.8432E-05,    0.151508
  7.8436E-05,    0.143819
   7.844E-05,    0.134774
  7.8444E-05,    0.125729
  7.8448E-05,    0.117588
  7.8452E-05,    0.108995
  7.8456E-05,    0.100854
   7.846E-05,   0.0922613
  7.8464E-05,   0.0832161
  7.8468E-05,   0.0750754
  7.8472E-05,   0.0664824
  7.8476E-05,   0.0578894
   7.848E-05,   0.0497487
  7.8484E-05,    0.041608
  7.8488E-05,   0.0330151
  7.8492E-05,   0.0248744
  7.8496E-05,   0.0167337
    7.85E-05,  0.00904523
  7.8504E-05, 0.000452261
  7.8508E-05, -0.00768844
  7.8512E-05,  -0.0153769
  7.8516E-05,  -0.0239698
   7.852E-05,  -0.0321106
  7.8524E-05,  -0.0402513
  7.8528E-05,   -0.048392
  7.8532E-05,  -0.0560804
  7.8536E-05,  -0.0642211
   7.854E-05,  -0.0723618
  7.8544E-05,  -0.0800503
  7.8548E-05,   -0.088191
  7.8552E-05,  -0.0958794
  7.8556E-05,    -0.10402
   7.856E-05,   -0.112161
  7.8564E-05,   -0.119849
  7.8568E-05,   -0.127538
  7.8572E-05,   -0.134774
  7.8576E-05,   -0.142462
   7.858E-05,   -0.150603
  7.8584E-05,   -0.157387
  7.8588E-05,   -0.165075
  7.8592E-05,   -0.172312
  7.8596E-05,   -0.179548
    7.86E-05,   -0.186784
  7.8604E-05,    -0.19402
  7.8608E-05,   -0.201256
  7.8612E-05,   -0.208492
  7.8616E-05,   -0.215276
   7.862E-05,    -0.22206
  7.8624E-05,   -0.228844
  7.8628E-05,    -0.23608
  7.8632E-05,   -0.242864
  7.8636E-05,   -0.249196
   7.864E-05,   -0.255528
  7.8644E-05,   -0.262312
  7.8648E-05,   -0.268643
  7.8652E-05,   -0.274975
  7.8656E-05,   -0.281307
   7.866E-05,   -0.287186
  7.8664E-05,   -0.293518
  7.8668E-05,   -0.299397
  7.8672E-05,   -0.305276
  7.8676E-05,   -0.311156
   7.868E-05,   -0.316583
  7.8684E-05,   -0.322462
  7.8688E-05,   -0.327889
  7.8692E-05,   -0.333317
  7.8696E-05,   -0.338744
    7.87E-05,   -0.343719
  7.8704E-05,   -0.349146
  7.8708E-05,   -0.354121
  7.8712E-05,   -0.359548
  7.8716E-05,   -0.364523
   7.872E-05,   -0.369497
  7.8724E-05,   -0.374472
  7.8728E-05,   -0.379447
  7.8732E-05,    -0.38397
  7.8736E-05,   -0.388492
   7.874E-05,   -0.393015
  7.8744E-05,   -0.397085
  7.8748E-05,   -0.401608
  7.8752E-05,   -0.405678
  7.8756E-05,   -0.409749
   7.876E-05,   -0.413367
  7.8764E-05,   -0.417437
  7.8768E-05,   -0.421055
  7.8772E-05,   -0.425126
  7.8776E-05,   -0.428291
   7.878E-05,    -0.43191
  7.8784E-05,   -0.435075
  7.8788E-05,   -0.438241
  7.8792E-05,   -0.441859
  7.8796E-05,   -0.444573
    7.88E-05,   -0.447286
  7.8804E-05,   -0.450452
  7.8808E-05,   -0.453166
  7.8812E-05,   -0.456332
  7.8816E-05,   -0.458593
   7.882E-05,   -0.461307
  7.8824E-05,   -0.463568
  7.8828E-05,   -0.465377
  7.8832E-05,    -0.46809
  7.8836E-05,   -0.470352
   7.884E-05,   -0.472161
  7.8844E-05,    -0.47397
  7.8848E-05,   -0.475779
  7.8852E-05,   -0.477588
  7.8856E-05,   -0.478945
   7.886E-05,   -0.480301
  7.8864E-05,   -0.482111
  7.8868E-05,   -0.483015
  7.8872E-05,   -0.484372
  7.8876E-05,   -0.485729
   7.888E-05,   -0.486181
  7.8884E-05,   -0.487538
  7.8888E-05,    -0.48799
  7.8892E-05,   -0.488442
  7.8896E-05,   -0.489347
    7.89E-05,   -0.489799
  7.8904E-05,   -0.490704
  7.8908E-05,   -0.490704
  7.8912E-05,   -0.490704
  7.8916E-05,   -0.491156
   7.892E-05,   -0.491156
  7.8924E-05,   -0.490704
  7.8928E-05,   -0.491156
  7.8932E-05,   -0.490704
  7.8936E-05,   -0.490704
   7.894E-05,   -0.490251
  7.8944E-05,   -0.489799
  7.8948E-05,   -0.488894
  7.8952E-05,   -0.488442
  7.8956E-05,   -0.487538
   7.896E-05,   -0.487085
  7.8964E-05,   -0.485729
  7.8968E-05,   -0.484824
  7.8972E-05,   -0.483467
  7.8976E-05,   -0.482563
   7.898E-05,   -0.481206
  7.8984E-05,   -0.479397
  7.8988E-05,    -0.47804
  7.8992E-05,   -0.476683
  7.8996E-05,   -0.474874
     7.9E-05,   -0.473518
  7.9004E-05,   -0.471709
  7.9008E-05,   -0.469447
  7.9012E-05,    -0.46809
  7.9016E-05,   -0.465829
   7.902E-05,    -0.46402
  7.9024E-05,   -0.461759
  7.9028E-05,    -0.45995
  7.9032E-05,   -0.457688
  7.9036E-05,   -0.455427
   7.904E-05,   -0.453166
  7.9044E-05,   -0.450905
  7.9048E-05,   -0.448191
  7.9052E-05,    -0.44593
  7.9056E-05,   -0.443216
   7.906E-05,   -0.440502
  7.9064E-05,   -0.438241
  7.9068E-05,   -0.435075
  7.9072E-05,   -0.432362
  7.9076E-05,   -0.429648
   7.908E-05,   -0.426935
  7.9084E-05,   -0.423769
  7.9088E-05,   -0.421055
  7.9092E-05,   -0.418342
  7.9096E-05,   -0.415176
    7.91E-05,   -0.411558
  7.9104E-05,   -0.408844
  7.9108E-05,   -0.405678
  7.9112E-05,   -0.402513
  7.9116E-05,   -0.399347
   7.912E-05,   -0.396181
  7.9124E-05,   -0.393015
  7.9128E-05,   -0.389397
  7.9132E-05,   -0.386231
  7.9136E-05,   -0.383065
   7.914E-05,   -0.379447
  7.9144E-05,   -0.376281
  7.9148E-05,   -0.373116
  7.9152E-05,   -0.369045
  7.9156E-05,   -0.365427
   7.916E-05,   -0.362261
  7.9164E-05,   -0.359095
  7.9168E-05,   -0.355025
  7.9172E-05,   -0.351407
  7.9176E-05,   -0.347789
   7.918E-05,   -0.344623
  7.9184E-05,   -0.341005
  7.9188E-05,   -0.337387
  7.9192E-05,   -0.333769
  7.9196E-05,   -0.329699
    7.92E-05,   -0.326533
  7.9204E-05,   -0.322915
  7.9208E-05,   -0.318844
  7.9212E-05,   -0.315678
  7.9216E-05,    -0.31206
   7.922E-05,   -0.308442
  7.9224E-05,   -0.304824
  7.9228E-05,   -0.301206
  7.9232E-05,    -0.29804
  7.9236E-05,    -0.29397
   7.924E-05,   -0.290352
  7.9244E-05,   -0.287638
  7.9248E-05,   -0.283568
  7.9252E-05,   -0.279497
  7.9256E-05,   -0.276784
   7.926E-05,   -0.273166
  7.9264E-05,   -0.269095
  7.9268E-05,   -0.265477
  7.9272E-05,   -0.262312
  7.9276E-05,   -0.258693
   7.928E-05,   -0.255075
  7.9284E-05,    -0.25191
  7.9288E-05,   -0.248291
  7.9292E-05,   -0.244221
  7.9296E-05,   -0.241508
    7.93E-05,   -0.238342
  7.9304E-05,   -0.234724
  7.9308E-05,   -0.231558
  7.9312E-05,    -0.22794
  7.9316E-05,   -0.224774
   7.932E-05,   -0.221608
  7.9324E-05,   -0.218442
  7.9328E-05,   -0.215276
  7.9332E-05,   -0.211658
  7.9336E-05,   -0.208492
   7.934E-05,   -0.205779
  7.9344E-05,   -0.202161
  7.9348E-05,   -0.198995
  7.9352E-05,   -0.196281
  7.9356E-05,   -0.193116
   7.936E-05,    -0.18995
  7.9364E-05,   -0.186784
  7.9368E-05,    -0.18407
  7.9372E-05,   -0.180905
  7.9376E-05,   -0.177739
   7.938E-05,   -0.175025
  7.9384E-05,   -0.171859
  7.9388E-05,   -0.169146
  7.9392E-05,   -0.166884
  7.9396E-05,   -0.164171
    7.94E-05,   -0.161005
  7.9404E-05,   -0.158291
  7.9408E-05,   -0.155578
  7.9412E-05,   -0.153317
  7.9416E-05,   -0.150603
   7.942E-05,   -0.148342
  7.9424E-05,   -0.145628
  7.9428E-05,   -0.142915
  7.9432E-05,   -0.140653
  7.9436E-05,   -0.138392
   7.944E-05,   -0.135678
  7.9444E-05,   -0.133417
  7.9448E-05,   -0.131608
  7.9452E-05,   -0.128894
  7.9456E-05,   -0.126633
   7.946E-05,   -0.124824
  7.9464E-05,   -0.122111
  7.9468E-05,   -0.119849
  7.9472E-05,   -0.117588
  7.9476E-05,   -0.116231
   7.948E-05,   -0.113518
  7.9484E-05,   -0.111256
  7.9488E-05,   -0.109899
  7.9492E-05,   -0.107638
  7.9496E-05,   -0.105829
    7.95E-05,   -0.103568
  7.9504E-05,   -0.101759
  7.9508E-05,   -0.100402
  7.9512E-05,  -0.0981407
  7.9516E-05,  -0.0963317
   7.952E-05,  -0.0949749
  7.9524E-05,  -0.0927136
  7.9528E-05,  -0.0913568
  7.9532E-05,  -0.0895477
  7.9536E-05,   -0.088191
   7.954E-05,  -0.0868342
  7.9544E-05,  -0.0845729
  7.9548E-05,  -0.0832161
  7.9552E-05,  -0.0818593
  7.9556E-05,  -0.0800503
   7.956E-05,  -0.0786935
  7.9564E-05,  -0.0773367
  7.9568E-05,  -0.0759799
  7.9572E-05,  -0.0746231
  7.9576E-05,  -0.0728141
   7.958E-05,  -0.0719095
  7.9584E-05,  -0.0705528
  7.9588E-05,  -0.0687437
  7.9592E-05,  -0.0678392
  7.9596E-05,  -0.0669347
    7.96E-05,  -0.0655779
  7.9604E-05,  -0.0642211
  7.9608E-05,  -0.0633166
  7.9612E-05,  -0.0619598
  7.9616E-05,  -0.0610553
   7.962E-05,  -0.0596985
  7.9624E-05,   -0.058794
  7.9628E-05,  -0.0578894
  7.9632E-05,  -0.0565327
  7.9636E-05,  -0.0556281
   7.964E-05,  -0.0542714
  7.9644E-05,  -0.0538191
  7.9648E-05,  -0.0529146
  7.9652E-05,  -0.0515578
  7.9656E-05,  -0.0511055
   7.966E-05,  -0.0497487
  7.9664E-05,  -0.0488442
  7.9668E-05,  -0.0479397
  7.9672E-05,  -0.0470352
  7.9676E-05,  -0.0465829
   7.968E-05,  -0.0452261
  7.9684E-05,  -0.0438693
  7.9688E-05,  -0.0438693
  7.9692E-05,  -0.0425126
  7.9696E-05,   -0.041608
    7.97E-05,  -0.0411558
  7.9704E-05,  -0.0402513
  7.9708E-05,  -0.0393467
  7.9712E-05,  -0.0384422
  7.9716E-05,  -0.0379899
   7.972E-05,  -0.0375377
  7.9724E-05,  -0.0366332
  7.9728E-05,  -0.0357286
  7.9732E-05,  -0.0352764
  7.9736E-05,  -0.0348241
   7.974E-05,  -0.0339196
  7.9744E-05,  -0.0334673
  7.9748E-05,  -0.0325628
  7.9752E-05,  -0.0321106
  7.9756E-05,   -0.031206
   7.976E-05,  -0.0303015
  7.9764E-05,  -0.0298492
  7.9768E-05,   -0.029397
  7.9772E-05,  -0.0284925
  7.9776E-05,  -0.0280402
   7.978E-05,  -0.0271357
  7.9784E-05,  -0.0266834
  7.9788E-05,  -0.0262312
  7.9792E-05,  -0.0257789
  7.9796E-05,  -0.0248744
    7.98E-05,  -0.0239698
  7.9804E-05,  -0.0239698
  7.9808E-05,  -0.0230653
  7.9812E-05,  -0.0221608
  7.9816E-05,  -0.0217085
   7.982E-05,  -0.0212563
  7.9824E-05,  -0.0203518
  7.9828E-05,  -0.0198995
  7.9832E-05,  -0.0198995
  7.9836E-05,   -0.018995
   7.984E-05,  -0.0180905
  7.9844E-05,  -0.0180905
  7.9848E-05,  -0.0171859
  7.9852E-05,  -0.0162814
  7.9856E-05,  -0.0158291
   7.986E-05,  -0.0158291
  7.9864E-05,  -0.0149246
  7.9868E-05,  -0.0140201
  7.9872E-05,  -0.0135678
  7.9876E-05,  -0.0131156
   7.988E-05,  -0.0126633
  7.9884E-05,  -0.0117588
  7.9888E-05,  -0.0113065
  7.9892E-05,   -0.010402
  7.9896E-05, -0.00994975
    7.99E-05, -0.00949749
  7.9904E-05, -0.00904523
  7.9908E-05, -0.00859297
  7.9912E-05,  -0.0081407
  7.9916E-05, -0.00723618
   7.992E-05, -0.00678392
  7.9924E-05, -0.00633166
  7.9928E-05, -0.00542714
  7.9932E-05, -0.00497487
  7.9936E-05, -0.00452261
   7.994E-05, -0.00407035
  7.9944E-05, -0.00316583
  7.9948E-05, -0.00226131
  7.9952E-05, -0.00226131
  7.9956E-05, -0.00135678
   7.996E-05,-0.000904523
  7.9964E-05,-0.000452261
  7.9968E-05, 0.000452261
  7.9972E-05, 0.000904523
  7.9976E-05,  0.00135678
   7.998E-05,  0.00226131
  7.9984E-05,  0.00271357
  7.9988E-05,  0.00361809
  7.9992E-05,  0.00452261
  7.9996E-05,  0.00678392
       8E-05,  0.00949749
  8.0004E-05,  0.00994975
  8.0008E-05,  0.00723618
  8.0012E-05,  0.00949749
  8.0016E-05,   0.0149246
   8.002E-05,  0.00723618
  8.0024E-05, -0.00226131
  8.0028E-05,  0.00452261
  8.0032E-05,  0.00994975
  8.0036E-05,  0.00135678
   8.004E-05,  0.00226131
  8.0044E-05,   0.0162814
  8.0048E-05,    0.018995
  8.0052E-05,  0.00994975
  8.0056E-05,   0.0153769
   8.006E-05,   0.0244221
  8.0064E-05,   0.0185427
  8.0068E-05,  0.00994975
  8.0072E-05,   0.0131156
  8.0076E-05,   0.0153769
   8.008E-05,    0.010402
  8.0084E-05,   0.0113065
  8.0088E-05,   0.0176382
  8.0092E-05,   0.0194472
  8.0096E-05,   0.0203518
    8.01E-05,   0.0235176
  8.0104E-05,   0.0248744
  8.0108E-05,   0.0244221
  8.0112E-05,   0.0253266
  8.0116E-05,   0.0253266
   8.012E-05,   0.0221608
  8.0124E-05,   0.0212563
  8.0128E-05,   0.0235176
  8.0132E-05,   0.0230653
  8.0136E-05,   0.0230653
   8.014E-05,   0.0253266
  8.0144E-05,   0.0280402
  8.0148E-05,   0.0284925
  8.0152E-05,   0.0280402
  8.0156E-05,   0.0289447
   8.016E-05,   0.0303015
  8.0164E-05,   0.0298492
  8.0168E-05,    0.029397
  8.0172E-05,   0.0298492
  8.0176E-05,   0.0316583
   8.018E-05,   0.0325628
  8.0184E-05,   0.0325628
  8.0188E-05,   0.0330151
  8.0192E-05,   0.0348241
  8.0196E-05,   0.0352764
    8.02E-05,   0.0343719
  8.0204E-05,   0.0343719
  8.0208E-05,   0.0357286
  8.0212E-05,   0.0361809
  8.0216E-05,   0.0352764
   8.022E-05,   0.0357286
  8.0224E-05,   0.0375377
  8.0228E-05,   0.0379899
  8.0232E-05,   0.0384422
  8.0236E-05,   0.0393467
   8.024E-05,   0.0407035
  8.0244E-05,   0.0402513
  8.0248E-05,   0.0402513
  8.0252E-05,   0.0407035
  8.0256E-05,   0.0411558
   8.026E-05,   0.0411558
  8.0264E-05,   0.0420603
  8.0268E-05,   0.0420603
  8.0272E-05,   0.0425126
  8.0276E-05,   0.0434171
   8.028E-05,   0.0438693
  8.0284E-05,   0.0452261
  8.0288E-05,   0.0452261
  8.0292E-05,   0.0456784
  8.0296E-05,   0.0456784
    8.03E-05,   0.0452261
  8.0304E-05,   0.0461307
  8.0308E-05,   0.0465829
  8.0312E-05,   0.0465829
  8.0316E-05,   0.0470352
   8.032E-05,   0.0474874
  8.0324E-05,   0.0479397
  8.0328E-05,    0.048392
  8.0332E-05,   0.0488442
  8.0336E-05,   0.0492965
   8.034E-05,   0.0497487
  8.0344E-05,   0.0492965
  8.0348E-05,   0.0497487
  8.0352E-05,   0.0497487
  8.0356E-05,    0.050201
   8.036E-05,   0.0511055
  8.0364E-05,   0.0511055
  8.0368E-05,   0.0515578
  8.0372E-05,     0.05201
  8.0376E-05,   0.0524623
   8.038E-05,   0.0529146
  8.0384E-05,   0.0524623
  8.0388E-05,   0.0529146
  8.0392E-05,   0.0533668
  8.0396E-05,   0.0529146
    8.04E-05,   0.0533668
  8.0404E-05,   0.0533668
  8.0408E-05,   0.0538191
  8.0412E-05,   0.0547236
  8.0416E-05,   0.0547236
   8.042E-05,   0.0547236
  8.0424E-05,   0.0551759
  8.0428E-05,   0.0551759
  8.0432E-05,   0.0551759
  8.0436E-05,   0.0547236
   8.044E-05,   0.0547236
  8.0444E-05,   0.0547236
  8.0448E-05,   0.0547236
  8.0452E-05,   0.0551759
  8.0456E-05,   0.0551759
   8.046E-05,   0.0551759
  8.0464E-05,   0.0556281
  8.0468E-05,   0.0560804
  8.0472E-05,   0.0560804
  8.0476E-05,   0.0560804
   8.048E-05,   0.0560804
  8.0484E-05,   0.0560804
  8.0488E-05,   0.0556281
  8.0492E-05,   0.0556281
  8.0496E-05,   0.0560804
    8.05E-05,   0.0560804
  8.0504E-05,   0.0560804
  8.0508E-05,   0.0560804
  8.0512E-05,   0.0560804
  8.0516E-05,   0.0556281
   8.052E-05,   0.0560804
  8.0524E-05,   0.0560804
  8.0528E-05,   0.0560804
  8.0532E-05,   0.0560804
  8.0536E-05,   0.0560804
   8.054E-05,   0.0565327
  8.0544E-05,   0.0560804
  8.0548E-05,   0.0560804
  8.0552E-05,   0.0560804
  8.0556E-05,   0.0556281
   8.056E-05,   0.0556281
  8.0564E-05,   0.0556281
  8.0568E-05,   0.0556281
  8.0572E-05,   0.0551759
  8.0576E-05,   0.0547236
   8.058E-05,   0.0551759
  8.0584E-05,   0.0551759
  8.0588E-05,   0.0551759
  8.0592E-05,   0.0551759
  8.0596E-05,   0.0547236
    8.06E-05,   0.0547236
  8.0604E-05,   0.0547236
  8.0608E-05,   0.0542714
  8.0612E-05,   0.0542714
  8.0616E-05,   0.0538191
   8.062E-05,   0.0533668
  8.0624E-05,   0.0538191
  8.0628E-05,   0.0533668
  8.0632E-05,   0.0533668
  8.0636E-05,   0.0529146
   8.064E-05,   0.0529146
  8.0644E-05,   0.0529146
  8.0648E-05,   0.0524623
  8.0652E-05,   0.0524623
  8.0656E-05,     0.05201
   8.066E-05,   0.0515578
  8.0664E-05,     0.05201
  8.0668E-05,   0.0515578
  8.0672E-05,   0.0511055
  8.0676E-05,   0.0511055
   8.068E-05,   0.0511055
  8.0684E-05,   0.0506533
  8.0688E-05,   0.0506533
  8.0692E-05,    0.050201
  8.0696E-05,    0.050201
    8.07E-05,   0.0497487
  8.0704E-05,   0.0492965
  8.0708E-05,   0.0492965
  8.0712E-05,   0.0488442
  8.0716E-05,    0.048392
   8.072E-05,    0.048392
  8.0724E-05,   0.0479397
  8.0728E-05,   0.0479397
  8.0732E-05,   0.0474874
  8.0736E-05,   0.0470352
   8.074E-05,   0.0470352
  8.0744E-05,   0.0465829
  8.0748E-05,   0.0465829
  8.0752E-05,   0.0461307
  8.0756E-05,   0.0461307
   8.076E-05,   0.0456784
  8.0764E-05,   0.0452261
  8.0768E-05,   0.0452261
  8.0772E-05,   0.0452261
  8.0776E-05,   0.0447739
   8.078E-05,   0.0443216
  8.0784E-05,   0.0438693
  8.0788E-05,   0.0434171
  8.0792E-05,   0.0429648
  8.0796E-05,   0.0429648
    8.08E-05,   0.0429648
  8.0804E-05,   0.0420603
  8.0808E-05,   0.0420603
  8.0812E-05,   0.0420603
  8.0816E-05,    0.041608
   8.082E-05,   0.0411558
  8.0824E-05,   0.0411558
  8.0828E-05,   0.0407035
  8.0832E-05,   0.0402513
  8.0836E-05,   0.0402513
   8.084E-05,    0.039799
  8.0844E-05,   0.0393467
  8.0848E-05,   0.0393467
  8.0852E-05,   0.0388945
  8.0856E-05,   0.0384422
   8.086E-05,   0.0379899
  8.0864E-05,   0.0379899
  8.0868E-05,   0.0379899
  8.0872E-05,   0.0370854
  8.0876E-05,   0.0370854
   8.088E-05,   0.0366332
  8.0884E-05,   0.0361809
  8.0888E-05,   0.0361809
  8.0892E-05,   0.0357286
  8.0896E-05,   0.0357286
    8.09E-05,   0.0352764
  8.0904E-05,   0.0348241
  8.0908E-05,   0.0352764
  8.0912E-05,   0.0343719
  8.0916E-05,   0.0339196
   8.092E-05,   0.0339196
  8.0924E-05,   0.0330151
  8.0928E-05,   0.0330151
  8.0932E-05,   0.0325628
  8.0936E-05,   0.0325628
   8.094E-05,   0.0325628
  8.0944E-05,   0.0316583
  8.0948E-05,   0.0316583
  8.0952E-05,    0.031206
  8.0956E-05,   0.0307538
   8.096E-05,   0.0307538
  8.0964E-05,   0.0307538
  8.0968E-05,   0.0303015
  8.0972E-05,   0.0298492
  8.0976E-05,    0.029397
   8.098E-05,    0.029397
  8.0984E-05,    0.029397
  8.0988E-05,   0.0289447
  8.0992E-05,   0.0289447
  8.0996E-05,   0.0284925
     8.1E-05,   0.0284925
  8.1004E-05,   0.0280402
  8.1008E-05,   0.0275879
  8.1012E-05,   0.0275879
  8.1016E-05,   0.0271357
   8.102E-05,   0.0266834
  8.1024E-05,   0.0266834
  8.1028E-05,   0.0262312
  8.1032E-05,   0.0262312
  8.1036E-05,   0.0257789
   8.104E-05,   0.0253266
  8.1044E-05,   0.0253266
  8.1048E-05,   0.0248744
  8.1052E-05,   0.0248744
  8.1056E-05,   0.0248744
   8.106E-05,   0.0244221
  8.1064E-05,   0.0239698
  8.1068E-05,   0.0239698
  8.1072E-05,   0.0235176
  8.1076E-05,   0.0235176
   8.108E-05,   0.0230653
  8.1084E-05,   0.0230653
  8.1088E-05,   0.0226131
  8.1092E-05,   0.0221608
  8.1096E-05,   0.0226131
    8.11E-05,   0.0221608
  8.1104E-05,   0.0217085
  8.1108E-05,   0.0221608
  8.1112E-05,   0.0217085
  8.1116E-05,   0.0212563
   8.112E-05,   0.0212563
  8.1124E-05,    0.020804
  8.1128E-05,    0.020804
  8.1132E-05,   0.0203518
  8.1136E-05,   0.0198995
   8.114E-05,   0.0203518
  8.1144E-05,   0.0194472
  8.1148E-05,   0.0198995
  8.1152E-05,   0.0194472
  8.1156E-05,    0.018995
   8.116E-05,   0.0194472
  8.1164E-05,    0.018995
  8.1168E-05,   0.0185427
  8.1172E-05,    0.018995
  8.1176E-05,   0.0185427
   8.118E-05,   0.0180905
  8.1184E-05,   0.0180905
  8.1188E-05,   0.0180905
  8.1192E-05,   0.0180905
  8.1196E-05,   0.0176382
    8.12E-05,   0.0176382
  8.1204E-05,   0.0171859
  8.1208E-05,   0.0167337
  8.1212E-05,   0.0171859
  8.1216E-05,   0.0167337
   8.122E-05,   0.0162814
  8.1224E-05,   0.0167337
  8.1228E-05,   0.0162814
  8.1232E-05,   0.0158291
  8.1236E-05,   0.0158291
   8.124E-05,   0.0158291
  8.1244E-05,   0.0158291
  8.1248E-05,   0.0153769
  8.1252E-05,   0.0153769
  8.1256E-05,   0.0153769
   8.126E-05,   0.0153769
  8.1264E-05,   0.0149246
  8.1268E-05,   0.0149246
  8.1272E-05,   0.0144724
  8.1276E-05,   0.0144724
   8.128E-05,   0.0149246
  8.1284E-05,   0.0144724
  8.1288E-05,   0.0144724
  8.1292E-05,   0.0144724
  8.1296E-05,   0.0140201
    8.13E-05,   0.0140201
  8.1304E-05,   0.0140201
  8.1308E-05,   0.0140201
  8.1312E-05,   0.0135678
  8.1316E-05,   0.0135678
   8.132E-05,   0.0140201
  8.1324E-05,   0.0131156
  8.1328E-05,   0.0131156
  8.1332E-05,   0.0135678
  8.1336E-05,   0.0131156
   8.134E-05,   0.0126633
  8.1344E-05,   0.0126633
  8.1348E-05,   0.0126633
  8.1352E-05,   0.0126633
  8.1356E-05,   0.0122111
   8.136E-05,   0.0122111
  8.1364E-05,   0.0122111
  8.1368E-05,   0.0117588
  8.1372E-05,   0.0122111
  8.1376E-05,   0.0117588
   8.138E-05,   0.0117588
  8.1384E-05,   0.0117588
  8.1388E-05,   0.0113065
  8.1392E-05,   0.0117588
  8.1396E-05,   0.0117588
    8.14E-05,   0.0113065
  8.1404E-05,   0.0113065
  8.1408E-05,   0.0113065
  8.1412E-05,   0.0113065
  8.1416E-05,   0.0113065
   8.142E-05,    0.010402
  8.1424E-05,   0.0113065
  8.1428E-05,   0.0108543
  8.1432E-05,   0.0108543
  8.1436E-05,    0.010402
   8.144E-05,    0.010402
  8.1444E-05,   0.0108543
  8.1448E-05,    0.010402
  8.1452E-05,    0.010402
  8.1456E-05,    0.010402
   8.146E-05,  0.00994975
  8.1464E-05,  0.00994975
  8.1468E-05,    0.010402
  8.1472E-05,    0.010402
  8.1476E-05,  0.00994975
   8.148E-05,  0.00994975
  8.1484E-05,  0.00994975
  8.1488E-05,  0.00994975
  8.1492E-05,  0.00994975
  8.1496E-05,  0.00994975
    8.15E-05,  0.00994975
  8.1504E-05,  0.00949749
  8.1508E-05,  0.00949749
  8.1512E-05,  0.00949749
  8.1516E-05,  0.00949749
   8.152E-05,  0.00904523
  8.1524E-05,  0.00904523
  8.1528E-05,  0.00904523
  8.1532E-05,  0.00904523
  8.1536E-05,  0.00859297
   8.154E-05,  0.00904523
  8.1544E-05,  0.00904523
  8.1548E-05,  0.00859297
  8.1552E-05,  0.00859297
  8.1556E-05,  0.00859297
   8.156E-05,  0.00859297
  8.1564E-05,  0.00859297
  8.1568E-05,  0.00859297
  8.1572E-05,  0.00859297
  8.1576E-05,  0.00859297
   8.158E-05,   0.0081407
  8.1584E-05,  0.00859297
  8.1588E-05,  0.00859297
  8.1592E-05,  0.00859297
  8.1596E-05,   0.0081407
    8.16E-05,   0.0081407
  8.1604E-05,   0.0081407
  8.1608E-05,   0.0081407
  8.1612E-05,  0.00768844
  8.1616E-05,  0.00768844
   8.162E-05,  0.00768844
  8.1624E-05,  0.00768844
  8.1628E-05,  0.00723618
  8.1632E-05,  0.00768844
  8.1636E-05,  0.00768844
   8.164E-05,  0.00723618
  8.1644E-05,  0.00723618
  8.1648E-05,  0.00723618
  8.1652E-05,  0.00678392
  8.1656E-05,  0.00678392
   8.166E-05,  0.00723618
  8.1664E-05,  0.00723618
  8.1668E-05,  0.00678392
  8.1672E-05,  0.00678392
  8.1676E-05,  0.00723618
   8.168E-05,  0.00723618
  8.1684E-05,  0.00678392
  8.1688E-05,  0.00723618
  8.1692E-05,  0.00678392
  8.1696E-05,  0.00633166
    8.17E-05,  0.00678392
  8.1704E-05,  0.00678392
  8.1708E-05,  0.00678392
  8.1712E-05,  0.00678392
  8.1716E-05,  0.00633166
   8.172E-05,  0.00678392
  8.1724E-05,  0.00633166
  8.1728E-05,  0.00633166
  8.1732E-05,  0.00633166
  8.1736E-05,   0.0058794
   8.174E-05,   0.0058794
  8.1744E-05,   0.0058794
  8.1748E-05,   0.0058794
  8.1752E-05,  0.00633166
  8.1756E-05,   0.0058794
   8.176E-05,   0.0058794
  8.1764E-05,   0.0058794
  8.1768E-05,  0.00542714
  8.1772E-05,   0.0058794
  8.1776E-05,   0.0058794
   8.178E-05,  0.00542714
  8.1784E-05,  0.00542714
  8.1788E-05,  0.00542714
  8.1792E-05,  0.00542714
  8.1796E-05,  0.00542714
    8.18E-05,  0.00542714
  8.1804E-05,  0.00542714
  8.1808E-05,  0.00542714
  8.1812E-05,  0.00497487
  8.1816E-05,  0.00542714
   8.182E-05,  0.00497487
  8.1824E-05,  0.00497487
  8.1828E-05,  0.00497487
  8.1832E-05,  0.00497487
  8.1836E-05,  0.00497487
   8.184E-05,  0.00497487
  8.1844E-05,  0.00497487
  8.1848E-05,  0.00497487
  8.1852E-05,  0.00452261
  8.1856E-05,  0.00452261
   8.186E-05,  0.00497487
  8.1864E-05,  0.00452261
  8.1868E-05,  0.00452261
  8.1872E-05,  0.00452261
  8.1876E-05,  0.00452261
   8.188E-05,  0.00452261
  8.1884E-05,  0.00407035
  8.1888E-05,  0.00452261
  8.1892E-05,  0.00452261
  8.1896E-05,  0.00407035
    8.19E-05,  0.00452261
  8.1904E-05,  0.00407035
  8.1908E-05,  0.00407035
  8.1912E-05,  0.00407035
  8.1916E-05,  0.00407035
   8.192E-05,  0.00407035
  8.1924E-05,  0.00361809
  8.1928E-05,  0.00361809
  8.1932E-05,  0.00361809
  8.1936E-05,  0.00361809
   8.194E-05,  0.00361809
  8.1944E-05,  0.00361809
  8.1948E-05,  0.00316583
  8.1952E-05,  0.00316583
  8.1956E-05,  0.00361809
   8.196E-05,  0.00361809
  8.1964E-05,  0.00361809
  8.1968E-05,  0.00316583
  8.1972E-05,  0.00316583
  8.1976E-05,  0.00361809
   8.198E-05,  0.00316583
  8.1984E-05,  0.00316583
  8.1988E-05,  0.00316583
  8.1992E-05,  0.00271357
  8.1996E-05,  0.00316583
     8.2E-05,  0.00271357
  8.2004E-05,  0.00271357
  8.2008E-05,  0.00271357
  8.2012E-05,  0.00226131
  8.2016E-05,  0.00271357
   8.202E-05,  0.00271357
  8.2024E-05,  0.00226131
  8.2028E-05,  0.00226131
  8.2032E-05,  0.00226131
  8.2036E-05,  0.00226131
   8.204E-05,  0.00226131
  8.2044E-05,  0.00135678
  8.2048E-05,  0.00226131
  8.2052E-05,  0.00180905
  8.2056E-05,  0.00180905
   8.206E-05,  0.00180905
  8.2064E-05,  0.00135678
  8.2068E-05,  0.00180905
  8.2072E-05,  0.00180905
  8.2076E-05,  0.00180905
   8.208E-05,  0.00180905
  8.2084E-05,  0.00135678
  8.2088E-05,  0.00135678
  8.2092E-05,  0.00135678
  8.2096E-05, 0.000904523
    8.21E-05,  0.00135678
  8.2104E-05, 0.000904523
  8.2108E-05, 0.000452261
  8.2112E-05, 0.000904523
  8.2116E-05, 0.000452261
   8.212E-05, 0.000452261
  8.2124E-05, 0.000452261
  8.2128E-05,           0
  8.2132E-05, 0.000452261
  8.2136E-05,           0
   8.214E-05,           0
  8.2144E-05,           0
  8.2148E-05,           0
  8.2152E-05,           0
  8.2156E-05,           0
   8.216E-05,-0.000452261
  8.2164E-05,           0
  8.2168E-05,           0
  8.2172E-05,-0.000452261
  8.2176E-05,-0.000452261
   8.218E-05,-0.000904523
  8.2184E-05,-0.000452261
  8.2188E-05,-0.000904523
  8.2192E-05,-0.000904523
  8.2196E-05,-0.000904523
    8.22E-05, -0.00135678
  8.2204E-05, -0.00135678
  8.2208E-05, -0.00135678
  8.2212E-05, -0.00135678
  8.2216E-05, -0.00135678
   8.222E-05, -0.00135678
  8.2224E-05, -0.00180905
  8.2228E-05, -0.00180905
  8.2232E-05, -0.00226131
  8.2236E-05, -0.00226131
   8.224E-05, -0.00226131
  8.2244E-05, -0.00226131
  8.2248E-05, -0.00226131
  8.2252E-05, -0.00271357
  8.2256E-05, -0.00226131
   8.226E-05, -0.00226131
  8.2264E-05, -0.00271357
  8.2268E-05, -0.00271357
  8.2272E-05, -0.00271357
  8.2276E-05, -0.00271357
   8.228E-05, -0.00271357
  8.2284E-05, -0.00271357
  8.2288E-05, -0.00316583
  8.2292E-05, -0.00316583
  8.2296E-05, -0.00361809
    8.23E-05, -0.00361809
  8.2304E-05, -0.00361809
  8.2308E-05, -0.00407035
  8.2312E-05, -0.00361809
  8.2316E-05, -0.00407035
   8.232E-05, -0.00452261
  8.2324E-05, -0.00452261
  8.2328E-05, -0.00452261
  8.2332E-05, -0.00452261
  8.2336E-05, -0.00497487
   8.234E-05, -0.00497487
  8.2344E-05, -0.00497487
  8.2348E-05, -0.00497487
  8.2352E-05, -0.00497487
  8.2356E-05, -0.00497487
   8.236E-05, -0.00542714
  8.2364E-05, -0.00542714
  8.2368E-05, -0.00542714
  8.2372E-05, -0.00542714
  8.2376E-05, -0.00542714
   8.238E-05,  -0.0058794
  8.2384E-05,  -0.0058794
  8.2388E-05,  -0.0058794
  8.2392E-05,  -0.0058794
  8.2396E-05, -0.00633166
    8.24E-05, -0.00633166
  8.2404E-05, -0.00633166
  8.2408E-05, -0.00633166
  8.2412E-05, -0.00678392
  8.2416E-05, -0.00678392
   8.242E-05, -0.00678392
  8.2424E-05, -0.00723618
  8.2428E-05, -0.00678392
  8.2432E-05, -0.00723618
  8.2436E-05, -0.00723618
   8.244E-05, -0.00723618
  8.2444E-05, -0.00768844
  8.2448E-05, -0.00723618
  8.2452E-05, -0.00768844
  8.2456E-05,  -0.0081407
   8.246E-05,  -0.0081407
  8.2464E-05,  -0.0081407
  8.2468E-05,  -0.0081407
  8.2472E-05,  -0.0081407
  8.2476E-05, -0.00859297
   8.248E-05,  -0.0081407
  8.2484E-05, -0.00859297
  8.2488E-05, -0.00859297
  8.2492E-05,  -0.0081407
  8.2496E-05, -0.00904523
    8.25E-05, -0.00904523
  8.2504E-05, -0.00904523
  8.2508E-05, -0.00904523
  8.2512E-05, -0.00904523
  8.2516E-05, -0.00904523
   8.252E-05, -0.00949749
  8.2524E-05, -0.00949749
  8.2528E-05, -0.00994975
  8.2532E-05, -0.00949749
  8.2536E-05, -0.00994975
   8.254E-05, -0.00994975
  8.2544E-05, -0.00949749
  8.2548E-05, -0.00994975
  8.2552E-05,   -0.010402
  8.2556E-05, -0.00994975
   8.256E-05, -0.00994975
  8.2564E-05, -0.00994975
  8.2568E-05,   -0.010402
  8.2572E-05,   -0.010402
  8.2576E-05,   -0.010402
   8.258E-05,  -0.0108543
  8.2584E-05, -0.00994975
  8.2588E-05,   -0.010402
  8.2592E-05,  -0.0108543
  8.2596E-05,   -0.010402
    8.26E-05,  -0.0108543
  8.2604E-05,  -0.0108543
  8.2608E-05,  -0.0108543
  8.2612E-05,  -0.0108543
  8.2616E-05,  -0.0113065
   8.262E-05,  -0.0113065
  8.2624E-05,  -0.0113065
  8.2628E-05,  -0.0113065
  8.2632E-05,  -0.0117588
  8.2636E-05,  -0.0113065
   8.264E-05,  -0.0113065
  8.2644E-05,  -0.0117588
  8.2648E-05,  -0.0117588
  8.2652E-05,  -0.0113065
  8.2656E-05,  -0.0117588
   8.266E-05,  -0.0117588
  8.2664E-05,  -0.0117588
  8.2668E-05,  -0.0117588
  8.2672E-05,  -0.0117588
  8.2676E-05,  -0.0117588
   8.268E-05,  -0.0117588
  8.2684E-05,  -0.0117588
  8.2688E-05,  -0.0122111
  8.2692E-05,  -0.0117588
  8.2696E-05,  -0.0122111
    8.27E-05,  -0.0122111
  8.2704E-05,  -0.0122111
  8.2708E-05,  -0.0122111
  8.2712E-05,  -0.0122111
  8.2716E-05,  -0.0122111
   8.272E-05,  -0.0126633
  8.2724E-05,  -0.0122111
  8.2728E-05,  -0.0126633
  8.2732E-05,  -0.0122111
  8.2736E-05,  -0.0126633
   8.274E-05,  -0.0131156
  8.2744E-05,  -0.0126633
  8.2748E-05,  -0.0122111
  8.2752E-05,  -0.0126633
  8.2756E-05,  -0.0126633
   8.276E-05,  -0.0126633
  8.2764E-05,  -0.0126633
  8.2768E-05,  -0.0126633
  8.2772E-05,  -0.0126633
  8.2776E-05,  -0.0122111
   8.278E-05,  -0.0126633
  8.2784E-05,  -0.0131156
  8.2788E-05,  -0.0126633
  8.2792E-05,  -0.0131156
  8.2796E-05,  -0.0131156
    8.28E-05,  -0.0126633
  8.2804E-05,  -0.0126633
  8.2808E-05,  -0.0126633
  8.2812E-05,  -0.0131156
  8.2816E-05,  -0.0131156
   8.282E-05,  -0.0126633
  8.2824E-05,  -0.0131156
  8.2828E-05,  -0.0131156
  8.2832E-05,  -0.0131156
  8.2836E-05,  -0.0131156
   8.284E-05,  -0.0131156
  8.2844E-05,  -0.0131156
  8.2848E-05,  -0.0131156
  8.2852E-05,  -0.0126633
  8.2856E-05,  -0.0131156
   8.286E-05,  -0.0126633
  8.2864E-05,  -0.0126633
  8.2868E-05,  -0.0131156
  8.2872E-05,  -0.0126633
  8.2876E-05,  -0.0131156
   8.288E-05,  -0.0126633
  8.2884E-05,  -0.0126633
  8.2888E-05,  -0.0131156
  8.2892E-05,  -0.0126633
  8.2896E-05,  -0.0126633
    8.29E-05,  -0.0131156
  8.2904E-05,  -0.0126633
  8.2908E-05,  -0.0126633
  8.2912E-05,  -0.0126633
  8.2916E-05,  -0.0126633
   8.292E-05,  -0.0131156
  8.2924E-05,  -0.0126633
  8.2928E-05,  -0.0131156
  8.2932E-05,  -0.0131156
  8.2936E-05,  -0.0126633
   8.294E-05,  -0.0126633
  8.2944E-05,  -0.0131156
  8.2948E-05,  -0.0126633
  8.2952E-05,  -0.0131156
  8.2956E-05,  -0.0126633
   8.296E-05,  -0.0126633
  8.2964E-05,  -0.0126633
  8.2968E-05,  -0.0126633
  8.2972E-05,  -0.0126633
  8.2976E-05,  -0.0126633
   8.298E-05,  -0.0122111
  8.2984E-05,  -0.0126633
  8.2988E-05,  -0.0126633
  8.2992E-05,  -0.0126633
  8.2996E-05,  -0.0126633
