    0.000102, -0.00251256
 0.000102004, -0.00251256
 0.000102008, -0.00251256
 0.000102012, -0.00251256
 0.000102016, -0.00251256
  0.00010202, -0.00251256
 0.000102024, -0.00251256
 0.000102028, -0.00251256
 0.000102032, -0.00251256
 0.000102036, -0.00251256
  0.00010204, -0.00251256
 0.000102044, -0.00251256
 0.000102048, -0.00251256
 0.000102052, -0.00251256
 0.000102056, -0.00251256
  0.00010206, -0.00251256
 0.000102064, -0.00251256
 0.000102068, -0.00251256
 0.000102072, -0.00251256
 0.000102076, -0.00251256
  0.00010208, -0.00251256
 0.000102084, -0.00251256
 0.000102088, -0.00251256
 0.000102092, -0.00251256
 0.000102096, -0.00301508
   0.0001021, -0.00251256
 0.000102104, -0.00301508
 0.000102108, -0.00301508
 0.000102112, -0.00301508
 0.000102116, -0.00301508
  0.00010212, -0.00301508
 0.000102124, -0.00301508
 0.000102128, -0.00351759
 0.000102132, -0.00301508
 0.000102136, -0.00351759
  0.00010214, -0.00351759
 0.000102144, -0.00301508
 0.000102148, -0.00351759
 0.000102152, -0.00351759
 0.000102156, -0.00351759
  0.00010216, -0.00351759
 0.000102164, -0.00351759
 0.000102168,  -0.0040201
 0.000102172,  -0.0040201
 0.000102176, -0.00351759
  0.00010218,  -0.0040201
 0.000102184,  -0.0040201
 0.000102188,  -0.0040201
 0.000102192,  -0.0040201
 0.000102196,  -0.0040201
   0.0001022, -0.00452261
 0.000102204, -0.00452261
 0.000102208,  -0.0040201
 0.000102212, -0.00452261
 0.000102216, -0.00502513
  0.00010222, -0.00502513
 0.000102224, -0.00502513
 0.000102228, -0.00502513
 0.000102232, -0.00502513
 0.000102236, -0.00502513
  0.00010224, -0.00502513
 0.000102244, -0.00552764
 0.000102248, -0.00552764
 0.000102252, -0.00552764
 0.000102256, -0.00603015
  0.00010226, -0.00603015
 0.000102264, -0.00603015
 0.000102268, -0.00603015
 0.000102272, -0.00603015
 0.000102276, -0.00653266
  0.00010228, -0.00653266
 0.000102284, -0.00603015
 0.000102288, -0.00653266
 0.000102292, -0.00703518
 0.000102296, -0.00703518
   0.0001023, -0.00703518
 0.000102304, -0.00703518
 0.000102308, -0.00753769
 0.000102312, -0.00703518
 0.000102316, -0.00753769
  0.00010232,  -0.0080402
 0.000102324,  -0.0080402
 0.000102328,  -0.0080402
 0.000102332, -0.00854271
 0.000102336, -0.00854271
  0.00010234, -0.00854271
 0.000102344, -0.00854271
 0.000102348, -0.00854271
 0.000102352, -0.00904523
 0.000102356, -0.00904523
  0.00010236, -0.00954774
 0.000102364, -0.00904523
 0.000102368, -0.00954774
 0.000102372,  -0.0100503
 0.000102376,  -0.0100503
  0.00010238,  -0.0100503
 0.000102384,  -0.0100503
 0.000102388,  -0.0105528
 0.000102392,  -0.0105528
 0.000102396,  -0.0100503
   0.0001024,  -0.0105528
 0.000102404,  -0.0110553
 0.000102408,  -0.0110553
 0.000102412,  -0.0110553
 0.000102416,  -0.0115578
  0.00010242,  -0.0115578
 0.000102424,  -0.0115578
 0.000102428,  -0.0115578
 0.000102432,  -0.0120603
 0.000102436,  -0.0115578
  0.00010244,  -0.0120603
 0.000102444,  -0.0125628
 0.000102448,  -0.0125628
 0.000102452,  -0.0125628
 0.000102456,  -0.0130653
  0.00010246,  -0.0130653
 0.000102464,  -0.0130653
 0.000102468,  -0.0130653
 0.000102472,  -0.0135678
 0.000102476,  -0.0135678
  0.00010248,  -0.0135678
 0.000102484,  -0.0140704
 0.000102488,  -0.0140704
 0.000102492,  -0.0140704
 0.000102496,  -0.0140704
   0.0001025,  -0.0145729
 0.000102504,  -0.0145729
 0.000102508,  -0.0145729
 0.000102512,  -0.0145729
 0.000102516,  -0.0150754
  0.00010252,  -0.0150754
 0.000102524,  -0.0150754
 0.000102528,  -0.0155779
 0.000102532,  -0.0150754
 0.000102536,  -0.0155779
  0.00010254,  -0.0160804
 0.000102544,  -0.0155779
 0.000102548,  -0.0160804
 0.000102552,  -0.0160804
 0.000102556,  -0.0160804
  0.00010256,  -0.0165829
 0.000102564,  -0.0165829
 0.000102568,  -0.0165829
 0.000102572,  -0.0165829
 0.000102576,  -0.0170854
  0.00010258,  -0.0175879
 0.000102584,  -0.0170854
 0.000102588,  -0.0170854
 0.000102592,  -0.0175879
 0.000102596,  -0.0175879
   0.0001026,  -0.0175879
 0.000102604,  -0.0175879
 0.000102608,  -0.0175879
 0.000102612,  -0.0180905
 0.000102616,  -0.0175879
  0.00010262,  -0.0180905
 0.000102624,   -0.018593
 0.000102628,  -0.0180905
 0.000102632,  -0.0180905
 0.000102636,   -0.018593
  0.00010264,   -0.018593
 0.000102644,   -0.018593
 0.000102648,  -0.0180905
 0.000102652,  -0.0190955
 0.000102656,  -0.0190955
  0.00010266,   -0.018593
 0.000102664,  -0.0190955
 0.000102668,  -0.0190955
 0.000102672,  -0.0190955
 0.000102676,  -0.0190955
  0.00010268,   -0.019598
 0.000102684,  -0.0190955
 0.000102688,  -0.0190955
 0.000102692,  -0.0190955
 0.000102696,   -0.019598
   0.0001027,   -0.019598
 0.000102704,  -0.0190955
 0.000102708,   -0.019598
 0.000102712,   -0.019598
 0.000102716,   -0.019598
  0.00010272,   -0.019598
 0.000102724,   -0.019598
 0.000102728,   -0.019598
 0.000102732,   -0.019598
 0.000102736,   -0.019598
  0.00010274,   -0.019598
 0.000102744,   -0.019598
 0.000102748,   -0.019598
 0.000102752,   -0.019598
 0.000102756,   -0.019598
  0.00010276,   -0.019598
 0.000102764,   -0.019598
 0.000102768,   -0.019598
 0.000102772,   -0.019598
 0.000102776,   -0.019598
  0.00010278,  -0.0201005
 0.000102784,   -0.019598
 0.000102788,   -0.019598
 0.000102792,   -0.019598
 0.000102796,   -0.019598
   0.0001028,   -0.019598
 0.000102804,   -0.019598
 0.000102808,   -0.019598
 0.000102812,   -0.019598
 0.000102816,   -0.019598
  0.00010282,  -0.0190955
 0.000102824,   -0.019598
 0.000102828,   -0.019598
 0.000102832,  -0.0190955
 0.000102836,  -0.0190955
  0.00010284,  -0.0190955
 0.000102844,  -0.0190955
 0.000102848,  -0.0190955
 0.000102852,  -0.0190955
 0.000102856,  -0.0190955
  0.00010286,  -0.0190955
 0.000102864,  -0.0190955
 0.000102868,   -0.018593
 0.000102872,   -0.018593
 0.000102876,   -0.018593
  0.00010288,   -0.018593
 0.000102884,   -0.018593
 0.000102888,   -0.018593
 0.000102892,  -0.0180905
 0.000102896,  -0.0180905
   0.0001029,  -0.0180905
 0.000102904,  -0.0180905
 0.000102908,  -0.0180905
 0.000102912,  -0.0175879
 0.000102916,  -0.0175879
  0.00010292,  -0.0175879
 0.000102924,  -0.0170854
 0.000102928,  -0.0175879
 0.000102932,  -0.0175879
 0.000102936,  -0.0170854
  0.00010294,  -0.0170854
 0.000102944,  -0.0170854
 0.000102948,  -0.0165829
 0.000102952,  -0.0170854
 0.000102956,  -0.0165829
  0.00010296,  -0.0165829
 0.000102964,  -0.0165829
 0.000102968,  -0.0165829
 0.000102972,  -0.0165829
 0.000102976,  -0.0160804
  0.00010298,  -0.0160804
 0.000102984,  -0.0160804
 0.000102988,  -0.0150754
 0.000102992,  -0.0155779
 0.000102996,  -0.0155779
    0.000103,  -0.0150754
 0.000103004,  -0.0150754
 0.000103008,  -0.0150754
 0.000103012,  -0.0150754
 0.000103016,  -0.0150754
  0.00010302,  -0.0145729
 0.000103024,  -0.0145729
 0.000103028,  -0.0145729
 0.000103032,  -0.0140704
 0.000103036,  -0.0140704
  0.00010304,  -0.0140704
 0.000103044,  -0.0140704
 0.000103048,  -0.0135678
 0.000103052,  -0.0135678
 0.000103056,  -0.0135678
  0.00010306,  -0.0130653
 0.000103064,  -0.0130653
 0.000103068,  -0.0130653
 0.000103072,  -0.0130653
 0.000103076,  -0.0125628
  0.00010308,  -0.0125628
 0.000103084,  -0.0125628
 0.000103088,  -0.0125628
 0.000103092,  -0.0125628
 0.000103096,  -0.0120603
   0.0001031,  -0.0115578
 0.000103104,  -0.0115578
 0.000103108,  -0.0120603
 0.000103112,  -0.0115578
 0.000103116,  -0.0110553
  0.00010312,  -0.0115578
 0.000103124,  -0.0110553
 0.000103128,  -0.0110553
 0.000103132,  -0.0105528
 0.000103136,  -0.0105528
  0.00010314,  -0.0105528
 0.000103144,  -0.0100503
 0.000103148,  -0.0100503
 0.000103152,  -0.0100503
 0.000103156,  -0.0100503
  0.00010316,  -0.0100503
 0.000103164, -0.00954774
 0.000103168, -0.00954774
 0.000103172, -0.00954774
 0.000103176, -0.00904523
  0.00010318, -0.00904523
 0.000103184, -0.00904523
 0.000103188, -0.00854271
 0.000103192, -0.00854271
 0.000103196, -0.00854271
   0.0001032, -0.00854271
 0.000103204,  -0.0080402
 0.000103208,  -0.0080402
 0.000103212, -0.00753769
 0.000103216, -0.00753769
  0.00010322, -0.00753769
 0.000103224, -0.00753769
 0.000103228, -0.00753769
 0.000103232, -0.00703518
 0.000103236, -0.00703518
  0.00010324, -0.00703518
 0.000103244, -0.00703518
 0.000103248, -0.00703518
 0.000103252, -0.00653266
 0.000103256, -0.00653266
  0.00010326, -0.00653266
 0.000103264, -0.00653266
 0.000103268, -0.00653266
 0.000103272, -0.00603015
 0.000103276, -0.00603015
  0.00010328, -0.00603015
 0.000103284, -0.00552764
 0.000103288, -0.00603015
 0.000103292, -0.00552764
 0.000103296, -0.00552764
   0.0001033, -0.00552764
 0.000103304, -0.00552764
 0.000103308, -0.00552764
 0.000103312, -0.00502513
 0.000103316, -0.00502513
  0.00010332, -0.00502513
 0.000103324, -0.00452261
 0.000103328, -0.00452261
 0.000103332, -0.00502513
 0.000103336, -0.00452261
  0.00010334, -0.00452261
 0.000103344, -0.00452261
 0.000103348, -0.00452261
 0.000103352, -0.00452261
 0.000103356,  -0.0040201
  0.00010336, -0.00452261
 0.000103364,  -0.0040201
 0.000103368,  -0.0040201
 0.000103372,  -0.0040201
 0.000103376,  -0.0040201
  0.00010338, -0.00351759
 0.000103384,  -0.0040201
 0.000103388,  -0.0040201
 0.000103392, -0.00351759
 0.000103396, -0.00351759
   0.0001034, -0.00351759
 0.000103404, -0.00351759
 0.000103408, -0.00351759
 0.000103412, -0.00351759
 0.000103416, -0.00351759
  0.00010342, -0.00351759
 0.000103424, -0.00351759
 0.000103428, -0.00351759
 0.000103432, -0.00301508
 0.000103436, -0.00351759
  0.00010344, -0.00301508
 0.000103444, -0.00301508
 0.000103448, -0.00351759
 0.000103452, -0.00351759
 0.000103456, -0.00301508
  0.00010346, -0.00301508
 0.000103464, -0.00351759
 0.000103468, -0.00351759
 0.000103472, -0.00301508
 0.000103476, -0.00301508
  0.00010348, -0.00351759
 0.000103484, -0.00301508
 0.000103488, -0.00301508
 0.000103492, -0.00351759
 0.000103496, -0.00301508
   0.0001035, -0.00301508
 0.000103504, -0.00301508
 0.000103508, -0.00301508
 0.000103512, -0.00301508
 0.000103516, -0.00301508
  0.00010352, -0.00301508
 0.000103524, -0.00301508
 0.000103528, -0.00301508
 0.000103532, -0.00351759
 0.000103536, -0.00301508
  0.00010354, -0.00351759
 0.000103544, -0.00301508
 0.000103548, -0.00301508
 0.000103552, -0.00351759
 0.000103556, -0.00351759
  0.00010356, -0.00351759
 0.000103564, -0.00351759
 0.000103568, -0.00301508
 0.000103572, -0.00351759
 0.000103576, -0.00351759
  0.00010358, -0.00351759
 0.000103584, -0.00351759
 0.000103588, -0.00351759
 0.000103592, -0.00351759
 0.000103596, -0.00351759
   0.0001036, -0.00351759
 0.000103604,  -0.0040201
 0.000103608,  -0.0040201
 0.000103612, -0.00351759
 0.000103616,  -0.0040201
  0.00010362,  -0.0040201
 0.000103624,  -0.0040201
 0.000103628,  -0.0040201
 0.000103632,  -0.0040201
 0.000103636,  -0.0040201
  0.00010364, -0.00452261
 0.000103644, -0.00452261
 0.000103648, -0.00452261
 0.000103652, -0.00452261
 0.000103656, -0.00502513
  0.00010366, -0.00502513
 0.000103664, -0.00452261
 0.000103668, -0.00502513
 0.000103672, -0.00502513
 0.000103676, -0.00502513
  0.00010368, -0.00552764
 0.000103684, -0.00552764
 0.000103688, -0.00552764
 0.000103692, -0.00502513
 0.000103696, -0.00502513
   0.0001037, -0.00603015
 0.000103704, -0.00552764
 0.000103708, -0.00552764
 0.000103712, -0.00603015
 0.000103716, -0.00603015
  0.00010372, -0.00603015
 0.000103724, -0.00603015
 0.000103728, -0.00603015
 0.000103732, -0.00653266
 0.000103736, -0.00603015
  0.00010374, -0.00603015
 0.000103744, -0.00603015
 0.000103748, -0.00653266
 0.000103752, -0.00653266
 0.000103756, -0.00653266
  0.00010376, -0.00653266
 0.000103764, -0.00703518
 0.000103768, -0.00653266
 0.000103772, -0.00703518
 0.000103776, -0.00703518
  0.00010378, -0.00703518
 0.000103784, -0.00753769
 0.000103788, -0.00753769
 0.000103792, -0.00753769
 0.000103796, -0.00753769
   0.0001038, -0.00753769
 0.000103804, -0.00753769
 0.000103808,  -0.0080402
 0.000103812, -0.00753769
 0.000103816, -0.00753769
  0.00010382,  -0.0080402
 0.000103824,  -0.0080402
 0.000103828, -0.00854271
 0.000103832,  -0.0080402
 0.000103836,  -0.0080402
  0.00010384, -0.00854271
 0.000103844, -0.00854271
 0.000103848, -0.00854271
 0.000103852, -0.00854271
 0.000103856, -0.00854271
  0.00010386, -0.00854271
 0.000103864, -0.00904523
 0.000103868, -0.00904523
 0.000103872, -0.00904523
 0.000103876, -0.00904523
  0.00010388, -0.00904523
 0.000103884, -0.00904523
 0.000103888, -0.00954774
 0.000103892, -0.00904523
 0.000103896, -0.00904523
   0.0001039, -0.00954774
 0.000103904, -0.00954774
 0.000103908, -0.00954774
 0.000103912, -0.00954774
 0.000103916, -0.00954774
  0.00010392,  -0.0100503
 0.000103924,  -0.0100503
 0.000103928,  -0.0100503
 0.000103932,  -0.0100503
 0.000103936,  -0.0100503
  0.00010394,  -0.0100503
 0.000103944,  -0.0100503
 0.000103948,  -0.0100503
 0.000103952,  -0.0100503
 0.000103956,  -0.0105528
  0.00010396,  -0.0100503
 0.000103964,  -0.0105528
 0.000103968,  -0.0105528
 0.000103972,  -0.0100503
 0.000103976,  -0.0105528
  0.00010398,  -0.0105528
 0.000103984,  -0.0105528
 0.000103988,  -0.0105528
 0.000103992,  -0.0105528
 0.000103996,  -0.0110553
    0.000104,  -0.0105528
 0.000104004,  -0.0105528
 0.000104008,  -0.0105528
 0.000104012,  -0.0105528
 0.000104016,  -0.0105528
  0.00010402,  -0.0105528
 0.000104024,  -0.0105528
 0.000104028,  -0.0110553
 0.000104032,  -0.0105528
 0.000104036,  -0.0105528
  0.00010404,  -0.0105528
 0.000104044,  -0.0105528
 0.000104048,  -0.0105528
 0.000104052,  -0.0105528
 0.000104056,  -0.0110553
  0.00010406,  -0.0110553
 0.000104064,  -0.0105528
 0.000104068,  -0.0105528
 0.000104072,  -0.0110553
 0.000104076,  -0.0105528
  0.00010408,  -0.0105528
 0.000104084,  -0.0105528
 0.000104088,  -0.0105528
 0.000104092,  -0.0105528
 0.000104096,  -0.0105528
   0.0001041,  -0.0110553
 0.000104104,  -0.0105528
 0.000104108,  -0.0100503
 0.000104112,  -0.0105528
 0.000104116,  -0.0100503
  0.00010412,  -0.0100503
 0.000104124,  -0.0105528
 0.000104128,  -0.0100503
 0.000104132,  -0.0100503
 0.000104136,  -0.0100503
  0.00010414,  -0.0100503
 0.000104144,  -0.0100503
 0.000104148, -0.00954774
 0.000104152, -0.00954774
 0.000104156,  -0.0100503
  0.00010416, -0.00954774
 0.000104164, -0.00954774
 0.000104168, -0.00954774
 0.000104172, -0.00904523
 0.000104176, -0.00904523
  0.00010418, -0.00904523
 0.000104184, -0.00904523
 0.000104188, -0.00854271
 0.000104192, -0.00854271
 0.000104196, -0.00904523
   0.0001042, -0.00854271
 0.000104204, -0.00854271
 0.000104208,  -0.0080402
 0.000104212,  -0.0080402
 0.000104216, -0.00854271
  0.00010422,  -0.0080402
 0.000104224, -0.00753769
 0.000104228, -0.00753769
 0.000104232, -0.00753769
 0.000104236, -0.00753769
  0.00010424, -0.00753769
 0.000104244, -0.00703518
 0.000104248, -0.00703518
 0.000104252, -0.00653266
 0.000104256, -0.00653266
  0.00010426, -0.00653266
 0.000104264, -0.00603015
 0.000104268, -0.00552764
 0.000104272, -0.00603015
 0.000104276, -0.00552764
  0.00010428, -0.00552764
 0.000104284, -0.00502513
 0.000104288, -0.00502513
 0.000104292, -0.00502513
 0.000104296, -0.00452261
   0.0001043, -0.00452261
 0.000104304,  -0.0040201
 0.000104308, -0.00351759
 0.000104312,  -0.0040201
 0.000104316, -0.00351759
  0.00010432, -0.00301508
 0.000104324, -0.00301508
 0.000104328, -0.00301508
 0.000104332, -0.00251256
 0.000104336, -0.00201005
  0.00010434, -0.00201005
 0.000104344, -0.00201005
 0.000104348, -0.00150754
 0.000104352, -0.00100503
 0.000104356, -0.00150754
  0.00010436,-0.000502513
 0.000104364,           0
 0.000104368,           0
 0.000104372,           0
 0.000104376, 0.000502513
  0.00010438,  0.00100503
 0.000104384,  0.00100503
 0.000104388,  0.00150754
 0.000104392,  0.00201005
 0.000104396,  0.00201005
   0.0001044,  0.00201005
 0.000104404,  0.00251256
 0.000104408,  0.00301508
 0.000104412,  0.00351759
 0.000104416,  0.00351759
  0.00010442,   0.0040201
 0.000104424,  0.00452261
 0.000104428,  0.00452261
 0.000104432,  0.00502513
 0.000104436,  0.00552764
  0.00010444,  0.00552764
 0.000104444,  0.00653266
 0.000104448,  0.00653266
 0.000104452,  0.00703518
 0.000104456,  0.00753769
  0.00010446,  0.00753769
 0.000104464,   0.0080402
 0.000104468,  0.00854271
 0.000104472,  0.00854271
 0.000104476,  0.00954774
  0.00010448,  0.00954774
 0.000104484,   0.0105528
 0.000104488,   0.0110553
 0.000104492,   0.0110553
 0.000104496,   0.0115578
   0.0001045,   0.0120603
 0.000104504,   0.0120603
 0.000104508,   0.0130653
 0.000104512,   0.0130653
 0.000104516,   0.0135678
  0.00010452,   0.0140704
 0.000104524,   0.0145729
 0.000104528,   0.0150754
 0.000104532,   0.0155779
 0.000104536,   0.0160804
  0.00010454,   0.0170854
 0.000104544,   0.0170854
 0.000104548,   0.0175879
 0.000104552,    0.018593
 0.000104556,    0.018593
  0.00010456,   0.0190955
 0.000104564,    0.019598
 0.000104568,    0.020603
 0.000104572,   0.0211055
 0.000104576,   0.0211055
  0.00010458,   0.0221106
 0.000104584,   0.0226131
 0.000104588,   0.0226131
 0.000104592,   0.0236181
 0.000104596,   0.0241206
   0.0001046,   0.0246231
 0.000104604,   0.0251256
 0.000104608,   0.0256281
 0.000104612,   0.0266332
 0.000104616,   0.0271357
  0.00010462,   0.0276382
 0.000104624,   0.0281407
 0.000104628,   0.0286432
 0.000104632,   0.0296482
 0.000104636,   0.0301508
  0.00010464,   0.0306533
 0.000104644,   0.0316583
 0.000104648,   0.0321608
 0.000104652,   0.0326633
 0.000104656,   0.0331658
  0.00010466,   0.0336683
 0.000104664,   0.0346734
 0.000104668,   0.0351759
 0.000104672,   0.0356784
 0.000104676,   0.0366834
  0.00010468,   0.0371859
 0.000104684,    0.038191
 0.000104688,   0.0386935
 0.000104692,    0.039196
 0.000104696,   0.0396985
   0.0001047,   0.0407035
 0.000104704,    0.041206
 0.000104708,   0.0422111
 0.000104712,   0.0427136
 0.000104716,   0.0437186
  0.00010472,   0.0442211
 0.000104724,   0.0447236
 0.000104728,   0.0457286
 0.000104732,   0.0467337
 0.000104736,   0.0467337
  0.00010474,   0.0477387
 0.000104744,   0.0487437
 0.000104748,   0.0492462
 0.000104752,   0.0497487
 0.000104756,   0.0502513
  0.00010476,   0.0512563
 0.000104764,   0.0522613
 0.000104768,   0.0527638
 0.000104772,   0.0537688
 0.000104776,   0.0542714
  0.00010478,   0.0552764
 0.000104784,   0.0562814
 0.000104788,   0.0567839
 0.000104792,   0.0572864
 0.000104796,   0.0577889
   0.0001048,    0.058794
 0.000104804,   0.0592965
 0.000104808,   0.0603015
 0.000104812,   0.0613065
 0.000104816,    0.061809
  0.00010482,    0.061809
 0.000104824,   0.0628141
 0.000104828,   0.0638191
 0.000104832,   0.0643216
 0.000104836,   0.0653266
  0.00010484,   0.0658291
 0.000104844,   0.0668342
 0.000104848,   0.0673367
 0.000104852,   0.0678392
 0.000104856,   0.0688442
  0.00010486,   0.0693467
 0.000104864,   0.0698492
 0.000104868,   0.0703518
 0.000104872,   0.0708543
 0.000104876,   0.0718593
  0.00010488,   0.0723618
 0.000104884,   0.0728643
 0.000104888,   0.0738693
 0.000104892,   0.0743719
 0.000104896,   0.0748744
   0.0001049,   0.0753769
 0.000104904,   0.0758794
 0.000104908,   0.0763819
 0.000104912,   0.0768844
 0.000104916,   0.0773869
  0.00010492,    0.078392
 0.000104924,   0.0788945
 0.000104928,    0.079397
 0.000104932,   0.0798995
 0.000104936,    0.080402
  0.00010494,   0.0809045
 0.000104944,    0.081407
 0.000104948,    0.081407
 0.000104952,   0.0824121
 0.000104956,   0.0824121
  0.00010496,   0.0829146
 0.000104964,   0.0839196
 0.000104968,   0.0834171
 0.000104972,   0.0844221
 0.000104976,   0.0844221
  0.00010498,   0.0849246
 0.000104984,   0.0854271
 0.000104988,   0.0854271
 0.000104992,   0.0859296
 0.000104996,   0.0859296
    0.000105,   0.0859296
 0.000105004,   0.0864322
 0.000105008,   0.0869347
 0.000105012,   0.0869347
 0.000105016,   0.0869347
  0.00010502,   0.0874372
 0.000105024,   0.0879397
 0.000105028,   0.0874372
 0.000105032,   0.0874372
 0.000105036,   0.0879397
  0.00010504,   0.0879397
 0.000105044,   0.0879397
 0.000105048,   0.0879397
 0.000105052,   0.0879397
 0.000105056,   0.0879397
  0.00010506,   0.0879397
 0.000105064,   0.0879397
 0.000105068,   0.0879397
 0.000105072,   0.0874372
 0.000105076,   0.0874372
  0.00010508,   0.0869347
 0.000105084,   0.0869347
 0.000105088,   0.0864322
 0.000105092,   0.0864322
 0.000105096,   0.0859296
   0.0001051,   0.0859296
 0.000105104,   0.0854271
 0.000105108,   0.0849246
 0.000105112,   0.0849246
 0.000105116,   0.0839196
  0.00010512,   0.0839196
 0.000105124,   0.0829146
 0.000105128,   0.0824121
 0.000105132,   0.0824121
 0.000105136,    0.081407
  0.00010514,   0.0809045
 0.000105144,    0.080402
 0.000105148,   0.0798995
 0.000105152,   0.0788945
 0.000105156,   0.0778894
  0.00010516,   0.0778894
 0.000105164,   0.0768844
 0.000105168,   0.0758794
 0.000105172,   0.0748744
 0.000105176,   0.0743719
  0.00010518,   0.0728643
 0.000105184,   0.0718593
 0.000105188,   0.0708543
 0.000105192,   0.0698492
 0.000105196,   0.0688442
   0.0001052,   0.0673367
 0.000105204,   0.0668342
 0.000105208,   0.0653266
 0.000105212,   0.0638191
 0.000105216,   0.0628141
  0.00010522,   0.0613065
 0.000105224,    0.059799
 0.000105228,   0.0582915
 0.000105232,   0.0567839
 0.000105236,   0.0557789
  0.00010524,   0.0542714
 0.000105244,   0.0527638
 0.000105248,   0.0512563
 0.000105252,   0.0487437
 0.000105256,   0.0477387
  0.00010526,   0.0457286
 0.000105264,   0.0442211
 0.000105268,   0.0422111
 0.000105272,    0.040201
 0.000105276,   0.0386935
  0.00010528,   0.0371859
 0.000105284,   0.0346734
 0.000105288,   0.0326633
 0.000105292,   0.0306533
 0.000105296,   0.0286432
   0.0001053,   0.0271357
 0.000105304,   0.0246231
 0.000105308,   0.0226131
 0.000105312,    0.020603
 0.000105316,    0.018593
  0.00010532,   0.0160804
 0.000105324,   0.0140704
 0.000105328,   0.0110553
 0.000105332,  0.00904523
 0.000105336,  0.00703518
  0.00010534,  0.00452261
 0.000105344,  0.00201005
 0.000105348, -0.00100503
 0.000105352, -0.00351759
 0.000105356, -0.00603015
  0.00010536, -0.00904523
 0.000105364,  -0.0115578
 0.000105368,  -0.0145729
 0.000105372,  -0.0170854
 0.000105376,  -0.0201005
  0.00010538,  -0.0226131
 0.000105384,  -0.0256281
 0.000105388,  -0.0286432
 0.000105392,  -0.0316583
 0.000105396,  -0.0341709
   0.0001054,  -0.0376884
 0.000105404,  -0.0407035
 0.000105408,  -0.0437186
 0.000105412,  -0.0472362
 0.000105416,  -0.0502513
  0.00010542,  -0.0537688
 0.000105424,  -0.0567839
 0.000105428,  -0.0603015
 0.000105432,  -0.0638191
 0.000105436,  -0.0673367
  0.00010544,  -0.0703518
 0.000105444,  -0.0743719
 0.000105448,  -0.0778894
 0.000105452,   -0.081407
 0.000105456,  -0.0844221
  0.00010546,  -0.0884422
 0.000105464,  -0.0924623
 0.000105468,  -0.0954774
 0.000105472,  -0.0994975
 0.000105476,   -0.103518
  0.00010548,   -0.107035
 0.000105484,   -0.111055
 0.000105488,   -0.115075
 0.000105492,   -0.119095
 0.000105496,   -0.123116
   0.0001055,   -0.126633
 0.000105504,   -0.131156
 0.000105508,   -0.135176
 0.000105512,   -0.139196
 0.000105516,   -0.143216
  0.00010552,   -0.147236
 0.000105524,   -0.151256
 0.000105528,   -0.155779
 0.000105532,   -0.159296
 0.000105536,   -0.163819
  0.00010554,   -0.167337
 0.000105544,   -0.171357
 0.000105548,   -0.175879
 0.000105552,   -0.179899
 0.000105556,   -0.184422
  0.00010556,   -0.188442
 0.000105564,   -0.192965
 0.000105568,   -0.197487
 0.000105572,   -0.201508
 0.000105576,    -0.20603
  0.00010558,    -0.21005
 0.000105584,   -0.214573
 0.000105588,   -0.219095
 0.000105592,   -0.223116
 0.000105596,   -0.227638
   0.0001056,   -0.232161
 0.000105604,   -0.236181
 0.000105608,   -0.240201
 0.000105612,   -0.244724
 0.000105616,   -0.249246
  0.00010562,   -0.253769
 0.000105624,   -0.257789
 0.000105628,   -0.261809
 0.000105632,   -0.266834
 0.000105636,   -0.270854
  0.00010564,   -0.274874
 0.000105644,   -0.279397
 0.000105648,   -0.283417
 0.000105652,    -0.28794
 0.000105656,    -0.29196
  0.00010566,    -0.29598
 0.000105664,   -0.300503
 0.000105668,   -0.304523
 0.000105672,   -0.309045
 0.000105676,   -0.313568
  0.00010568,   -0.317588
 0.000105684,   -0.321608
 0.000105688,   -0.325628
 0.000105692,   -0.329648
 0.000105696,   -0.334171
   0.0001057,   -0.337688
 0.000105704,   -0.342211
 0.000105708,   -0.345729
 0.000105712,   -0.349749
 0.000105716,   -0.354271
  0.00010572,   -0.357789
 0.000105724,   -0.361307
 0.000105728,   -0.365829
 0.000105732,   -0.369347
 0.000105736,   -0.372864
  0.00010574,   -0.376382
 0.000105744,   -0.380905
 0.000105748,   -0.384422
 0.000105752,   -0.387437
 0.000105756,   -0.391457
  0.00010576,   -0.395477
 0.000105764,   -0.398492
 0.000105768,    -0.40201
 0.000105772,    -0.40603
 0.000105776,   -0.409045
  0.00010578,   -0.412563
 0.000105784,    -0.41608
 0.000105788,   -0.419598
 0.000105792,   -0.422613
 0.000105796,   -0.425628
   0.0001058,   -0.429146
 0.000105804,   -0.432161
 0.000105808,   -0.435176
 0.000105812,   -0.437688
 0.000105816,   -0.440704
  0.00010582,   -0.443719
 0.000105824,   -0.446231
 0.000105828,   -0.448744
 0.000105832,   -0.451759
 0.000105836,   -0.453769
  0.00010584,   -0.456281
 0.000105844,   -0.458794
 0.000105848,   -0.461307
 0.000105852,   -0.463317
 0.000105856,   -0.465829
  0.00010586,   -0.467839
 0.000105864,   -0.470352
 0.000105868,   -0.471859
 0.000105872,   -0.473367
 0.000105876,   -0.475879
  0.00010588,   -0.477387
 0.000105884,   -0.479397
 0.000105888,   -0.480905
 0.000105892,   -0.482412
 0.000105896,    -0.48392
   0.0001059,   -0.485427
 0.000105904,   -0.486935
 0.000105908,   -0.488442
 0.000105912,   -0.488945
 0.000105916,   -0.490452
  0.00010592,   -0.491457
 0.000105924,    -0.49196
 0.000105928,   -0.493467
 0.000105932,    -0.49397
 0.000105936,   -0.494472
  0.00010594,   -0.494975
 0.000105944,   -0.495477
 0.000105948,   -0.496482
 0.000105952,   -0.496482
 0.000105956,   -0.496482
  0.00010596,   -0.496985
 0.000105964,   -0.496482
 0.000105968,   -0.496482
 0.000105972,   -0.496482
 0.000105976,    -0.49598
  0.00010598,    -0.49598
 0.000105984,   -0.494975
 0.000105988,   -0.494472
 0.000105992,    -0.49397
 0.000105996,   -0.492965
    0.000106,    -0.49196
 0.000106004,   -0.490955
 0.000106008,    -0.48995
 0.000106012,   -0.489447
 0.000106016,   -0.487437
  0.00010602,    -0.48593
 0.000106024,   -0.484925
 0.000106028,   -0.483417
 0.000106032,   -0.481407
 0.000106036,   -0.479397
  0.00010604,   -0.477889
 0.000106044,   -0.475879
 0.000106048,   -0.473869
 0.000106052,   -0.471357
 0.000106056,   -0.469347
  0.00010606,   -0.466834
 0.000106064,   -0.464322
 0.000106068,   -0.461809
 0.000106072,   -0.459296
 0.000106076,   -0.456281
  0.00010608,   -0.453266
 0.000106084,   -0.450251
 0.000106088,   -0.447739
 0.000106092,   -0.444221
 0.000106096,   -0.440704
   0.0001061,   -0.437186
 0.000106104,   -0.433668
 0.000106108,   -0.430151
 0.000106112,   -0.426131
 0.000106116,   -0.422613
  0.00010612,   -0.419095
 0.000106124,   -0.414573
 0.000106128,   -0.410553
 0.000106132,   -0.406533
 0.000106136,    -0.40201
  0.00010614,   -0.396985
 0.000106144,   -0.392462
 0.000106148,   -0.388442
 0.000106152,   -0.383417
 0.000106156,   -0.378392
  0.00010616,   -0.373869
 0.000106164,   -0.368342
 0.000106168,   -0.363317
 0.000106172,   -0.357789
 0.000106176,   -0.352261
  0.00010618,   -0.346734
 0.000106184,   -0.341206
 0.000106188,   -0.335678
 0.000106192,   -0.330151
 0.000106196,   -0.324121
   0.0001062,   -0.318593
 0.000106204,   -0.312563
 0.000106208,    -0.30603
 0.000106212,        -0.3
 0.000106216,   -0.293467
  0.00010622,   -0.286935
 0.000106224,   -0.280905
 0.000106228,   -0.274372
 0.000106232,   -0.267839
 0.000106236,   -0.260804
  0.00010624,   -0.254271
 0.000106244,   -0.247236
 0.000106248,   -0.240201
 0.000106252,   -0.233166
 0.000106256,   -0.226131
  0.00010626,   -0.218593
 0.000106264,   -0.211055
 0.000106268,    -0.20402
 0.000106272,    -0.19598
 0.000106276,   -0.188945
  0.00010628,   -0.180905
 0.000106284,   -0.172864
 0.000106288,   -0.165327
 0.000106292,   -0.157286
 0.000106296,   -0.149749
   0.0001063,   -0.141709
 0.000106304,   -0.133668
 0.000106308,   -0.125628
 0.000106312,   -0.117085
 0.000106316,   -0.108543
  0.00010632,   -0.100503
 0.000106324,  -0.0919598
 0.000106328,  -0.0844221
 0.000106332,  -0.0758794
 0.000106336,  -0.0673367
  0.00010634,   -0.058794
 0.000106344,  -0.0502513
 0.000106348,  -0.0417085
 0.000106352,  -0.0336683
 0.000106356,  -0.0251256
  0.00010636,  -0.0165829
 0.000106364,  -0.0080402
 0.000106368, 0.000502513
 0.000106372,  0.00904523
 0.000106376,   0.0180905
  0.00010638,   0.0261307
 0.000106384,   0.0351759
 0.000106388,   0.0447236
 0.000106392,   0.0532663
 0.000106396,   0.0623116
   0.0001064,   0.0713568
 0.000106404,   0.0809045
 0.000106408,   0.0899497
 0.000106412,    0.098995
 0.000106416,     0.10804
  0.00010642,    0.117085
 0.000106424,    0.126131
 0.000106428,    0.135176
 0.000106432,    0.143719
 0.000106436,    0.152764
  0.00010644,    0.162312
 0.000106444,    0.171357
 0.000106448,    0.180402
 0.000106452,    0.189447
 0.000106456,    0.198995
  0.00010646,     0.20804
 0.000106464,    0.217588
 0.000106468,    0.226633
 0.000106472,    0.235678
 0.000106476,    0.244724
  0.00010648,    0.253769
 0.000106484,    0.263317
 0.000106488,    0.271859
 0.000106492,    0.281407
 0.000106496,     0.28995
   0.0001065,    0.298995
 0.000106504,     0.30804
 0.000106508,    0.317085
 0.000106512,    0.326131
 0.000106516,    0.334673
  0.00010652,    0.343216
 0.000106524,    0.352261
 0.000106528,    0.360804
 0.000106532,    0.369347
 0.000106536,    0.378392
  0.00010654,    0.386935
 0.000106544,    0.394975
 0.000106548,    0.403518
 0.000106552,     0.41206
 0.000106556,    0.420603
  0.00010656,    0.428643
 0.000106564,    0.436683
 0.000106568,    0.445226
 0.000106572,    0.453266
 0.000106576,    0.460804
  0.00010658,    0.469347
 0.000106584,    0.477387
 0.000106588,    0.485427
 0.000106592,    0.492965
 0.000106596,    0.501005
   0.0001066,    0.509045
 0.000106604,     0.51608
 0.000106608,    0.523618
 0.000106612,    0.531156
 0.000106616,    0.538693
  0.00010662,    0.546231
 0.000106624,    0.553266
 0.000106628,    0.561307
 0.000106632,    0.568342
 0.000106636,    0.574874
  0.00010664,     0.58191
 0.000106644,    0.588442
 0.000106648,    0.594975
 0.000106652,    0.601508
 0.000106656,    0.607538
  0.00010666,    0.614573
 0.000106664,    0.620603
 0.000106668,    0.626633
 0.000106672,    0.633166
 0.000106676,    0.638693
  0.00010668,    0.644221
 0.000106684,    0.650251
 0.000106688,    0.656281
 0.000106692,    0.661809
 0.000106696,    0.666834
   0.0001067,    0.672362
 0.000106704,    0.677889
 0.000106708,    0.682915
 0.000106712,     0.68794
 0.000106716,    0.692965
  0.00010672,    0.697487
 0.000106724,     0.70201
 0.000106728,    0.706533
 0.000106732,    0.711055
 0.000106736,    0.715578
  0.00010674,    0.719598
 0.000106744,    0.723618
 0.000106748,    0.728141
 0.000106752,    0.731658
 0.000106756,    0.735678
  0.00010676,    0.738693
 0.000106764,    0.742211
 0.000106768,    0.745729
 0.000106772,    0.748744
 0.000106776,    0.751759
  0.00010678,    0.754774
 0.000106784,    0.757789
 0.000106788,    0.760804
 0.000106792,    0.763317
 0.000106796,    0.765829
   0.0001068,    0.768342
 0.000106804,    0.770352
 0.000106808,    0.772362
 0.000106812,    0.774874
 0.000106816,    0.776382
  0.00010682,    0.777889
 0.000106824,    0.779397
 0.000106828,    0.780905
 0.000106832,    0.782412
 0.000106836,    0.782915
  0.00010684,    0.784422
 0.000106844,    0.785427
 0.000106848,     0.78593
 0.000106852,    0.786432
 0.000106856,    0.786432
  0.00010686,    0.786935
 0.000106864,    0.787437
 0.000106868,    0.786935
 0.000106872,    0.786935
 0.000106876,    0.786935
  0.00010688,    0.786432
 0.000106884,     0.78593
 0.000106888,    0.784925
 0.000106892,    0.784925
 0.000106896,     0.78392
   0.0001069,    0.782412
 0.000106904,    0.781407
 0.000106908,    0.780402
 0.000106912,    0.778894
 0.000106916,    0.777387
  0.00010692,    0.775377
 0.000106924,    0.773869
 0.000106928,    0.771859
 0.000106932,    0.769347
 0.000106936,    0.767839
  0.00010694,    0.765327
 0.000106944,    0.762312
 0.000106948,    0.759799
 0.000106952,    0.757286
 0.000106956,    0.754774
  0.00010696,    0.751256
 0.000106964,    0.748241
 0.000106968,    0.744724
 0.000106972,    0.741206
 0.000106976,    0.738191
  0.00010698,    0.734171
 0.000106984,    0.730653
 0.000106988,    0.726633
 0.000106992,    0.722613
 0.000106996,     0.71809
    0.000107,    0.714573
 0.000107004,     0.71005
 0.000107008,    0.705528
 0.000107012,    0.701005
 0.000107016,    0.696482
  0.00010702,    0.691457
 0.000107024,    0.686432
 0.000107028,    0.681407
 0.000107032,    0.676884
 0.000107036,    0.671357
  0.00010704,    0.665829
 0.000107044,    0.660804
 0.000107048,    0.655276
 0.000107052,    0.649749
 0.000107056,    0.643216
  0.00010706,    0.637688
 0.000107064,    0.632161
 0.000107068,    0.625126
 0.000107072,    0.619095
 0.000107076,    0.613065
  0.00010708,    0.606533
 0.000107084,    0.599497
 0.000107088,    0.592965
 0.000107092,     0.58593
 0.000107096,    0.579397
   0.0001071,    0.572362
 0.000107104,    0.565829
 0.000107108,    0.558794
 0.000107112,    0.551256
 0.000107116,    0.544221
  0.00010712,    0.536683
 0.000107124,    0.529146
 0.000107128,    0.522111
 0.000107132,     0.51407
 0.000107136,    0.506533
  0.00010714,    0.498995
 0.000107144,    0.491457
 0.000107148,    0.483417
 0.000107152,    0.474874
 0.000107156,    0.466834
  0.00010716,    0.458794
 0.000107164,    0.450754
 0.000107168,    0.442714
 0.000107172,    0.434171
 0.000107176,    0.426131
  0.00010718,     0.41809
 0.000107184,    0.409548
 0.000107188,    0.401005
 0.000107192,    0.392462
 0.000107196,     0.38392
   0.0001072,    0.375377
 0.000107204,    0.367337
 0.000107208,    0.358291
 0.000107212,    0.349246
 0.000107216,    0.340704
  0.00010722,    0.332161
 0.000107224,    0.323116
 0.000107228,    0.314573
 0.000107232,    0.305528
 0.000107236,    0.296985
  0.00010724,     0.28794
 0.000107244,    0.278392
 0.000107248,    0.269347
 0.000107252,    0.260302
 0.000107256,    0.251256
  0.00010726,    0.241709
 0.000107264,    0.233166
 0.000107268,    0.224121
 0.000107272,    0.214573
 0.000107276,    0.205025
  0.00010728,     0.19598
 0.000107284,    0.186935
 0.000107288,    0.177387
 0.000107292,    0.168342
 0.000107296,    0.159296
   0.0001073,    0.150251
 0.000107304,    0.141206
 0.000107308,    0.132161
 0.000107312,    0.123116
 0.000107316,     0.11407
  0.00010732,    0.104523
 0.000107324,   0.0954774
 0.000107328,   0.0864322
 0.000107332,   0.0768844
 0.000107336,   0.0683417
  0.00010734,   0.0592965
 0.000107344,   0.0502513
 0.000107348,    0.041206
 0.000107352,   0.0321608
 0.000107356,   0.0236181
  0.00010736,   0.0150754
 0.000107364,  0.00653266
 0.000107368, -0.00201005
 0.000107372,  -0.0110553
 0.000107376,  -0.0201005
  0.00010738,  -0.0281407
 0.000107384,  -0.0366834
 0.000107388,  -0.0457286
 0.000107392,  -0.0542714
 0.000107396,  -0.0628141
   0.0001074,  -0.0718593
 0.000107404,   -0.080402
 0.000107408,  -0.0884422
 0.000107412,  -0.0964824
 0.000107416,   -0.105528
  0.00010742,   -0.113568
 0.000107424,   -0.122111
 0.000107428,   -0.131156
 0.000107432,   -0.139196
 0.000107436,   -0.147739
  0.00010744,   -0.155276
 0.000107444,   -0.163317
 0.000107448,   -0.171357
 0.000107452,   -0.179397
 0.000107456,   -0.186935
  0.00010746,   -0.194975
 0.000107464,   -0.202513
 0.000107468,   -0.210553
 0.000107472,    -0.21809
 0.000107476,   -0.225126
  0.00010748,   -0.233166
 0.000107484,   -0.240201
 0.000107488,   -0.247236
 0.000107492,   -0.254774
 0.000107496,   -0.261809
   0.0001075,   -0.268844
 0.000107504,   -0.275377
 0.000107508,   -0.282412
 0.000107512,   -0.289447
 0.000107516,   -0.295477
  0.00010752,    -0.30201
 0.000107524,   -0.309045
 0.000107528,   -0.315075
 0.000107532,   -0.321608
 0.000107536,   -0.327638
  0.00010754,   -0.333668
 0.000107544,   -0.340201
 0.000107548,   -0.345729
 0.000107552,   -0.351759
 0.000107556,   -0.357286
  0.00010756,   -0.362814
 0.000107564,   -0.368844
 0.000107568,   -0.373869
 0.000107572,   -0.379397
 0.000107576,   -0.384422
  0.00010758,   -0.389447
 0.000107584,   -0.394975
 0.000107588,        -0.4
 0.000107592,   -0.405025
 0.000107596,   -0.409548
   0.0001076,   -0.414573
 0.000107604,   -0.419598
 0.000107608,   -0.424121
 0.000107612,   -0.428141
 0.000107616,   -0.433166
  0.00010762,   -0.437186
 0.000107624,   -0.441206
 0.000107628,   -0.445226
 0.000107632,   -0.449246
 0.000107636,   -0.453266
  0.00010764,   -0.456281
 0.000107644,   -0.459799
 0.000107648,   -0.463819
 0.000107652,   -0.466834
 0.000107656,   -0.469849
  0.00010766,   -0.473367
 0.000107664,   -0.476884
 0.000107668,   -0.479397
 0.000107672,   -0.482412
 0.000107676,   -0.485427
  0.00010768,   -0.488442
 0.000107684,   -0.490955
 0.000107688,   -0.493467
 0.000107692,    -0.49598
 0.000107696,    -0.49799
   0.0001077,   -0.500503
 0.000107704,   -0.503015
 0.000107708,   -0.504523
 0.000107712,   -0.506533
 0.000107716,   -0.508543
  0.00010772,    -0.51005
 0.000107724,    -0.51206
 0.000107728,   -0.513065
 0.000107732,   -0.514573
 0.000107736,    -0.51608
  0.00010774,   -0.517085
 0.000107744,   -0.518593
 0.000107748,   -0.519095
 0.000107752,     -0.5201
 0.000107756,   -0.521106
  0.00010776,   -0.521608
 0.000107764,   -0.522613
 0.000107768,   -0.523116
 0.000107772,   -0.523116
 0.000107776,   -0.524121
  0.00010778,   -0.524121
 0.000107784,   -0.524121
 0.000107788,   -0.524623
 0.000107792,   -0.524623
 0.000107796,   -0.524623
   0.0001078,   -0.524121
 0.000107804,   -0.524121
 0.000107808,   -0.524121
 0.000107812,   -0.523116
 0.000107816,   -0.522613
  0.00010782,   -0.522111
 0.000107824,   -0.521106
 0.000107828,   -0.520603
 0.000107832,   -0.519598
 0.000107836,   -0.518593
  0.00010784,   -0.517588
 0.000107844,   -0.516583
 0.000107848,   -0.515578
 0.000107852,    -0.51407
 0.000107856,   -0.512563
  0.00010786,   -0.511558
 0.000107864,    -0.51005
 0.000107868,   -0.508543
 0.000107872,   -0.506533
 0.000107876,   -0.505025
  0.00010788,   -0.503015
 0.000107884,   -0.501508
 0.000107888,   -0.499497
 0.000107892,   -0.497487
 0.000107896,   -0.494975
   0.0001079,   -0.492965
 0.000107904,   -0.490955
 0.000107908,   -0.488442
 0.000107912,    -0.48593
 0.000107916,    -0.48392
  0.00010792,   -0.481407
 0.000107924,   -0.478392
 0.000107928,   -0.476382
 0.000107932,   -0.473869
 0.000107936,   -0.470854
  0.00010794,   -0.467839
 0.000107944,   -0.465829
 0.000107948,   -0.462814
 0.000107952,   -0.459296
 0.000107956,   -0.456784
  0.00010796,   -0.453769
 0.000107964,   -0.450754
 0.000107968,   -0.447739
 0.000107972,   -0.444724
 0.000107976,   -0.441709
  0.00010798,   -0.438191
 0.000107984,   -0.434673
 0.000107988,   -0.431658
 0.000107992,   -0.428141
 0.000107996,   -0.424623
    0.000108,   -0.421608
 0.000108004,    -0.41809
 0.000108008,   -0.414573
 0.000108012,   -0.410553
 0.000108016,   -0.407035
  0.00010802,    -0.40402
 0.000108024,        -0.4
 0.000108028,   -0.396482
 0.000108032,   -0.392965
 0.000108036,   -0.388945
  0.00010804,   -0.385427
 0.000108044,    -0.38191
 0.000108048,   -0.377889
 0.000108052,   -0.373869
 0.000108056,   -0.370352
  0.00010806,   -0.366332
 0.000108064,   -0.362312
 0.000108068,   -0.358794
 0.000108072,   -0.354774
 0.000108076,   -0.350754
  0.00010808,   -0.346231
 0.000108084,   -0.342714
 0.000108088,   -0.338693
 0.000108092,   -0.334673
 0.000108096,   -0.330653
   0.0001081,   -0.327136
 0.000108104,   -0.323116
 0.000108108,   -0.319095
 0.000108112,   -0.315075
 0.000108116,   -0.311055
  0.00010812,   -0.307035
 0.000108124,   -0.303015
 0.000108128,   -0.298995
 0.000108132,   -0.294975
 0.000108136,   -0.290955
  0.00010814,   -0.286935
 0.000108144,   -0.282915
 0.000108148,   -0.278894
 0.000108152,   -0.274874
 0.000108156,   -0.270854
  0.00010816,   -0.266834
 0.000108164,   -0.262814
 0.000108168,   -0.258794
 0.000108172,   -0.254774
 0.000108176,   -0.250754
  0.00010818,   -0.246734
 0.000108184,   -0.243216
 0.000108188,   -0.239196
 0.000108192,   -0.234673
 0.000108196,   -0.231156
   0.0001082,   -0.227136
 0.000108204,   -0.223116
 0.000108208,   -0.219598
 0.000108212,   -0.215578
 0.000108216,   -0.211558
  0.00010822,   -0.207538
 0.000108224,    -0.20402
 0.000108228,        -0.2
 0.000108232,    -0.19598
 0.000108236,   -0.192462
  0.00010824,   -0.188945
 0.000108244,   -0.184925
 0.000108248,   -0.180905
 0.000108252,   -0.177387
 0.000108256,   -0.173869
  0.00010826,   -0.170854
 0.000108264,   -0.166834
 0.000108268,   -0.162814
 0.000108272,   -0.159799
 0.000108276,   -0.156784
  0.00010828,   -0.152764
 0.000108284,   -0.149246
 0.000108288,   -0.146231
 0.000108292,   -0.142714
 0.000108296,   -0.139196
   0.0001083,   -0.136181
 0.000108304,   -0.133166
 0.000108308,   -0.129146
 0.000108312,   -0.125628
 0.000108316,   -0.123116
  0.00010832,   -0.119598
 0.000108324,    -0.11608
 0.000108328,   -0.113065
 0.000108332,    -0.11005
 0.000108336,   -0.107035
  0.00010834,    -0.10402
 0.000108344,   -0.101005
 0.000108348,  -0.0979899
 0.000108352,  -0.0949749
 0.000108356,  -0.0924623
  0.00010836,  -0.0894472
 0.000108364,  -0.0864322
 0.000108368,  -0.0844221
 0.000108372,   -0.081407
 0.000108376,  -0.0788945
  0.00010838,  -0.0763819
 0.000108384,  -0.0738693
 0.000108388,  -0.0713568
 0.000108392,  -0.0683417
 0.000108396,  -0.0658291
   0.0001084,  -0.0638191
 0.000108404,  -0.0613065
 0.000108408,   -0.058794
 0.000108412,  -0.0562814
 0.000108416,  -0.0542714
  0.00010842,  -0.0522613
 0.000108424,  -0.0497487
 0.000108428,  -0.0477387
 0.000108432,  -0.0457286
 0.000108436,  -0.0427136
  0.00010844,   -0.041206
 0.000108444,   -0.039196
 0.000108448,  -0.0371859
 0.000108452,  -0.0351759
 0.000108456,  -0.0331658
  0.00010846,  -0.0311558
 0.000108464,  -0.0296482
 0.000108468,  -0.0276382
 0.000108472,  -0.0261307
 0.000108476,  -0.0241206
  0.00010848,  -0.0226131
 0.000108484,   -0.020603
 0.000108488,  -0.0190955
 0.000108492,  -0.0180905
 0.000108496,  -0.0160804
   0.0001085,  -0.0145729
 0.000108504,  -0.0130653
 0.000108508,  -0.0120603
 0.000108512,  -0.0100503
 0.000108516, -0.00904523
  0.00010852, -0.00753769
 0.000108524, -0.00603015
 0.000108528, -0.00502513
 0.000108532, -0.00351759
 0.000108536, -0.00251256
  0.00010854, -0.00100503
 0.000108544,           0
 0.000108548,  0.00100503
 0.000108552,  0.00251256
 0.000108556,  0.00301508
  0.00010856,  0.00452261
 0.000108564,  0.00552764
 0.000108568,  0.00603015
 0.000108572,  0.00753769
 0.000108576,   0.0080402
  0.00010858,  0.00904523
 0.000108584,   0.0100503
 0.000108588,   0.0110553
 0.000108592,   0.0115578
 0.000108596,   0.0125628
   0.0001086,   0.0130653
 0.000108604,   0.0140704
 0.000108608,   0.0145729
 0.000108612,   0.0155779
 0.000108616,   0.0160804
  0.00010862,   0.0160804
 0.000108624,   0.0170854
 0.000108628,   0.0180905
 0.000108632,    0.018593
 0.000108636,   0.0190955
  0.00010864,    0.019598
 0.000108644,   0.0201005
 0.000108648,    0.020603
 0.000108652,    0.020603
 0.000108656,   0.0211055
  0.00010866,    0.021608
 0.000108664,   0.0221106
 0.000108668,   0.0226131
 0.000108672,   0.0231156
 0.000108676,   0.0231156
  0.00010868,   0.0236181
 0.000108684,   0.0236181
 0.000108688,   0.0241206
 0.000108692,   0.0246231
 0.000108696,   0.0246231
   0.0001087,   0.0246231
 0.000108704,   0.0251256
 0.000108708,   0.0256281
 0.000108712,   0.0256281
 0.000108716,   0.0256281
  0.00010872,   0.0256281
 0.000108724,   0.0256281
 0.000108728,   0.0261307
 0.000108732,   0.0261307
 0.000108736,   0.0261307
  0.00010874,   0.0266332
 0.000108744,   0.0261307
 0.000108748,   0.0266332
 0.000108752,   0.0266332
 0.000108756,   0.0266332
  0.00010876,   0.0261307
 0.000108764,   0.0266332
 0.000108768,   0.0266332
 0.000108772,   0.0266332
 0.000108776,   0.0266332
  0.00010878,   0.0261307
 0.000108784,   0.0261307
 0.000108788,   0.0261307
 0.000108792,   0.0261307
 0.000108796,   0.0261307
   0.0001088,   0.0261307
 0.000108804,   0.0261307
 0.000108808,   0.0256281
 0.000108812,   0.0261307
 0.000108816,   0.0261307
  0.00010882,   0.0256281
 0.000108824,   0.0256281
 0.000108828,   0.0256281
 0.000108832,   0.0256281
 0.000108836,   0.0251256
  0.00010884,   0.0251256
 0.000108844,   0.0251256
 0.000108848,   0.0251256
 0.000108852,   0.0246231
 0.000108856,   0.0246231
  0.00010886,   0.0246231
 0.000108864,   0.0241206
 0.000108868,   0.0241206
 0.000108872,   0.0236181
 0.000108876,   0.0236181
  0.00010888,   0.0236181
 0.000108884,   0.0231156
 0.000108888,   0.0231156
 0.000108892,   0.0231156
 0.000108896,   0.0226131
   0.0001089,   0.0226131
 0.000108904,   0.0226131
 0.000108908,   0.0221106
 0.000108912,   0.0221106
 0.000108916,    0.021608
  0.00010892,    0.021608
 0.000108924,    0.021608
 0.000108928,   0.0211055
 0.000108932,   0.0211055
 0.000108936,    0.020603
  0.00010894,    0.020603
 0.000108944,    0.020603
 0.000108948,   0.0201005
 0.000108952,    0.019598
 0.000108956,    0.019598
  0.00010896,    0.019598
 0.000108964,    0.019598
 0.000108968,   0.0190955
 0.000108972,    0.018593
 0.000108976,    0.018593
  0.00010898,    0.018593
 0.000108984,    0.018593
 0.000108988,   0.0180905
 0.000108992,   0.0175879
 0.000108996,   0.0175879
    0.000109,   0.0175879
 0.000109004,   0.0175879
 0.000109008,   0.0170854
 0.000109012,   0.0170854
 0.000109016,   0.0170854
  0.00010902,   0.0165829
 0.000109024,   0.0165829
 0.000109028,   0.0160804
 0.000109032,   0.0160804
 0.000109036,   0.0160804
  0.00010904,   0.0155779
 0.000109044,   0.0155779
 0.000109048,   0.0155779
 0.000109052,   0.0155779
 0.000109056,   0.0150754
  0.00010906,   0.0150754
 0.000109064,   0.0150754
 0.000109068,   0.0150754
 0.000109072,   0.0145729
 0.000109076,   0.0145729
  0.00010908,   0.0145729
 0.000109084,   0.0145729
 0.000109088,   0.0140704
 0.000109092,   0.0140704
 0.000109096,   0.0140704
   0.0001091,   0.0135678
 0.000109104,   0.0135678
 0.000109108,   0.0135678
 0.000109112,   0.0135678
 0.000109116,   0.0130653
  0.00010912,   0.0130653
 0.000109124,   0.0130653
 0.000109128,   0.0130653
 0.000109132,   0.0125628
 0.000109136,   0.0125628
  0.00010914,   0.0125628
 0.000109144,   0.0125628
 0.000109148,   0.0125628
 0.000109152,   0.0125628
 0.000109156,   0.0125628
  0.00010916,   0.0125628
 0.000109164,   0.0120603
 0.000109168,   0.0115578
 0.000109172,   0.0120603
 0.000109176,   0.0120603
  0.00010918,   0.0115578
 0.000109184,   0.0120603
 0.000109188,   0.0120603
 0.000109192,   0.0115578
 0.000109196,   0.0115578
   0.0001092,   0.0115578
 0.000109204,   0.0120603
 0.000109208,   0.0115578
 0.000109212,   0.0115578
 0.000109216,   0.0115578
  0.00010922,   0.0115578
 0.000109224,   0.0115578
 0.000109228,   0.0115578
 0.000109232,   0.0115578
 0.000109236,   0.0115578
  0.00010924,   0.0115578
 0.000109244,   0.0115578
 0.000109248,   0.0115578
 0.000109252,   0.0110553
 0.000109256,   0.0110553
  0.00010926,   0.0115578
 0.000109264,   0.0115578
 0.000109268,   0.0110553
 0.000109272,   0.0115578
 0.000109276,   0.0110553
  0.00010928,   0.0115578
 0.000109284,   0.0115578
 0.000109288,   0.0110553
 0.000109292,   0.0115578
 0.000109296,   0.0110553
   0.0001093,   0.0115578
 0.000109304,   0.0115578
 0.000109308,   0.0115578
 0.000109312,   0.0115578
 0.000109316,   0.0115578
  0.00010932,   0.0115578
 0.000109324,   0.0115578
 0.000109328,   0.0115578
 0.000109332,   0.0115578
 0.000109336,   0.0115578
  0.00010934,   0.0115578
 0.000109344,   0.0115578
 0.000109348,   0.0115578
 0.000109352,   0.0115578
 0.000109356,   0.0115578
  0.00010936,   0.0120603
 0.000109364,   0.0120603
 0.000109368,   0.0115578
 0.000109372,   0.0115578
 0.000109376,   0.0120603
  0.00010938,   0.0120603
 0.000109384,   0.0120603
 0.000109388,   0.0120603
 0.000109392,   0.0120603
 0.000109396,   0.0120603
   0.0001094,   0.0120603
 0.000109404,   0.0125628
 0.000109408,   0.0125628
 0.000109412,   0.0120603
 0.000109416,   0.0125628
  0.00010942,   0.0130653
 0.000109424,   0.0125628
 0.000109428,   0.0125628
 0.000109432,   0.0125628
 0.000109436,   0.0130653
  0.00010944,   0.0130653
 0.000109444,   0.0130653
 0.000109448,   0.0130653
 0.000109452,   0.0130653
 0.000109456,   0.0135678
  0.00010946,   0.0135678
 0.000109464,   0.0135678
 0.000109468,   0.0135678
 0.000109472,   0.0135678
 0.000109476,   0.0135678
  0.00010948,   0.0135678
 0.000109484,   0.0140704
 0.000109488,   0.0140704
 0.000109492,   0.0140704
 0.000109496,   0.0140704
   0.0001095,   0.0140704
 0.000109504,   0.0145729
 0.000109508,   0.0140704
 0.000109512,   0.0145729
 0.000109516,   0.0145729
  0.00010952,   0.0145729
 0.000109524,   0.0145729
 0.000109528,   0.0145729
 0.000109532,   0.0150754
 0.000109536,   0.0150754
  0.00010954,   0.0150754
 0.000109544,   0.0155779
 0.000109548,   0.0155779
 0.000109552,   0.0155779
 0.000109556,   0.0155779
  0.00010956,   0.0155779
 0.000109564,   0.0160804
 0.000109568,   0.0155779
 0.000109572,   0.0160804
 0.000109576,   0.0160804
  0.00010958,   0.0160804
 0.000109584,   0.0160804
 0.000109588,   0.0165829
 0.000109592,   0.0160804
 0.000109596,   0.0165829
   0.0001096,   0.0165829
 0.000109604,   0.0165829
 0.000109608,   0.0170854
 0.000109612,   0.0170854
 0.000109616,   0.0170854
  0.00010962,   0.0170854
 0.000109624,   0.0170854
 0.000109628,   0.0175879
 0.000109632,   0.0175879
 0.000109636,   0.0175879
  0.00010964,   0.0175879
 0.000109644,   0.0180905
 0.000109648,   0.0180905
 0.000109652,   0.0180905
 0.000109656,   0.0180905
  0.00010966,   0.0180905
 0.000109664,   0.0180905
 0.000109668,    0.018593
 0.000109672,    0.018593
 0.000109676,   0.0190955
  0.00010968,    0.018593
 0.000109684,   0.0190955
 0.000109688,   0.0190955
 0.000109692,   0.0190955
 0.000109696,   0.0190955
   0.0001097,   0.0190955
 0.000109704,    0.019598
 0.000109708,    0.019598
 0.000109712,    0.019598
 0.000109716,   0.0201005
  0.00010972,   0.0201005
 0.000109724,   0.0201005
 0.000109728,   0.0201005
 0.000109732,   0.0201005
 0.000109736,    0.020603
  0.00010974,    0.020603
 0.000109744,    0.020603
 0.000109748,    0.020603
 0.000109752,    0.020603
 0.000109756,   0.0211055
  0.00010976,   0.0211055
 0.000109764,   0.0211055
 0.000109768,   0.0211055
 0.000109772,   0.0211055
 0.000109776,   0.0211055
  0.00010978,    0.021608
 0.000109784,   0.0211055
 0.000109788,    0.021608
 0.000109792,    0.021608
 0.000109796,   0.0221106
   0.0001098,   0.0221106
 0.000109804,    0.021608
 0.000109808,   0.0221106
 0.000109812,   0.0221106
 0.000109816,   0.0221106
  0.00010982,   0.0221106
 0.000109824,   0.0221106
 0.000109828,   0.0226131
 0.000109832,   0.0226131
 0.000109836,   0.0226131
  0.00010984,   0.0226131
 0.000109844,   0.0231156
 0.000109848,   0.0226131
 0.000109852,   0.0231156
 0.000109856,   0.0231156
  0.00010986,   0.0231156
 0.000109864,   0.0226131
 0.000109868,   0.0231156
 0.000109872,   0.0236181
 0.000109876,   0.0231156
  0.00010988,   0.0236181
 0.000109884,   0.0231156
 0.000109888,   0.0236181
 0.000109892,   0.0236181
 0.000109896,   0.0236181
   0.0001099,   0.0236181
 0.000109904,   0.0236181
 0.000109908,   0.0241206
 0.000109912,   0.0241206
 0.000109916,   0.0241206
  0.00010992,   0.0241206
 0.000109924,   0.0241206
 0.000109928,   0.0241206
 0.000109932,   0.0241206
 0.000109936,   0.0246231
  0.00010994,   0.0246231
 0.000109944,   0.0246231
 0.000109948,   0.0246231
 0.000109952,   0.0246231
 0.000109956,   0.0246231
  0.00010996,   0.0246231
 0.000109964,   0.0246231
 0.000109968,   0.0246231
 0.000109972,   0.0246231
 0.000109976,   0.0246231
  0.00010998,   0.0251256
 0.000109984,   0.0251256
 0.000109988,   0.0251256
 0.000109992,   0.0246231
 0.000109996,   0.0251256
     0.00011,   0.0251256
 0.000110004,   0.0251256
 0.000110008,   0.0251256
 0.000110012,   0.0251256
 0.000110016,   0.0251256
  0.00011002,   0.0251256
 0.000110024,   0.0251256
 0.000110028,   0.0251256
 0.000110032,   0.0251256
 0.000110036,   0.0251256
  0.00011004,   0.0256281
 0.000110044,   0.0251256
 0.000110048,   0.0251256
 0.000110052,   0.0251256
 0.000110056,   0.0251256
  0.00011006,   0.0256281
 0.000110064,   0.0251256
 0.000110068,   0.0251256
 0.000110072,   0.0251256
 0.000110076,   0.0256281
  0.00011008,   0.0256281
 0.000110084,   0.0251256
 0.000110088,   0.0251256
 0.000110092,   0.0251256
 0.000110096,   0.0256281
   0.0001101,   0.0251256
 0.000110104,   0.0251256
 0.000110108,   0.0251256
 0.000110112,   0.0251256
 0.000110116,   0.0256281
  0.00011012,   0.0251256
 0.000110124,   0.0251256
 0.000110128,   0.0251256
 0.000110132,   0.0251256
 0.000110136,   0.0246231
  0.00011014,   0.0251256
 0.000110144,   0.0251256
 0.000110148,   0.0246231
 0.000110152,   0.0251256
 0.000110156,   0.0251256
  0.00011016,   0.0251256
 0.000110164,   0.0251256
 0.000110168,   0.0246231
 0.000110172,   0.0251256
 0.000110176,   0.0251256
  0.00011018,   0.0251256
 0.000110184,   0.0246231
 0.000110188,   0.0246231
 0.000110192,   0.0246231
 0.000110196,   0.0246231
   0.0001102,   0.0246231
 0.000110204,   0.0246231
 0.000110208,   0.0246231
 0.000110212,   0.0246231
 0.000110216,   0.0241206
  0.00011022,   0.0246231
 0.000110224,   0.0246231
 0.000110228,   0.0241206
 0.000110232,   0.0241206
 0.000110236,   0.0241206
  0.00011024,   0.0241206
 0.000110244,   0.0241206
 0.000110248,   0.0241206
 0.000110252,   0.0246231
 0.000110256,   0.0236181
  0.00011026,   0.0236181
 0.000110264,   0.0241206
 0.000110268,   0.0241206
 0.000110272,   0.0236181
 0.000110276,   0.0236181
  0.00011028,   0.0241206
 0.000110284,   0.0236181
 0.000110288,   0.0236181
 0.000110292,   0.0241206
 0.000110296,   0.0236181
   0.0001103,   0.0231156
 0.000110304,   0.0236181
 0.000110308,   0.0236181
 0.000110312,   0.0236181
 0.000110316,   0.0231156
  0.00011032,   0.0231156
 0.000110324,   0.0231156
 0.000110328,   0.0231156
 0.000110332,   0.0231156
 0.000110336,   0.0231156
  0.00011034,   0.0226131
 0.000110344,   0.0226131
 0.000110348,   0.0231156
 0.000110352,   0.0226131
 0.000110356,   0.0226131
  0.00011036,   0.0226131
 0.000110364,   0.0226131
 0.000110368,   0.0226131
 0.000110372,   0.0221106
 0.000110376,   0.0226131
  0.00011038,   0.0226131
 0.000110384,   0.0221106
 0.000110388,   0.0221106
 0.000110392,   0.0226131
 0.000110396,   0.0221106
   0.0001104,   0.0221106
 0.000110404,   0.0221106
 0.000110408,   0.0221106
 0.000110412,   0.0221106
 0.000110416,    0.021608
  0.00011042,    0.021608
 0.000110424,   0.0221106
 0.000110428,    0.021608
 0.000110432,    0.021608
 0.000110436,    0.021608
  0.00011044,    0.021608
 0.000110444,   0.0211055
 0.000110448,   0.0211055
 0.000110452,    0.021608
 0.000110456,    0.021608
  0.00011046,   0.0211055
 0.000110464,   0.0211055
 0.000110468,   0.0211055
 0.000110472,   0.0211055
 0.000110476,   0.0211055
  0.00011048,   0.0211055
 0.000110484,   0.0211055
 0.000110488,    0.020603
 0.000110492,    0.020603
 0.000110496,   0.0211055
   0.0001105,    0.020603
 0.000110504,    0.020603
 0.000110508,    0.020603
 0.000110512,    0.020603
 0.000110516,    0.020603
  0.00011052,   0.0201005
 0.000110524,    0.020603
 0.000110528,   0.0201005
 0.000110532,   0.0201005
 0.000110536,    0.020603
  0.00011054,   0.0201005
 0.000110544,   0.0201005
 0.000110548,   0.0201005
 0.000110552,   0.0201005
 0.000110556,   0.0201005
  0.00011056,    0.019598
 0.000110564,   0.0201005
 0.000110568,   0.0201005
 0.000110572,    0.019598
 0.000110576,    0.019598
  0.00011058,    0.019598
 0.000110584,    0.019598
 0.000110588,    0.019598
 0.000110592,    0.019598
 0.000110596,    0.019598
   0.0001106,   0.0190955
 0.000110604,   0.0190955
 0.000110608,   0.0190955
 0.000110612,   0.0190955
 0.000110616,    0.018593
  0.00011062,    0.018593
 0.000110624,   0.0190955
 0.000110628,    0.018593
 0.000110632,    0.018593
 0.000110636,    0.018593
  0.00011064,    0.018593
 0.000110644,    0.018593
 0.000110648,   0.0180905
 0.000110652,   0.0180905
 0.000110656,    0.018593
  0.00011066,   0.0180905
 0.000110664,   0.0180905
 0.000110668,   0.0180905
 0.000110672,   0.0180905
 0.000110676,   0.0175879
  0.00011068,   0.0175879
 0.000110684,   0.0180905
 0.000110688,   0.0180905
 0.000110692,   0.0175879
 0.000110696,   0.0170854
   0.0001107,   0.0170854
 0.000110704,   0.0175879
 0.000110708,   0.0170854
 0.000110712,   0.0170854
 0.000110716,   0.0170854
  0.00011072,   0.0170854
 0.000110724,   0.0165829
 0.000110728,   0.0165829
 0.000110732,   0.0165829
 0.000110736,   0.0165829
  0.00011074,   0.0165829
 0.000110744,   0.0165829
 0.000110748,   0.0160804
 0.000110752,   0.0160804
 0.000110756,   0.0160804
  0.00011076,   0.0160804
 0.000110764,   0.0155779
 0.000110768,   0.0155779
 0.000110772,   0.0155779
 0.000110776,   0.0150754
  0.00011078,   0.0155779
 0.000110784,   0.0150754
 0.000110788,   0.0150754
 0.000110792,   0.0150754
 0.000110796,   0.0150754
   0.0001108,   0.0145729
 0.000110804,   0.0145729
 0.000110808,   0.0145729
 0.000110812,   0.0145729
 0.000110816,   0.0140704
  0.00011082,   0.0140704
 0.000110824,   0.0140704
 0.000110828,   0.0135678
 0.000110832,   0.0135678
 0.000110836,   0.0135678
  0.00011084,   0.0135678
 0.000110844,   0.0135678
 0.000110848,   0.0130653
 0.000110852,   0.0130653
 0.000110856,   0.0130653
  0.00011086,   0.0125628
 0.000110864,   0.0125628
 0.000110868,   0.0125628
 0.000110872,   0.0125628
 0.000110876,   0.0125628
  0.00011088,   0.0120603
 0.000110884,   0.0120603
 0.000110888,   0.0120603
 0.000110892,   0.0115578
 0.000110896,   0.0115578
   0.0001109,   0.0110553
 0.000110904,   0.0105528
 0.000110908,   0.0110553
 0.000110912,   0.0110553
 0.000110916,   0.0105528
  0.00011092,   0.0105528
 0.000110924,   0.0100503
 0.000110928,   0.0100503
 0.000110932,   0.0100503
 0.000110936,   0.0100503
  0.00011094,  0.00954774
 0.000110944,  0.00904523
 0.000110948,  0.00904523
 0.000110952,  0.00904523
 0.000110956,  0.00904523
  0.00011096,  0.00854271
 0.000110964,  0.00854271
 0.000110968,  0.00854271
 0.000110972,   0.0080402
 0.000110976,   0.0080402
  0.00011098,  0.00753769
 0.000110984,  0.00753769
 0.000110988,  0.00753769
 0.000110992,  0.00703518
 0.000110996,  0.00703518
    0.000111,  0.00703518
 0.000111004,  0.00653266
 0.000111008,  0.00653266
 0.000111012,  0.00603015
 0.000111016,  0.00603015
  0.00011102,  0.00603015
 0.000111024,  0.00552764
 0.000111028,  0.00552764
 0.000111032,  0.00502513
 0.000111036,  0.00502513
  0.00011104,  0.00502513
 0.000111044,  0.00452261
 0.000111048,  0.00452261
 0.000111052,   0.0040201
 0.000111056,   0.0040201
  0.00011106,  0.00351759
 0.000111064,  0.00351759
 0.000111068,  0.00351759
 0.000111072,  0.00301508
 0.000111076,  0.00301508
  0.00011108,  0.00251256
 0.000111084,  0.00251256
 0.000111088,  0.00201005
 0.000111092,  0.00150754
 0.000111096,  0.00150754
   0.0001111,  0.00150754
 0.000111104,  0.00100503
 0.000111108,  0.00100503
 0.000111112, 0.000502513
 0.000111116, 0.000502513
  0.00011112,           0
 0.000111124,           0
 0.000111128,-0.000502513
 0.000111132,-0.000502513
 0.000111136, -0.00100503
  0.00011114, -0.00100503
 0.000111144, -0.00100503
 0.000111148, -0.00150754
 0.000111152, -0.00201005
 0.000111156, -0.00201005
  0.00011116, -0.00201005
 0.000111164, -0.00251256
 0.000111168, -0.00251256
 0.000111172, -0.00301508
 0.000111176, -0.00301508
  0.00011118, -0.00351759
 0.000111184, -0.00351759
 0.000111188, -0.00351759
 0.000111192,  -0.0040201
 0.000111196, -0.00452261
   0.0001112, -0.00452261
 0.000111204, -0.00452261
 0.000111208, -0.00502513
 0.000111212, -0.00552764
 0.000111216, -0.00552764
  0.00011122, -0.00603015
 0.000111224, -0.00603015
 0.000111228, -0.00653266
 0.000111232, -0.00653266
 0.000111236, -0.00703518
  0.00011124, -0.00753769
 0.000111244, -0.00753769
 0.000111248, -0.00753769
 0.000111252, -0.00753769
 0.000111256,  -0.0080402
  0.00011126, -0.00854271
 0.000111264, -0.00854271
 0.000111268, -0.00904523
 0.000111272, -0.00954774
 0.000111276, -0.00954774
  0.00011128, -0.00954774
 0.000111284,  -0.0100503
 0.000111288,  -0.0105528
 0.000111292,  -0.0100503
 0.000111296,  -0.0105528
   0.0001113,  -0.0110553
 0.000111304,  -0.0110553
 0.000111308,  -0.0110553
 0.000111312,  -0.0115578
 0.000111316,  -0.0120603
  0.00011132,  -0.0120603
 0.000111324,  -0.0120603
 0.000111328,  -0.0125628
 0.000111332,  -0.0125628
 0.000111336,  -0.0130653
  0.00011134,  -0.0130653
 0.000111344,  -0.0130653
 0.000111348,  -0.0135678
 0.000111352,  -0.0135678
 0.000111356,  -0.0140704
  0.00011136,  -0.0140704
 0.000111364,  -0.0145729
 0.000111368,  -0.0150754
 0.000111372,  -0.0145729
 0.000111376,  -0.0150754
  0.00011138,  -0.0155779
 0.000111384,  -0.0155779
 0.000111388,  -0.0155779
 0.000111392,  -0.0160804
 0.000111396,  -0.0160804
   0.0001114,  -0.0165829
 0.000111404,  -0.0165829
 0.000111408,  -0.0170854
 0.000111412,  -0.0170854
 0.000111416,  -0.0170854
  0.00011142,  -0.0170854
 0.000111424,  -0.0175879
 0.000111428,  -0.0175879
 0.000111432,  -0.0180905
 0.000111436,  -0.0180905
  0.00011144,  -0.0180905
 0.000111444,  -0.0180905
 0.000111448,   -0.018593
 0.000111452,  -0.0190955
 0.000111456,   -0.018593
  0.00011146,  -0.0190955
 0.000111464,  -0.0190955
 0.000111468,  -0.0190955
 0.000111472,   -0.019598
 0.000111476,   -0.019598
  0.00011148,  -0.0201005
 0.000111484,   -0.019598
 0.000111488,  -0.0201005
 0.000111492,   -0.020603
 0.000111496,   -0.020603
   0.0001115,   -0.020603
 0.000111504,   -0.020603
 0.000111508,   -0.020603
 0.000111512,  -0.0211055
 0.000111516,  -0.0211055
  0.00011152,  -0.0211055
 0.000111524,  -0.0211055
 0.000111528,  -0.0211055
 0.000111532,   -0.021608
 0.000111536,   -0.021608
  0.00011154,   -0.021608
 0.000111544,   -0.021608
 0.000111548,   -0.021608
 0.000111552,  -0.0221106
 0.000111556,  -0.0221106
  0.00011156,  -0.0221106
 0.000111564,   -0.021608
 0.000111568,  -0.0226131
 0.000111572,  -0.0226131
 0.000111576,  -0.0221106
  0.00011158,  -0.0226131
 0.000111584,  -0.0226131
 0.000111588,  -0.0226131
 0.000111592,  -0.0226131
 0.000111596,  -0.0231156
   0.0001116,  -0.0231156
 0.000111604,  -0.0226131
 0.000111608,  -0.0226131
 0.000111612,  -0.0231156
 0.000111616,  -0.0231156
  0.00011162,  -0.0231156
 0.000111624,  -0.0226131
 0.000111628,  -0.0231156
 0.000111632,  -0.0231156
 0.000111636,  -0.0231156
  0.00011164,  -0.0226131
 0.000111644,  -0.0226131
 0.000111648,  -0.0226131
 0.000111652,  -0.0231156
 0.000111656,  -0.0226131
  0.00011166,  -0.0226131
 0.000111664,  -0.0226131
 0.000111668,  -0.0226131
 0.000111672,  -0.0226131
 0.000111676,  -0.0226131
  0.00011168,  -0.0226131
 0.000111684,  -0.0221106
 0.000111688,  -0.0226131
 0.000111692,  -0.0226131
 0.000111696,  -0.0221106
   0.0001117,  -0.0221106
 0.000111704,  -0.0221106
 0.000111708,  -0.0221106
 0.000111712,   -0.021608
 0.000111716,  -0.0221106
  0.00011172,   -0.021608
 0.000111724,   -0.021608
 0.000111728,  -0.0221106
 0.000111732,   -0.021608
 0.000111736,  -0.0211055
  0.00011174,  -0.0211055
 0.000111744,  -0.0211055
 0.000111748,  -0.0211055
 0.000111752,   -0.020603
 0.000111756,   -0.020603
  0.00011176,  -0.0211055
 0.000111764,   -0.020603
 0.000111768,  -0.0201005
 0.000111772,   -0.020603
 0.000111776,  -0.0201005
  0.00011178,   -0.019598
 0.000111784,   -0.019598
 0.000111788,   -0.019598
 0.000111792,  -0.0190955
 0.000111796,   -0.018593
   0.0001118,  -0.0190955
 0.000111804,  -0.0190955
 0.000111808,   -0.018593
 0.000111812,  -0.0180905
 0.000111816,  -0.0180905
  0.00011182,  -0.0180905
 0.000111824,  -0.0175879
 0.000111828,  -0.0175879
 0.000111832,  -0.0175879
 0.000111836,  -0.0170854
  0.00011184,  -0.0165829
 0.000111844,  -0.0170854
 0.000111848,  -0.0165829
 0.000111852,  -0.0160804
 0.000111856,  -0.0155779
  0.00011186,  -0.0155779
 0.000111864,  -0.0155779
 0.000111868,  -0.0150754
 0.000111872,  -0.0150754
 0.000111876,  -0.0145729
  0.00011188,  -0.0140704
 0.000111884,  -0.0145729
 0.000111888,  -0.0140704
 0.000111892,  -0.0135678
 0.000111896,  -0.0135678
   0.0001119,  -0.0130653
 0.000111904,  -0.0125628
 0.000111908,  -0.0125628
 0.000111912,  -0.0120603
 0.000111916,  -0.0120603
  0.00011192,  -0.0115578
 0.000111924,  -0.0115578
 0.000111928,  -0.0110553
 0.000111932,  -0.0105528
 0.000111936,  -0.0100503
  0.00011194,  -0.0100503
 0.000111944, -0.00954774
 0.000111948, -0.00954774
 0.000111952, -0.00904523
 0.000111956, -0.00854271
  0.00011196, -0.00854271
 0.000111964,  -0.0080402
 0.000111968, -0.00753769
 0.000111972, -0.00753769
 0.000111976, -0.00653266
  0.00011198, -0.00653266
 0.000111984, -0.00603015
 0.000111988, -0.00603015
 0.000111992, -0.00552764
 0.000111996, -0.00502513
