     7.6E-05,   0.0515075
  7.6004E-05,   0.0525126
  7.6008E-05,   0.0522613
  7.6012E-05,   0.0515075
  7.6016E-05,     0.05201
   7.602E-05,   0.0527638
  7.6024E-05,     0.05201
  7.6028E-05,   0.0515075
  7.6032E-05,     0.05201
  7.6036E-05,   0.0527638
   7.604E-05,   0.0517588
  7.6044E-05,   0.0515075
  7.6048E-05,   0.0522613
  7.6052E-05,   0.0525126
  7.6056E-05,   0.0517588
   7.606E-05,   0.0515075
  7.6064E-05,   0.0522613
  7.6068E-05,   0.0522613
  7.6072E-05,   0.0512563
  7.6076E-05,   0.0515075
   7.608E-05,   0.0522613
  7.6084E-05,     0.05201
  7.6088E-05,   0.0512563
  7.6092E-05,   0.0515075
  7.6096E-05,   0.0522613
    7.61E-05,   0.0515075
  7.6104E-05,    0.051005
  7.6108E-05,   0.0515075
  7.6112E-05,     0.05201
  7.6116E-05,   0.0515075
   7.612E-05,    0.051005
  7.6124E-05,   0.0515075
  7.6128E-05,   0.0515075
  7.6132E-05,   0.0507538
  7.6136E-05,   0.0507538
   7.614E-05,   0.0515075
  7.6144E-05,   0.0512563
  7.6148E-05,   0.0505025
  7.6152E-05,   0.0507538
  7.6156E-05,   0.0512563
   7.616E-05,   0.0507538
  7.6164E-05,        0.05
  7.6168E-05,   0.0505025
  7.6172E-05,    0.051005
  7.6176E-05,   0.0502513
   7.618E-05,   0.0497487
  7.6184E-05,   0.0502513
  7.6188E-05,   0.0505025
  7.6192E-05,   0.0497487
  7.6196E-05,   0.0492462
    7.62E-05,   0.0497487
  7.6204E-05,   0.0497487
  7.6208E-05,    0.048995
  7.6212E-05,   0.0487437
  7.6216E-05,   0.0494975
   7.622E-05,   0.0492462
  7.6224E-05,   0.0482412
  7.6228E-05,   0.0484925
  7.6232E-05,    0.048995
  7.6236E-05,   0.0484925
   7.624E-05,   0.0477387
  7.6244E-05,   0.0479899
  7.6248E-05,   0.0484925
  7.6252E-05,   0.0477387
  7.6256E-05,   0.0469849
   7.626E-05,   0.0474874
  7.6264E-05,   0.0474874
  7.6268E-05,   0.0467337
  7.6272E-05,   0.0464824
  7.6276E-05,   0.0469849
   7.628E-05,   0.0469849
  7.6284E-05,   0.0459799
  7.6288E-05,   0.0457286
  7.6292E-05,   0.0464824
  7.6296E-05,   0.0457286
    7.63E-05,   0.0449749
  7.6304E-05,   0.0452261
  7.6308E-05,   0.0457286
  7.6312E-05,   0.0449749
  7.6316E-05,   0.0442211
   7.632E-05,   0.0444724
  7.6324E-05,   0.0449749
  7.6328E-05,   0.0437186
  7.6332E-05,   0.0432161
  7.6336E-05,   0.0439698
   7.634E-05,   0.0439698
  7.6344E-05,   0.0429648
  7.6348E-05,   0.0424623
  7.6352E-05,   0.0432161
  7.6356E-05,   0.0427136
   7.636E-05,   0.0417085
  7.6364E-05,   0.0417085
  7.6368E-05,   0.0422111
  7.6372E-05,   0.0414573
  7.6376E-05,   0.0404523
   7.638E-05,   0.0409548
  7.6384E-05,    0.041206
  7.6388E-05,   0.0404523
  7.6392E-05,   0.0394472
  7.6396E-05,   0.0396985
    7.64E-05,   0.0399497
  7.6404E-05,   0.0389447
  7.6408E-05,   0.0384422
  7.6412E-05,   0.0389447
  7.6416E-05,   0.0389447
   7.642E-05,   0.0379397
  7.6424E-05,   0.0374372
  7.6428E-05,   0.0379397
  7.6432E-05,   0.0376884
  7.6436E-05,   0.0366834
   7.644E-05,   0.0366834
  7.6444E-05,   0.0371859
  7.6448E-05,   0.0366834
  7.6452E-05,   0.0354271
  7.6456E-05,   0.0356784
   7.646E-05,   0.0359296
  7.6464E-05,   0.0349246
  7.6468E-05,   0.0341709
  7.6472E-05,   0.0344221
  7.6476E-05,   0.0346734
   7.648E-05,   0.0334171
  7.6484E-05,   0.0329146
  7.6488E-05,   0.0336683
  7.6492E-05,   0.0334171
  7.6496E-05,   0.0319095
    7.65E-05,   0.0316583
  7.6504E-05,   0.0324121
  7.6508E-05,   0.0319095
  7.6512E-05,   0.0306533
  7.6516E-05,   0.0306533
   7.652E-05,   0.0311558
  7.6524E-05,   0.0301508
  7.6528E-05,   0.0291457
  7.6532E-05,    0.029397
  7.6536E-05,   0.0296482
   7.654E-05,   0.0286432
  7.6544E-05,   0.0278894
  7.6548E-05,    0.028392
  7.6552E-05,    0.028392
  7.6556E-05,   0.0271357
   7.656E-05,   0.0263819
  7.6564E-05,   0.0268844
  7.6568E-05,   0.0266332
  7.6572E-05,   0.0253769
  7.6576E-05,   0.0251256
   7.658E-05,   0.0256281
  7.6584E-05,   0.0248744
  7.6588E-05,   0.0238693
  7.6592E-05,   0.0236181
  7.6596E-05,   0.0238693
    7.66E-05,   0.0228643
  7.6604E-05,   0.0221106
  7.6608E-05,   0.0226131
  7.6612E-05,   0.0223618
  7.6616E-05,   0.0213568
   7.662E-05,    0.020603
  7.6624E-05,   0.0211055
  7.6628E-05,    0.020603
  7.6632E-05,    0.019598
  7.6636E-05,   0.0193467
   7.664E-05,    0.019598
  7.6644E-05,   0.0190955
  7.6648E-05,   0.0178392
  7.6652E-05,   0.0178392
  7.6656E-05,   0.0180905
   7.666E-05,   0.0170854
  7.6664E-05,   0.0163317
  7.6668E-05,   0.0160804
  7.6672E-05,   0.0163317
  7.6676E-05,   0.0153266
   7.668E-05,   0.0143216
  7.6684E-05,   0.0148241
  7.6688E-05,   0.0143216
  7.6692E-05,   0.0133166
  7.6696E-05,   0.0125628
    7.67E-05,   0.0130653
  7.6704E-05,   0.0128141
  7.6708E-05,   0.0115578
  7.6712E-05,   0.0113065
  7.6716E-05,   0.0115578
   7.672E-05,   0.0110553
  7.6724E-05,    0.009799
  7.6728E-05,    0.009799
  7.6732E-05,    0.009799
  7.6736E-05,  0.00904523
   7.674E-05,   0.0080402
  7.6744E-05,  0.00829146
  7.6748E-05,  0.00829146
  7.6752E-05,  0.00703518
  7.6756E-05,  0.00628141
   7.676E-05,  0.00628141
  7.6764E-05,  0.00603015
  7.6768E-05,  0.00502513
  7.6772E-05,  0.00427136
  7.6776E-05,  0.00477387
   7.678E-05,  0.00427136
  7.6784E-05,  0.00301508
  7.6788E-05,  0.00276382
  7.6792E-05,  0.00301508
  7.6796E-05,  0.00226131
    7.68E-05,  0.00125628
  7.6804E-05,  0.00125628
  7.6808E-05,  0.00125628
  7.6812E-05, 0.000502513
  7.6816E-05,-0.000753769
   7.682E-05,-0.000502513
  7.6824E-05,-0.000502513
  7.6828E-05, -0.00175879
  7.6832E-05, -0.00251256
  7.6836E-05, -0.00226131
   7.684E-05, -0.00251256
  7.6844E-05, -0.00376884
  7.6848E-05, -0.00452261
  7.6852E-05,  -0.0040201
  7.6856E-05, -0.00477387
   7.686E-05, -0.00577889
  7.6864E-05, -0.00628141
  7.6868E-05, -0.00603015
  7.6872E-05, -0.00678392
  7.6876E-05,  -0.0080402
   7.688E-05,  -0.0080402
  7.6884E-05,  -0.0080402
  7.6888E-05, -0.00904523
  7.6892E-05,  -0.0100503
  7.6896E-05,   -0.009799
    7.69E-05,  -0.0100503
  7.6904E-05,  -0.0113065
  7.6908E-05,   -0.011809
  7.6912E-05,  -0.0115578
  7.6916E-05,   -0.011809
   7.692E-05,  -0.0133166
  7.6924E-05,  -0.0138191
  7.6928E-05,  -0.0133166
  7.6932E-05,  -0.0140704
  7.6936E-05,  -0.0153266
   7.694E-05,  -0.0155779
  7.6944E-05,  -0.0150754
  7.6948E-05,  -0.0160804
  7.6952E-05,  -0.0175879
  7.6956E-05,  -0.0173367
   7.696E-05,  -0.0173367
  7.6964E-05,   -0.018593
  7.6968E-05,   -0.019598
  7.6972E-05,  -0.0190955
  7.6976E-05,  -0.0193467
   7.698E-05,  -0.0208543
  7.6984E-05,  -0.0213568
  7.6988E-05,  -0.0211055
  7.6992E-05,   -0.021608
  7.6996E-05,  -0.0231156
     7.7E-05,  -0.0233668
  7.7004E-05,  -0.0231156
  7.7008E-05,  -0.0236181
  7.7012E-05,  -0.0251256
  7.7016E-05,  -0.0251256
   7.702E-05,  -0.0248744
  7.7024E-05,  -0.0261307
  7.7028E-05,  -0.0273869
  7.7032E-05,  -0.0271357
  7.7036E-05,  -0.0271357
   7.704E-05,   -0.028392
  7.7044E-05,   -0.029397
  7.7048E-05,  -0.0288945
  7.7052E-05,  -0.0291457
  7.7056E-05,  -0.0306533
   7.706E-05,   -0.031407
  7.7064E-05,  -0.0309045
  7.7068E-05,   -0.031407
  7.7072E-05,  -0.0329146
  7.7076E-05,  -0.0331658
   7.708E-05,  -0.0326633
  7.7084E-05,  -0.0336683
  7.7088E-05,  -0.0349246
  7.7092E-05,  -0.0349246
  7.7096E-05,  -0.0346734
    7.71E-05,  -0.0359296
  7.7104E-05,  -0.0369347
  7.7108E-05,  -0.0366834
  7.7112E-05,  -0.0366834
  7.7116E-05,  -0.0379397
   7.712E-05,  -0.0386935
  7.7124E-05,  -0.0384422
  7.7128E-05,  -0.0389447
  7.7132E-05,   -0.040201
  7.7136E-05,  -0.0407035
   7.714E-05,   -0.040201
  7.7144E-05,  -0.0409548
  7.7148E-05,  -0.0419598
  7.7152E-05,  -0.0422111
  7.7156E-05,  -0.0422111
   7.716E-05,  -0.0429648
  7.7164E-05,  -0.0442211
  7.7168E-05,  -0.0442211
  7.7172E-05,  -0.0439698
  7.7176E-05,  -0.0449749
   7.718E-05,  -0.0459799
  7.7184E-05,  -0.0457286
  7.7188E-05,  -0.0459799
  7.7192E-05,  -0.0472362
  7.7196E-05,  -0.0479899
    7.72E-05,  -0.0477387
  7.7204E-05,  -0.0479899
  7.7208E-05,  -0.0494975
  7.7212E-05,  -0.0497487
  7.7216E-05,  -0.0492462
   7.722E-05,       -0.05
  7.7224E-05,  -0.0512563
  7.7228E-05,  -0.0515075
  7.7232E-05,   -0.051005
  7.7236E-05,    -0.05201
   7.724E-05,  -0.0532663
  7.7244E-05,  -0.0530151
  7.7248E-05,  -0.0530151
  7.7252E-05,  -0.0540201
  7.7256E-05,  -0.0550251
   7.726E-05,  -0.0545226
  7.7264E-05,  -0.0550251
  7.7268E-05,  -0.0562814
  7.7272E-05,  -0.0565327
  7.7276E-05,  -0.0562814
   7.728E-05,  -0.0567839
  7.7284E-05,  -0.0582915
  7.7288E-05,  -0.0582915
  7.7292E-05,  -0.0580402
  7.7296E-05,  -0.0590452
    7.73E-05,  -0.0600502
  7.7304E-05,   -0.059799
  7.7308E-05,   -0.059799
  7.7312E-05,   -0.060804
  7.7316E-05,  -0.0615578
   7.732E-05,  -0.0613065
  7.7324E-05,  -0.0615578
  7.7328E-05,  -0.0628141
  7.7332E-05,  -0.0633166
  7.7336E-05,  -0.0625628
   7.734E-05,  -0.0628141
  7.7344E-05,  -0.0643216
  7.7348E-05,  -0.0645729
  7.7352E-05,  -0.0640704
  7.7356E-05,  -0.0648241
   7.736E-05,  -0.0660804
  7.7364E-05,  -0.0663317
  7.7368E-05,  -0.0658291
  7.7372E-05,  -0.0665829
  7.7376E-05,  -0.0675879
   7.738E-05,  -0.0673367
  7.7384E-05,  -0.0670854
  7.7388E-05,  -0.0683417
  7.7392E-05,  -0.0690955
  7.7396E-05,  -0.0688442
    7.74E-05,   -0.068593
  7.7404E-05,  -0.0698492
  7.7408E-05,  -0.0703518
  7.7412E-05,  -0.0698492
  7.7416E-05,  -0.0701005
   7.742E-05,  -0.0713568
  7.7424E-05,  -0.0718593
  7.7428E-05,  -0.0711055
  7.7432E-05,   -0.071608
  7.7436E-05,  -0.0728643
   7.744E-05,  -0.0726131
  7.7444E-05,  -0.0723618
  7.7448E-05,  -0.0731156
  7.7452E-05,  -0.0743719
  7.7456E-05,  -0.0738693
   7.746E-05,  -0.0736181
  7.7464E-05,  -0.0746231
  7.7468E-05,  -0.0753769
  7.7472E-05,  -0.0748744
  7.7476E-05,  -0.0748744
   7.748E-05,  -0.0761307
  7.7484E-05,  -0.0763819
  7.7488E-05,  -0.0758794
  7.7492E-05,  -0.0763819
  7.7496E-05,  -0.0776382
    7.75E-05,  -0.0776382
  7.7504E-05,  -0.0768844
  7.7508E-05,  -0.0773869
  7.7512E-05,   -0.078392
  7.7516E-05,  -0.0781407
   7.752E-05,  -0.0778894
  7.7524E-05,  -0.0786432
  7.7528E-05,   -0.079397
  7.7532E-05,  -0.0788945
  7.7536E-05,  -0.0786432
   7.754E-05,  -0.0796482
  7.7544E-05,  -0.0801508
  7.7548E-05,  -0.0796482
  7.7552E-05,  -0.0798995
  7.7556E-05,  -0.0809045
   7.756E-05,  -0.0811558
  7.7564E-05,   -0.080402
  7.7568E-05,  -0.0809045
  7.7572E-05,  -0.0819095
  7.7576E-05,  -0.0816583
   7.758E-05,  -0.0811558
  7.7584E-05,  -0.0816583
  7.7588E-05,  -0.0826633
  7.7592E-05,  -0.0824121
  7.7596E-05,  -0.0819095
    7.76E-05,  -0.0826633
  7.7604E-05,  -0.0834171
  7.7608E-05,  -0.0826633
  7.7612E-05,  -0.0826633
  7.7616E-05,  -0.0834171
   7.762E-05,  -0.0839196
  7.7624E-05,  -0.0831658
  7.7628E-05,  -0.0831658
  7.7632E-05,  -0.0844221
  7.7636E-05,  -0.0841709
   7.764E-05,  -0.0834171
  7.7644E-05,  -0.0836683
  7.7648E-05,  -0.0844221
  7.7652E-05,  -0.0841709
  7.7656E-05,  -0.0836683
   7.766E-05,  -0.0839196
  7.7664E-05,  -0.0836683
  7.7668E-05,  -0.0836683
  7.7672E-05,  -0.0836683
  7.7676E-05,  -0.0826633
   7.768E-05,  -0.0816583
  7.7684E-05,  -0.0819095
  7.7688E-05,  -0.0796482
  7.7692E-05,  -0.0781407
  7.7696E-05,  -0.0788945
    7.77E-05,  -0.0763819
  7.7704E-05,  -0.0766332
  7.7708E-05,  -0.0809045
  7.7712E-05,  -0.0816583
  7.7716E-05,  -0.0879397
   7.772E-05,  -0.0977387
  7.7724E-05,  -0.0969849
  7.7728E-05,   -0.103015
  7.7732E-05,   -0.116834
  7.7736E-05,   -0.106784
   7.774E-05,  -0.0907035
  7.7744E-05,  -0.0952261
  7.7748E-05,  -0.0917085
  7.7752E-05,  -0.0625628
  7.7756E-05,  -0.0550251
   7.776E-05,  -0.0741206
  7.7764E-05,  -0.0726131
  7.7768E-05,  -0.0643216
  7.7772E-05,  -0.0786432
  7.7776E-05,  -0.0954774
   7.778E-05,  -0.0954774
  7.7784E-05,  -0.0919598
  7.7788E-05,  -0.0942211
  7.7792E-05,  -0.0964824
  7.7796E-05,  -0.0949749
    7.78E-05,  -0.0886935
  7.7804E-05,  -0.0834171
  7.7808E-05,  -0.0866834
  7.7812E-05,  -0.0896985
  7.7816E-05,  -0.0844221
   7.782E-05,  -0.0778894
  7.7824E-05,  -0.0791457
  7.7828E-05,  -0.0819095
  7.7832E-05,  -0.0798995
  7.7836E-05,   -0.079397
   7.784E-05,  -0.0876884
  7.7844E-05,  -0.0972362
  7.7848E-05,  -0.0982412
  7.7852E-05,  -0.0959799
  7.7856E-05,  -0.0987437
   7.786E-05,   -0.098995
  7.7864E-05,  -0.0914573
  7.7868E-05,  -0.0836683
  7.7872E-05,  -0.0816583
  7.7876E-05,  -0.0806533
   7.788E-05,  -0.0761307
  7.7884E-05,  -0.0743719
  7.7888E-05,  -0.0781407
  7.7892E-05,  -0.0824121
  7.7896E-05,  -0.0834171
    7.79E-05,  -0.0846734
  7.7904E-05,  -0.0907035
  7.7908E-05,  -0.0954774
  7.7912E-05,  -0.0959799
  7.7916E-05,  -0.0967337
   7.792E-05,  -0.0992462
  7.7924E-05,  -0.0974874
  7.7928E-05,  -0.0907035
  7.7932E-05,  -0.0859296
  7.7936E-05,  -0.0839196
   7.794E-05,  -0.0796482
  7.7944E-05,  -0.0746231
  7.7948E-05,  -0.0743719
  7.7952E-05,  -0.0778894
  7.7956E-05,  -0.0796482
   7.796E-05,  -0.0811558
  7.7964E-05,  -0.0864322
  7.7968E-05,  -0.0927136
  7.7972E-05,  -0.0947236
  7.7976E-05,  -0.0947236
   7.798E-05,  -0.0959799
  7.7984E-05,  -0.0964824
  7.7988E-05,  -0.0934673
  7.7992E-05,   -0.089196
  7.7996E-05,  -0.0861809
     7.8E-05,  -0.0844221
  7.8004E-05,  -0.0816583
  7.8008E-05,  -0.0788945
  7.8012E-05,  -0.0791457
  7.8016E-05,   -0.081407
   7.802E-05,  -0.0821608
  7.8024E-05,  -0.0826633
  7.8028E-05,  -0.0844221
  7.8032E-05,  -0.0854271
  7.8036E-05,  -0.0849246
   7.804E-05,  -0.0839196
  7.8044E-05,  -0.0831658
  7.8048E-05,  -0.0809045
  7.8052E-05,  -0.0786432
  7.8056E-05,  -0.0773869
   7.806E-05,  -0.0756281
  7.8064E-05,  -0.0743719
  7.8068E-05,  -0.0748744
  7.8072E-05,  -0.0763819
  7.8076E-05,  -0.0771357
   7.808E-05,  -0.0788945
  7.8084E-05,  -0.0821608
  7.8088E-05,  -0.0846734
  7.8092E-05,  -0.0854271
  7.8096E-05,  -0.0861809
    7.81E-05,  -0.0871859
  7.8104E-05,  -0.0864322
  7.8108E-05,  -0.0836683
  7.8112E-05,  -0.0816583
  7.8116E-05,  -0.0809045
   7.812E-05,   -0.079397
  7.8124E-05,  -0.0763819
  7.8128E-05,  -0.0748744
  7.8132E-05,  -0.0753769
  7.8136E-05,  -0.0751256
   7.814E-05,  -0.0743719
  7.8144E-05,  -0.0753769
  7.8148E-05,  -0.0781407
  7.8152E-05,  -0.0788945
  7.8156E-05,  -0.0781407
   7.816E-05,  -0.0791457
  7.8164E-05,  -0.0801508
  7.8168E-05,   -0.078392
  7.8172E-05,  -0.0758794
  7.8176E-05,  -0.0753769
   7.818E-05,  -0.0746231
  7.8184E-05,  -0.0726131
  7.8188E-05,  -0.0713568
  7.8192E-05,  -0.0726131
  7.8196E-05,  -0.0733668
    7.82E-05,  -0.0728643
  7.8204E-05,  -0.0733668
  7.8208E-05,  -0.0746231
  7.8212E-05,  -0.0746231
  7.8216E-05,  -0.0738693
   7.822E-05,  -0.0741206
  7.8224E-05,  -0.0746231
  7.8228E-05,  -0.0741206
  7.8232E-05,  -0.0733668
  7.8236E-05,  -0.0733668
   7.824E-05,  -0.0736181
  7.8244E-05,  -0.0728643
  7.8248E-05,  -0.0721105
  7.8252E-05,  -0.0723618
  7.8256E-05,  -0.0726131
   7.826E-05,  -0.0721105
  7.8264E-05,  -0.0718593
  7.8268E-05,  -0.0728643
  7.8272E-05,  -0.0733668
  7.8276E-05,  -0.0728643
   7.828E-05,  -0.0731156
  7.8284E-05,  -0.0736181
  7.8288E-05,  -0.0731156
  7.8292E-05,  -0.0721105
  7.8296E-05,  -0.0723618
    7.83E-05,  -0.0723618
  7.8304E-05,  -0.0713568
  7.8308E-05,   -0.070603
  7.8312E-05,  -0.0711055
  7.8316E-05,   -0.071608
   7.832E-05,  -0.0711055
  7.8324E-05,  -0.0711055
  7.8328E-05,  -0.0721105
  7.8332E-05,  -0.0721105
  7.8336E-05,  -0.0711055
   7.834E-05,  -0.0708543
  7.8344E-05,  -0.0708543
  7.8348E-05,  -0.0703518
  7.8352E-05,  -0.0690955
  7.8356E-05,  -0.0693467
   7.836E-05,  -0.0698492
  7.8364E-05,   -0.069598
  7.8368E-05,   -0.069598
  7.8372E-05,  -0.0703518
  7.8376E-05,  -0.0708543
   7.838E-05,  -0.0701005
  7.8384E-05,  -0.0698492
  7.8388E-05,   -0.070603
  7.8392E-05,  -0.0703518
  7.8396E-05,  -0.0690955
    7.84E-05,   -0.068593
  7.8404E-05,  -0.0693467
  7.8408E-05,  -0.0690955
  7.8412E-05,  -0.0675879
  7.8416E-05,  -0.0678392
   7.842E-05,   -0.068593
  7.8424E-05,  -0.0683417
  7.8428E-05,  -0.0678392
  7.8432E-05,  -0.0683417
  7.8436E-05,  -0.0693467
   7.844E-05,  -0.0688442
  7.8444E-05,   -0.068593
  7.8448E-05,  -0.0690955
  7.8452E-05,   -0.069598
  7.8456E-05,  -0.0688442
   7.846E-05,  -0.0680905
  7.8464E-05,   -0.068593
  7.8468E-05,   -0.068593
  7.8472E-05,  -0.0673367
  7.8476E-05,  -0.0670854
   7.848E-05,  -0.0678392
  7.8484E-05,  -0.0680905
  7.8488E-05,  -0.0673367
  7.8492E-05,  -0.0678392
  7.8496E-05,   -0.068593
    7.85E-05,  -0.0683417
  7.8504E-05,  -0.0673367
  7.8508E-05,  -0.0673367
  7.8512E-05,  -0.0678392
  7.8516E-05,  -0.0665829
   7.852E-05,  -0.0658291
  7.8524E-05,  -0.0663317
  7.8528E-05,  -0.0668342
  7.8532E-05,  -0.0658291
  7.8536E-05,  -0.0655779
   7.854E-05,  -0.0665829
  7.8544E-05,  -0.0668342
  7.8548E-05,  -0.0660804
  7.8552E-05,  -0.0663317
  7.8556E-05,  -0.0670854
   7.856E-05,  -0.0670854
  7.8564E-05,  -0.0660804
  7.8568E-05,  -0.0663317
  7.8572E-05,  -0.0668342
  7.8576E-05,  -0.0658291
   7.858E-05,  -0.0645729
  7.8584E-05,  -0.0650754
  7.8588E-05,  -0.0653266
  7.8592E-05,  -0.0645729
  7.8596E-05,  -0.0640704
    7.86E-05,  -0.0648241
  7.8604E-05,  -0.0655779
  7.8608E-05,  -0.0650754
  7.8612E-05,  -0.0650754
  7.8616E-05,  -0.0660804
   7.862E-05,  -0.0660804
  7.8624E-05,  -0.0653266
  7.8628E-05,  -0.0650754
  7.8632E-05,  -0.0655779
  7.8636E-05,  -0.0648241
   7.864E-05,  -0.0633166
  7.8644E-05,  -0.0635678
  7.8648E-05,  -0.0638191
  7.8652E-05,  -0.0630653
  7.8656E-05,  -0.0623116
   7.866E-05,  -0.0630653
  7.8664E-05,  -0.0635678
  7.8668E-05,  -0.0630653
  7.8672E-05,  -0.0630653
  7.8676E-05,  -0.0638191
   7.868E-05,  -0.0645729
  7.8684E-05,  -0.0635678
  7.8688E-05,  -0.0633166
  7.8692E-05,  -0.0640704
  7.8696E-05,  -0.0640704
    7.87E-05,  -0.0628141
  7.8704E-05,  -0.0623116
  7.8708E-05,  -0.0628141
  7.8712E-05,  -0.0620603
  7.8716E-05,   -0.060804
   7.872E-05,  -0.0610553
  7.8724E-05,   -0.061809
  7.8728E-05,  -0.0613065
  7.8732E-05,  -0.0603015
  7.8736E-05,  -0.0613065
   7.874E-05,   -0.061809
  7.8744E-05,   -0.060804
  7.8748E-05,  -0.0603015
  7.8752E-05,  -0.0610553
  7.8756E-05,  -0.0613065
   7.876E-05,  -0.0600502
  7.8764E-05,   -0.059799
  7.8768E-05,  -0.0600502
  7.8772E-05,  -0.0600502
  7.8776E-05,  -0.0585427
   7.878E-05,  -0.0585427
  7.8784E-05,  -0.0590452
  7.8788E-05,  -0.0582915
  7.8792E-05,  -0.0575377
  7.8796E-05,  -0.0580402
    7.88E-05,  -0.0585427
  7.8804E-05,  -0.0575377
  7.8808E-05,  -0.0570352
  7.8812E-05,  -0.0580402
  7.8816E-05,  -0.0582915
   7.882E-05,  -0.0572864
  7.8824E-05,  -0.0572864
  7.8828E-05,  -0.0580402
  7.8832E-05,  -0.0580402
  7.8836E-05,  -0.0570352
   7.884E-05,  -0.0570352
  7.8844E-05,  -0.0575377
  7.8848E-05,  -0.0570352
  7.8852E-05,  -0.0560302
  7.8856E-05,  -0.0560302
   7.886E-05,  -0.0565327
  7.8864E-05,  -0.0557789
  7.8868E-05,  -0.0550251
  7.8872E-05,  -0.0552764
  7.8876E-05,  -0.0557789
   7.888E-05,  -0.0550251
  7.8884E-05,  -0.0547739
  7.8888E-05,  -0.0555276
  7.8892E-05,  -0.0557789
  7.8896E-05,  -0.0547739
    7.89E-05,  -0.0545226
  7.8904E-05,  -0.0552764
  7.8908E-05,  -0.0550251
  7.8912E-05,  -0.0537688
  7.8916E-05,  -0.0537688
   7.892E-05,  -0.0540201
  7.8924E-05,  -0.0535176
  7.8928E-05,  -0.0522613
  7.8932E-05,  -0.0527638
  7.8936E-05,  -0.0530151
   7.894E-05,    -0.05201
  7.8944E-05,  -0.0515075
  7.8948E-05,    -0.05201
  7.8952E-05,  -0.0525126
  7.8956E-05,    -0.05201
   7.896E-05,  -0.0517588
  7.8964E-05,  -0.0525126
  7.8968E-05,  -0.0525126
  7.8972E-05,  -0.0517588
  7.8976E-05,  -0.0515075
   7.898E-05,    -0.05201
  7.8984E-05,  -0.0512563
  7.8988E-05,  -0.0502513
  7.8992E-05,       -0.05
  7.8996E-05,  -0.0502513
     7.9E-05,  -0.0494975
  7.9004E-05,  -0.0484925
  7.9008E-05,   -0.048995
  7.9012E-05,  -0.0494975
  7.9016E-05,  -0.0487437
   7.902E-05,  -0.0482412
  7.9024E-05,   -0.048995
  7.9028E-05,  -0.0492462
  7.9032E-05,  -0.0482412
  7.9036E-05,  -0.0479899
   7.904E-05,  -0.0487437
  7.9044E-05,  -0.0482412
  7.9048E-05,  -0.0469849
  7.9052E-05,  -0.0467337
  7.9056E-05,  -0.0474874
   7.906E-05,  -0.0469849
  7.9064E-05,  -0.0457286
  7.9068E-05,  -0.0454774
  7.9072E-05,  -0.0459799
  7.9076E-05,  -0.0452261
   7.908E-05,  -0.0442211
  7.9084E-05,  -0.0447236
  7.9088E-05,  -0.0452261
  7.9092E-05,  -0.0444724
  7.9096E-05,  -0.0439698
    7.91E-05,  -0.0447236
  7.9104E-05,  -0.0449749
  7.9108E-05,  -0.0437186
  7.9112E-05,  -0.0434673
  7.9116E-05,  -0.0439698
   7.912E-05,  -0.0437186
  7.9124E-05,  -0.0424623
  7.9128E-05,  -0.0422111
  7.9132E-05,  -0.0427136
  7.9136E-05,  -0.0417085
   7.914E-05,  -0.0404523
  7.9144E-05,  -0.0404523
  7.9148E-05,  -0.0409548
  7.9152E-05,   -0.040201
  7.9156E-05,  -0.0394472
   7.916E-05,  -0.0399497
  7.9164E-05,  -0.0404523
  7.9168E-05,  -0.0394472
  7.9172E-05,  -0.0389447
  7.9176E-05,  -0.0396985
   7.918E-05,  -0.0399497
  7.9184E-05,  -0.0386935
  7.9188E-05,   -0.038191
  7.9192E-05,  -0.0386935
  7.9196E-05,  -0.0384422
    7.92E-05,  -0.0369347
  7.9204E-05,  -0.0366834
  7.9208E-05,  -0.0371859
  7.9212E-05,  -0.0361809
  7.9216E-05,  -0.0349246
   7.922E-05,  -0.0354271
  7.9224E-05,  -0.0361809
  7.9228E-05,  -0.0356784
  7.9232E-05,  -0.0349246
  7.9236E-05,  -0.0356784
   7.924E-05,  -0.0361809
  7.9244E-05,  -0.0351759
  7.9248E-05,  -0.0346734
  7.9252E-05,  -0.0351759
  7.9256E-05,  -0.0349246
   7.926E-05,  -0.0334171
  7.9264E-05,  -0.0331658
  7.9268E-05,  -0.0336683
  7.9272E-05,  -0.0326633
  7.9276E-05,   -0.031407
   7.928E-05,   -0.031407
  7.9284E-05,  -0.0321608
  7.9288E-05,   -0.031407
  7.9292E-05,  -0.0306533
  7.9296E-05,   -0.031407
    7.93E-05,  -0.0319095
  7.9304E-05,   -0.031407
  7.9308E-05,  -0.0306533
  7.9312E-05,   -0.031407
  7.9316E-05,   -0.031407
   7.932E-05,  -0.0301508
  7.9324E-05,  -0.0296482
  7.9328E-05,  -0.0301508
  7.9332E-05,   -0.029397
  7.9336E-05,  -0.0281407
   7.934E-05,  -0.0276382
  7.9344E-05,  -0.0281407
  7.9348E-05,  -0.0276382
  7.9352E-05,  -0.0266332
  7.9356E-05,  -0.0271357
   7.936E-05,  -0.0278894
  7.9364E-05,  -0.0271357
  7.9368E-05,  -0.0266332
  7.9372E-05,  -0.0271357
  7.9376E-05,  -0.0276382
   7.938E-05,  -0.0268844
  7.9384E-05,  -0.0261307
  7.9388E-05,  -0.0266332
  7.9392E-05,  -0.0263819
  7.9396E-05,  -0.0251256
    7.94E-05,  -0.0246231
  7.9404E-05,  -0.0251256
  7.9408E-05,  -0.0246231
  7.9412E-05,  -0.0233668
  7.9416E-05,  -0.0236181
   7.942E-05,  -0.0241206
  7.9424E-05,  -0.0238693
  7.9428E-05,  -0.0233668
  7.9432E-05,  -0.0236181
  7.9436E-05,  -0.0241206
   7.944E-05,  -0.0236181
  7.9444E-05,  -0.0231156
  7.9448E-05,  -0.0236181
  7.9452E-05,  -0.0238693
  7.9456E-05,  -0.0228643
   7.946E-05,  -0.0223618
  7.9464E-05,  -0.0228643
  7.9468E-05,  -0.0228643
  7.9472E-05,   -0.021608
  7.9476E-05,  -0.0211055
   7.948E-05,  -0.0218593
  7.9484E-05,   -0.021608
  7.9488E-05,   -0.020603
  7.9492E-05,  -0.0208543
  7.9496E-05,  -0.0218593
    7.95E-05,  -0.0213568
  7.9504E-05,   -0.020603
  7.9508E-05,  -0.0211055
  7.9512E-05,   -0.021608
  7.9516E-05,  -0.0208543
   7.952E-05,  -0.0203518
  7.9524E-05,  -0.0211055
  7.9528E-05,  -0.0211055
  7.9532E-05,  -0.0198492
  7.9536E-05,   -0.019598
   7.954E-05,  -0.0203518
  7.9544E-05,  -0.0198492
  7.9548E-05,  -0.0188442
  7.9552E-05,  -0.0188442
  7.9556E-05,  -0.0198492
   7.956E-05,  -0.0193467
  7.9564E-05,   -0.018593
  7.9568E-05,  -0.0193467
  7.9572E-05,  -0.0201005
  7.9576E-05,   -0.019598
   7.958E-05,  -0.0188442
  7.9584E-05,   -0.019598
  7.9588E-05,  -0.0201005
  7.9592E-05,  -0.0193467
  7.9596E-05,  -0.0193467
    7.96E-05,   -0.019598
  7.9604E-05,   -0.019598
  7.9608E-05,   -0.018593
  7.9612E-05,   -0.018593
  7.9616E-05,  -0.0190955
   7.962E-05,  -0.0188442
  7.9624E-05,  -0.0180905
  7.9628E-05,   -0.018593
  7.9632E-05,  -0.0193467
  7.9636E-05,  -0.0190955
   7.964E-05,  -0.0183417
  7.9644E-05,  -0.0190955
  7.9648E-05,   -0.019598
  7.9652E-05,  -0.0193467
  7.9656E-05,  -0.0188442
   7.966E-05,   -0.019598
  7.9664E-05,   -0.019598
  7.9668E-05,  -0.0188442
  7.9672E-05,  -0.0188442
  7.9676E-05,  -0.0193467
   7.968E-05,  -0.0190955
  7.9684E-05,  -0.0183417
  7.9688E-05,  -0.0183417
  7.9692E-05,  -0.0193467
  7.9696E-05,  -0.0188442
    7.97E-05,  -0.0183417
  7.9704E-05,  -0.0190955
  7.9708E-05,   -0.019598
  7.9712E-05,  -0.0193467
  7.9716E-05,  -0.0190955
   7.972E-05,  -0.0198492
  7.9724E-05,  -0.0201005
  7.9728E-05,   -0.019598
  7.9732E-05,  -0.0193467
  7.9736E-05,  -0.0201005
   7.974E-05,  -0.0203518
  7.9744E-05,  -0.0193467
  7.9748E-05,  -0.0190955
  7.9752E-05,  -0.0198492
  7.9756E-05,  -0.0203518
   7.976E-05,  -0.0193467
  7.9764E-05,   -0.019598
  7.9768E-05,   -0.020603
  7.9772E-05,   -0.020603
  7.9776E-05,  -0.0201005
   7.978E-05,   -0.020603
  7.9784E-05,  -0.0213568
  7.9788E-05,  -0.0208543
  7.9792E-05,   -0.020603
  7.9796E-05,  -0.0213568
    7.98E-05,  -0.0218593
  7.9804E-05,  -0.0211055
  7.9808E-05,  -0.0208543
  7.9812E-05,   -0.021608
  7.9816E-05,  -0.0218593
   7.982E-05,  -0.0211055
  7.9824E-05,  -0.0211055
  7.9828E-05,  -0.0221106
  7.9832E-05,  -0.0221106
  7.9836E-05,   -0.021608
   7.984E-05,  -0.0221106
  7.9844E-05,  -0.0231156
  7.9848E-05,  -0.0226131
  7.9852E-05,  -0.0221106
  7.9856E-05,  -0.0228643
   7.986E-05,  -0.0238693
  7.9864E-05,  -0.0233668
  7.9868E-05,  -0.0231156
  7.9872E-05,  -0.0238693
  7.9876E-05,  -0.0243719
   7.988E-05,  -0.0238693
  7.9884E-05,  -0.0236181
  7.9888E-05,  -0.0246231
  7.9892E-05,  -0.0248744
  7.9896E-05,  -0.0246231
    7.99E-05,  -0.0246231
  7.9904E-05,  -0.0256281
  7.9908E-05,  -0.0258794
  7.9912E-05,  -0.0251256
  7.9916E-05,  -0.0258794
   7.992E-05,  -0.0268844
  7.9924E-05,  -0.0266332
  7.9928E-05,  -0.0261307
  7.9932E-05,  -0.0268844
  7.9936E-05,  -0.0278894
   7.994E-05,  -0.0273869
  7.9944E-05,  -0.0268844
  7.9948E-05,  -0.0278894
  7.9952E-05,  -0.0286432
  7.9956E-05,  -0.0281407
   7.996E-05,  -0.0278894
  7.9964E-05,  -0.0291457
  7.9968E-05,  -0.0296482
  7.9972E-05,  -0.0288945
  7.9976E-05,   -0.029397
   7.998E-05,   -0.030402
  7.9984E-05,   -0.030402
  7.9988E-05,  -0.0298995
  7.9992E-05,   -0.030402
  7.9996E-05,  -0.0306533
       8E-05,  -0.0291457
  8.0004E-05,  -0.0296482
  8.0008E-05,  -0.0319095
  8.0012E-05,  -0.0311558
  8.0016E-05,   -0.028392
   8.002E-05,  -0.0324121
  8.0024E-05,   -0.039196
  8.0028E-05,  -0.0394472
  8.0032E-05,  -0.0344221
  8.0036E-05,  -0.0344221
   8.004E-05,  -0.0399497
  8.0044E-05,  -0.0356784
  8.0048E-05,  -0.0288945
  8.0052E-05,  -0.0329146
  8.0056E-05,  -0.0386935
   8.006E-05,  -0.0356784
  8.0064E-05,  -0.0309045
  8.0068E-05,  -0.0369347
  8.0072E-05,  -0.0429648
  8.0076E-05,   -0.041206
   8.008E-05,  -0.0371859
  8.0084E-05,  -0.0379397
  8.0088E-05,  -0.0404523
  8.0092E-05,  -0.0379397
  8.0096E-05,  -0.0356784
    8.01E-05,   -0.038191
  8.0104E-05,  -0.0414573
  8.0108E-05,  -0.0409548
  8.0112E-05,  -0.0384422
  8.0116E-05,  -0.0399497
   8.012E-05,  -0.0434673
  8.0124E-05,  -0.0449749
  8.0128E-05,  -0.0442211
  8.0132E-05,  -0.0442211
  8.0136E-05,  -0.0447236
   8.014E-05,  -0.0434673
  8.0144E-05,  -0.0429648
  8.0148E-05,  -0.0439698
  8.0152E-05,  -0.0457286
  8.0156E-05,  -0.0462312
   8.016E-05,  -0.0457286
  8.0164E-05,  -0.0457286
  8.0168E-05,  -0.0462312
  8.0172E-05,  -0.0474874
  8.0176E-05,  -0.0482412
   8.018E-05,  -0.0487437
  8.0184E-05,  -0.0484925
  8.0188E-05,  -0.0487437
  8.0192E-05,   -0.048995
  8.0196E-05,  -0.0487437
    8.02E-05,  -0.0494975
  8.0204E-05,  -0.0512563
  8.0208E-05,  -0.0517588
  8.0212E-05,  -0.0507538
  8.0216E-05,  -0.0507538
   8.022E-05,  -0.0525126
  8.0224E-05,  -0.0540201
  8.0228E-05,  -0.0537688
  8.0232E-05,  -0.0540201
  8.0236E-05,  -0.0550251
   8.024E-05,  -0.0547739
  8.0244E-05,  -0.0537688
  8.0248E-05,  -0.0542714
  8.0252E-05,  -0.0557789
  8.0256E-05,  -0.0567839
   8.026E-05,  -0.0560302
  8.0264E-05,  -0.0565327
  8.0268E-05,  -0.0577889
  8.0272E-05,  -0.0580402
  8.0276E-05,  -0.0582915
   8.028E-05,  -0.0590452
  8.0284E-05,  -0.0603015
  8.0288E-05,   -0.059799
  8.0292E-05,  -0.0592965
  8.0296E-05,  -0.0600502
    8.03E-05,  -0.0610553
  8.0304E-05,  -0.0613065
  8.0308E-05,  -0.0610553
  8.0312E-05,   -0.061809
  8.0316E-05,  -0.0623116
   8.032E-05,   -0.061809
  8.0324E-05,  -0.0623116
  8.0328E-05,  -0.0640704
  8.0332E-05,  -0.0648241
  8.0336E-05,  -0.0643216
   8.034E-05,  -0.0648241
  8.0344E-05,  -0.0655779
  8.0348E-05,  -0.0653266
  8.0352E-05,  -0.0653266
  8.0356E-05,  -0.0663317
   8.036E-05,  -0.0673367
  8.0364E-05,  -0.0668342
  8.0368E-05,  -0.0665829
  8.0372E-05,  -0.0678392
  8.0376E-05,   -0.068593
   8.038E-05,   -0.068593
  8.0384E-05,   -0.068593
  8.0388E-05,  -0.0698492
  8.0392E-05,  -0.0701005
  8.0396E-05,  -0.0693467
    8.04E-05,  -0.0698492
  8.0404E-05,  -0.0711055
  8.0408E-05,   -0.071608
  8.0412E-05,  -0.0708543
  8.0416E-05,  -0.0713568
   8.042E-05,  -0.0723618
  8.0424E-05,  -0.0723618
  8.0428E-05,  -0.0723618
  8.0432E-05,  -0.0733668
  8.0436E-05,  -0.0743719
   8.044E-05,  -0.0736181
  8.0444E-05,  -0.0736181
  8.0448E-05,  -0.0746231
  8.0452E-05,  -0.0751256
  8.0456E-05,  -0.0748744
   8.046E-05,  -0.0751256
  8.0464E-05,  -0.0763819
  8.0468E-05,  -0.0761307
  8.0472E-05,  -0.0756281
  8.0476E-05,  -0.0761307
   8.048E-05,  -0.0773869
  8.0484E-05,  -0.0776382
  8.0488E-05,  -0.0771357
  8.0492E-05,  -0.0778894
  8.0496E-05,  -0.0788945
    8.05E-05,   -0.078392
  8.0504E-05,   -0.078392
  8.0508E-05,   -0.079397
  8.0512E-05,  -0.0801508
  8.0516E-05,   -0.079397
   8.052E-05,  -0.0791457
  8.0524E-05,  -0.0801508
  8.0528E-05,  -0.0809045
  8.0532E-05,   -0.080402
  8.0536E-05,  -0.0806533
   8.054E-05,  -0.0816583
  8.0544E-05,  -0.0816583
  8.0548E-05,  -0.0811558
  8.0552E-05,  -0.0819095
  8.0556E-05,  -0.0829146
   8.056E-05,  -0.0829146
  8.0564E-05,  -0.0826633
  8.0568E-05,  -0.0831658
  8.0572E-05,  -0.0839196
  8.0576E-05,  -0.0834171
   8.058E-05,  -0.0831658
  8.0584E-05,  -0.0841709
  8.0588E-05,  -0.0846734
  8.0592E-05,  -0.0841709
  8.0596E-05,  -0.0841709
    8.06E-05,  -0.0849246
  8.0604E-05,  -0.0851759
  8.0608E-05,  -0.0846734
  8.0612E-05,  -0.0849246
  8.0616E-05,  -0.0859296
   8.062E-05,  -0.0856784
  8.0624E-05,  -0.0851759
  8.0628E-05,  -0.0859296
  8.0632E-05,  -0.0869347
  8.0636E-05,  -0.0866834
   8.064E-05,  -0.0861809
  8.0644E-05,  -0.0869347
  8.0648E-05,  -0.0874372
  8.0652E-05,  -0.0869347
  8.0656E-05,  -0.0866834
   8.066E-05,  -0.0876884
  8.0664E-05,  -0.0884422
  8.0668E-05,  -0.0871859
  8.0672E-05,  -0.0871859
  8.0676E-05,  -0.0884422
   8.068E-05,  -0.0884422
  8.0684E-05,  -0.0876884
  8.0688E-05,  -0.0879397
  8.0692E-05,   -0.089196
  8.0696E-05,  -0.0889447
    8.07E-05,   -0.088191
  8.0704E-05,  -0.0886935
  8.0708E-05,  -0.0896985
  8.0712E-05,   -0.089196
  8.0716E-05,  -0.0886935
   8.072E-05,  -0.0894472
  8.0724E-05,  -0.0899497
  8.0728E-05,   -0.089196
  8.0732E-05,  -0.0886935
  8.0736E-05,  -0.0896985
   8.074E-05,   -0.090201
  8.0744E-05,   -0.089196
  8.0748E-05,   -0.089196
  8.0752E-05,   -0.090201
  8.0756E-05,   -0.090201
   8.076E-05,  -0.0894472
  8.0764E-05,  -0.0899497
  8.0768E-05,  -0.0907035
  8.0772E-05,  -0.0904523
  8.0776E-05,  -0.0896985
   8.078E-05,   -0.090201
  8.0784E-05,  -0.0909548
  8.0788E-05,   -0.090201
  8.0792E-05,  -0.0899497
  8.0796E-05,  -0.0907035
    8.08E-05,  -0.0909548
  8.0804E-05,   -0.090201
  8.0808E-05,  -0.0896985
  8.0812E-05,  -0.0907035
  8.0816E-05,  -0.0907035
   8.082E-05,  -0.0896985
  8.0824E-05,  -0.0899497
  8.0828E-05,  -0.0909548
  8.0832E-05,  -0.0907035
  8.0836E-05,  -0.0899497
   8.084E-05,  -0.0904523
  8.0844E-05,   -0.091206
  8.0848E-05,  -0.0904523
  8.0852E-05,  -0.0896985
  8.0856E-05,  -0.0904523
   8.086E-05,  -0.0909548
  8.0864E-05,   -0.090201
  8.0868E-05,  -0.0896985
  8.0872E-05,  -0.0904523
  8.0876E-05,  -0.0907035
   8.088E-05,  -0.0896985
  8.0884E-05,   -0.089196
  8.0888E-05,  -0.0904523
  8.0892E-05,   -0.090201
  8.0896E-05,  -0.0894472
    8.09E-05,  -0.0894472
  8.0904E-05,   -0.090201
  8.0908E-05,  -0.0899497
  8.0912E-05,  -0.0889447
  8.0916E-05,   -0.089196
   8.092E-05,  -0.0899497
  8.0924E-05,   -0.089196
  8.0928E-05,  -0.0886935
  8.0932E-05,   -0.089196
  8.0936E-05,  -0.0894472
   8.094E-05,  -0.0886935
  8.0944E-05,  -0.0879397
  8.0948E-05,  -0.0886935
  8.0952E-05,  -0.0886935
  8.0956E-05,  -0.0876884
   8.096E-05,  -0.0876884
  8.0964E-05,  -0.0884422
  8.0968E-05,   -0.088191
  8.0972E-05,  -0.0871859
  8.0976E-05,  -0.0874372
   8.098E-05,  -0.0879397
  8.0984E-05,  -0.0876884
  8.0988E-05,  -0.0866834
  8.0992E-05,  -0.0869347
  8.0996E-05,  -0.0876884
     8.1E-05,  -0.0869347
  8.1004E-05,  -0.0859296
  8.1008E-05,  -0.0864322
  8.1012E-05,  -0.0866834
  8.1016E-05,  -0.0856784
   8.102E-05,  -0.0851759
  8.1024E-05,  -0.0859296
  8.1028E-05,  -0.0859296
  8.1032E-05,  -0.0846734
  8.1036E-05,  -0.0846734
   8.104E-05,  -0.0851759
  8.1044E-05,  -0.0851759
  8.1048E-05,  -0.0839196
  8.1052E-05,  -0.0841709
  8.1056E-05,  -0.0846734
   8.106E-05,  -0.0839196
  8.1064E-05,  -0.0831658
  8.1068E-05,  -0.0834171
  8.1072E-05,  -0.0836683
  8.1076E-05,  -0.0826633
   8.108E-05,  -0.0819095
  8.1084E-05,  -0.0826633
  8.1088E-05,  -0.0824121
  8.1092E-05,   -0.081407
  8.1096E-05,  -0.0811558
    8.11E-05,  -0.0819095
  8.1104E-05,   -0.081407
  8.1108E-05,   -0.080402
  8.1112E-05,   -0.080402
  8.1116E-05,  -0.0809045
   8.112E-05,   -0.080402
  8.1124E-05,   -0.079397
  8.1128E-05,   -0.079397
  8.1132E-05,  -0.0796482
  8.1136E-05,  -0.0791457
   8.114E-05,  -0.0781407
  8.1144E-05,   -0.078392
  8.1148E-05,  -0.0786432
  8.1152E-05,  -0.0776382
  8.1156E-05,  -0.0771357
   8.116E-05,  -0.0776382
  8.1164E-05,  -0.0776382
  8.1168E-05,  -0.0766332
  8.1172E-05,  -0.0761307
  8.1176E-05,  -0.0766332
   8.118E-05,  -0.0763819
  8.1184E-05,  -0.0751256
  8.1188E-05,  -0.0748744
  8.1192E-05,  -0.0753769
  8.1196E-05,  -0.0751256
    8.12E-05,  -0.0738693
  8.1204E-05,  -0.0738693
  8.1208E-05,  -0.0741206
  8.1212E-05,  -0.0733668
  8.1216E-05,  -0.0726131
   8.122E-05,  -0.0728643
  8.1224E-05,  -0.0728643
  8.1228E-05,  -0.0718593
  8.1232E-05,  -0.0711055
  8.1236E-05,   -0.071608
   8.124E-05,   -0.071608
  8.1244E-05,  -0.0701005
  8.1248E-05,  -0.0698492
  8.1252E-05,  -0.0703518
  8.1256E-05,  -0.0698492
   8.126E-05,   -0.068593
  8.1264E-05,   -0.068593
  8.1268E-05,  -0.0693467
  8.1272E-05,  -0.0683417
  8.1276E-05,  -0.0673367
   8.128E-05,  -0.0673367
  8.1284E-05,  -0.0675879
  8.1288E-05,  -0.0665829
  8.1292E-05,  -0.0658291
  8.1296E-05,  -0.0663317
    8.13E-05,  -0.0660804
  8.1304E-05,  -0.0650754
  8.1308E-05,  -0.0645729
  8.1312E-05,  -0.0648241
  8.1316E-05,  -0.0645729
   8.132E-05,  -0.0633166
  8.1324E-05,  -0.0630653
  8.1328E-05,  -0.0635678
  8.1332E-05,  -0.0630653
  8.1336E-05,   -0.061809
   8.134E-05,   -0.061809
  8.1344E-05,  -0.0620603
  8.1348E-05,  -0.0610553
  8.1352E-05,  -0.0600502
  8.1356E-05,  -0.0603015
   8.136E-05,  -0.0605528
  8.1364E-05,  -0.0595477
  8.1368E-05,   -0.058794
  8.1372E-05,  -0.0590452
  8.1376E-05,   -0.058794
   8.138E-05,  -0.0575377
  8.1384E-05,  -0.0572864
  8.1388E-05,  -0.0575377
  8.1392E-05,  -0.0572864
  8.1396E-05,  -0.0560302
    8.14E-05,  -0.0560302
  8.1404E-05,  -0.0562814
  8.1408E-05,  -0.0555276
  8.1412E-05,  -0.0542714
  8.1416E-05,  -0.0545226
   8.142E-05,  -0.0547739
  8.1424E-05,  -0.0537688
  8.1428E-05,  -0.0530151
  8.1432E-05,  -0.0532663
  8.1436E-05,  -0.0532663
   8.144E-05,    -0.05201
  8.1444E-05,  -0.0512563
  8.1448E-05,  -0.0517588
  8.1452E-05,  -0.0515075
  8.1456E-05,  -0.0505025
   8.146E-05,       -0.05
  8.1464E-05,  -0.0502513
  8.1468E-05,       -0.05
  8.1472E-05,  -0.0487437
  8.1476E-05,  -0.0487437
   8.148E-05,   -0.048995
  8.1484E-05,  -0.0479899
  8.1488E-05,  -0.0469849
  8.1492E-05,  -0.0472362
  8.1496E-05,  -0.0474874
    8.15E-05,  -0.0462312
  8.1504E-05,  -0.0454774
  8.1508E-05,  -0.0459799
  8.1512E-05,  -0.0459799
  8.1516E-05,  -0.0447236
   8.152E-05,  -0.0439698
  8.1524E-05,  -0.0444724
  8.1528E-05,  -0.0442211
  8.1532E-05,  -0.0429648
  8.1536E-05,  -0.0427136
   8.154E-05,  -0.0432161
  8.1544E-05,  -0.0424623
  8.1548E-05,   -0.041206
  8.1552E-05,  -0.0414573
  8.1556E-05,  -0.0417085
   8.156E-05,  -0.0409548
  8.1564E-05,  -0.0399497
  8.1568E-05,   -0.040201
  8.1572E-05,  -0.0404523
  8.1576E-05,   -0.039196
   8.158E-05,  -0.0384422
  8.1584E-05,  -0.0389447
  8.1588E-05,  -0.0386935
  8.1592E-05,  -0.0374372
  8.1596E-05,  -0.0371859
    8.16E-05,  -0.0374372
  8.1604E-05,  -0.0371859
  8.1608E-05,  -0.0359296
  8.1612E-05,  -0.0356784
  8.1616E-05,  -0.0361809
   8.162E-05,  -0.0354271
  8.1624E-05,  -0.0344221
  8.1628E-05,  -0.0344221
  8.1632E-05,  -0.0349246
  8.1636E-05,  -0.0341709
   8.164E-05,  -0.0331658
  8.1644E-05,  -0.0334171
  8.1648E-05,  -0.0334171
  8.1652E-05,  -0.0324121
  8.1656E-05,  -0.0319095
   8.166E-05,  -0.0321608
  8.1664E-05,  -0.0321608
  8.1668E-05,  -0.0309045
  8.1672E-05,  -0.0306533
  8.1676E-05,  -0.0309045
   8.168E-05,  -0.0306533
  8.1684E-05,   -0.029397
  8.1688E-05,   -0.029397
  8.1692E-05,  -0.0298995
  8.1696E-05,  -0.0288945
    8.17E-05,  -0.0281407
  8.1704E-05,  -0.0286432
  8.1708E-05,  -0.0286432
  8.1712E-05,  -0.0276382
  8.1716E-05,  -0.0266332
   8.172E-05,  -0.0273869
  8.1724E-05,  -0.0273869
  8.1728E-05,  -0.0263819
  8.1732E-05,  -0.0258794
  8.1736E-05,  -0.0261307
   8.174E-05,  -0.0258794
  8.1744E-05,  -0.0251256
  8.1748E-05,  -0.0246231
  8.1752E-05,  -0.0251256
  8.1756E-05,  -0.0246231
   8.176E-05,  -0.0236181
  8.1764E-05,  -0.0238693
  8.1768E-05,  -0.0241206
  8.1772E-05,  -0.0231156
  8.1776E-05,  -0.0223618
   8.178E-05,  -0.0226131
  8.1784E-05,  -0.0228643
  8.1788E-05,  -0.0221106
  8.1792E-05,  -0.0213568
  8.1796E-05,  -0.0218593
    8.18E-05,  -0.0218593
  8.1804E-05,  -0.0208543
  8.1808E-05,  -0.0203518
  8.1812E-05,  -0.0208543
  8.1816E-05,  -0.0203518
   8.182E-05,   -0.019598
  8.1824E-05,   -0.019598
  8.1828E-05,  -0.0201005
  8.1832E-05,  -0.0193467
  8.1836E-05,   -0.018593
   8.184E-05,  -0.0188442
  8.1844E-05,  -0.0190955
  8.1848E-05,  -0.0180905
  8.1852E-05,  -0.0175879
  8.1856E-05,  -0.0180905
   8.186E-05,  -0.0180905
  8.1864E-05,  -0.0170854
  8.1868E-05,  -0.0168342
  8.1872E-05,  -0.0173367
  8.1876E-05,  -0.0173367
   8.188E-05,  -0.0160804
  8.1884E-05,  -0.0160804
  8.1888E-05,  -0.0165829
  8.1892E-05,  -0.0163317
  8.1896E-05,  -0.0153266
    8.19E-05,  -0.0155779
  8.1904E-05,  -0.0160804
  8.1908E-05,  -0.0153266
  8.1912E-05,  -0.0143216
  8.1916E-05,  -0.0145729
   8.192E-05,  -0.0148241
  8.1924E-05,  -0.0140704
  8.1928E-05,  -0.0135678
  8.1932E-05,  -0.0143216
  8.1936E-05,  -0.0143216
   8.194E-05,  -0.0133166
  8.1944E-05,  -0.0128141
  8.1948E-05,  -0.0135678
  8.1952E-05,  -0.0133166
  8.1956E-05,  -0.0125628
   8.196E-05,  -0.0123116
  8.1964E-05,  -0.0130653
  8.1968E-05,  -0.0128141
  8.1972E-05,   -0.011809
  8.1976E-05,  -0.0120603
   8.198E-05,  -0.0123116
  8.1984E-05,   -0.011809
  8.1988E-05,  -0.0110553
  8.1992E-05,  -0.0115578
  8.1996E-05,  -0.0120603
     8.2E-05,  -0.0110553
  8.2004E-05,  -0.0105528
  8.2008E-05,  -0.0113065
  8.2012E-05,  -0.0113065
  8.2016E-05,  -0.0103015
   8.202E-05,  -0.0100503
  8.2024E-05,   -0.010804
  8.2028E-05,  -0.0105528
  8.2032E-05,   -0.009799
  8.2036E-05,   -0.009799
   8.204E-05,  -0.0103015
  8.2044E-05,  -0.0100503
  8.2048E-05, -0.00904523
  8.2052E-05, -0.00929648
  8.2056E-05,  -0.0100503
   8.206E-05, -0.00929648
  8.2064E-05, -0.00879397
  8.2068E-05, -0.00929648
  8.2072E-05, -0.00929648
  8.2076E-05, -0.00854271
   8.208E-05,  -0.0080402
  8.2084E-05, -0.00879397
  8.2088E-05, -0.00904523
  8.2092E-05,  -0.0080402
  8.2096E-05,  -0.0080402
    8.21E-05, -0.00879397
  8.2104E-05, -0.00854271
  8.2108E-05, -0.00778894
  8.2112E-05, -0.00778894
  8.2116E-05, -0.00829146
   8.212E-05,  -0.0080402
  8.2124E-05, -0.00728643
  8.2128E-05, -0.00778894
  8.2132E-05, -0.00829146
  8.2136E-05, -0.00753769
   8.214E-05, -0.00703518
  8.2144E-05, -0.00778894
  8.2148E-05,  -0.0080402
  8.2152E-05, -0.00703518
  8.2156E-05, -0.00678392
   8.216E-05, -0.00753769
  8.2164E-05, -0.00778894
  8.2168E-05, -0.00678392
  8.2172E-05, -0.00678392
  8.2176E-05, -0.00753769
   8.218E-05, -0.00703518
  8.2184E-05, -0.00628141
  8.2188E-05, -0.00653266
  8.2192E-05, -0.00728643
  8.2196E-05, -0.00678392
    8.22E-05, -0.00603015
  8.2204E-05, -0.00678392
  8.2208E-05, -0.00728643
  8.2212E-05, -0.00653266
  8.2216E-05, -0.00603015
   8.222E-05, -0.00678392
  8.2224E-05, -0.00703518
  8.2228E-05, -0.00603015
  8.2232E-05, -0.00603015
  8.2236E-05, -0.00678392
   8.224E-05, -0.00703518
  8.2244E-05, -0.00577889
  8.2248E-05, -0.00577889
  8.2252E-05, -0.00678392
  8.2256E-05, -0.00678392
   8.226E-05, -0.00577889
  8.2264E-05, -0.00628141
  8.2268E-05, -0.00703518
  8.2272E-05, -0.00653266
  8.2276E-05, -0.00577889
   8.228E-05, -0.00653266
  8.2284E-05, -0.00703518
  8.2288E-05, -0.00603015
  8.2292E-05, -0.00577889
  8.2296E-05, -0.00678392
    8.23E-05, -0.00703518
  8.2304E-05, -0.00603015
  8.2308E-05, -0.00603015
  8.2312E-05, -0.00703518
  8.2316E-05, -0.00703518
   8.232E-05, -0.00603015
  8.2324E-05, -0.00628141
  8.2328E-05, -0.00728643
  8.2332E-05, -0.00703518
  8.2336E-05, -0.00628141
   8.234E-05, -0.00678392
  8.2344E-05, -0.00728643
  8.2348E-05, -0.00653266
  8.2352E-05, -0.00628141
  8.2356E-05, -0.00703518
   8.236E-05, -0.00753769
  8.2364E-05, -0.00678392
  8.2368E-05, -0.00653266
  8.2372E-05, -0.00728643
  8.2376E-05, -0.00753769
   8.238E-05, -0.00678392
  8.2384E-05, -0.00678392
  8.2388E-05, -0.00778894
  8.2392E-05, -0.00753769
  8.2396E-05, -0.00703518
    8.24E-05, -0.00753769
  8.2404E-05,  -0.0080402
  8.2408E-05, -0.00778894
  8.2412E-05, -0.00703518
  8.2416E-05, -0.00753769
   8.242E-05, -0.00829146
  8.2424E-05, -0.00753769
  8.2428E-05, -0.00753769
  8.2432E-05,  -0.0080402
  8.2436E-05, -0.00854271
   8.244E-05,  -0.0080402
  8.2444E-05, -0.00778894
  8.2448E-05, -0.00879397
  8.2452E-05, -0.00879397
  8.2456E-05,  -0.0080402
   8.246E-05, -0.00854271
  8.2464E-05, -0.00929648
  8.2468E-05, -0.00904523
  8.2472E-05, -0.00829146
  8.2476E-05, -0.00904523
   8.248E-05, -0.00954774
  8.2484E-05, -0.00929648
  8.2488E-05, -0.00879397
  8.2492E-05, -0.00954774
  8.2496E-05,  -0.0100503
    8.25E-05, -0.00954774
  8.2504E-05, -0.00954774
  8.2508E-05,  -0.0103015
  8.2512E-05,  -0.0105528
  8.2516E-05,   -0.009799
   8.252E-05,   -0.009799
  8.2524E-05,   -0.010804
  8.2528E-05,   -0.010804
  8.2532E-05,  -0.0103015
  8.2536E-05,  -0.0105528
   8.254E-05,  -0.0113065
  8.2544E-05,  -0.0113065
  8.2548E-05,  -0.0105528
  8.2552E-05,  -0.0110553
  8.2556E-05,  -0.0120603
   8.256E-05,  -0.0115578
  8.2564E-05,  -0.0113065
  8.2568E-05,  -0.0120603
  8.2572E-05,  -0.0128141
  8.2576E-05,  -0.0120603
   8.258E-05,   -0.011809
  8.2584E-05,  -0.0128141
  8.2588E-05,  -0.0130653
  8.2592E-05,  -0.0125628
  8.2596E-05,  -0.0128141
    8.26E-05,  -0.0138191
  8.2604E-05,  -0.0138191
  8.2608E-05,  -0.0130653
  8.2612E-05,  -0.0135678
  8.2616E-05,  -0.0143216
   8.262E-05,  -0.0143216
  8.2624E-05,  -0.0138191
  8.2628E-05,  -0.0145729
  8.2632E-05,  -0.0150754
  8.2636E-05,  -0.0148241
   8.264E-05,  -0.0145729
  8.2644E-05,  -0.0153266
  8.2648E-05,  -0.0158291
  8.2652E-05,  -0.0150754
  8.2656E-05,  -0.0153266
   8.266E-05,  -0.0163317
  8.2664E-05,  -0.0165829
  8.2668E-05,  -0.0158291
  8.2672E-05,  -0.0163317
  8.2676E-05,  -0.0173367
   8.268E-05,  -0.0170854
  8.2684E-05,  -0.0165829
  8.2688E-05,  -0.0170854
  8.2692E-05,  -0.0183417
  8.2696E-05,  -0.0178392
    8.27E-05,  -0.0175879
  8.2704E-05,  -0.0183417
  8.2708E-05,  -0.0188442
  8.2712E-05,   -0.018593
  8.2716E-05,  -0.0183417
   8.272E-05,  -0.0193467
  8.2724E-05,  -0.0198492
  8.2728E-05,  -0.0193467
  8.2732E-05,   -0.019598
  8.2736E-05,  -0.0203518
   8.274E-05,   -0.020603
  8.2744E-05,  -0.0201005
  8.2748E-05,   -0.020603
  8.2752E-05,   -0.021608
  8.2756E-05,  -0.0213568
   8.276E-05,  -0.0208543
  8.2764E-05,   -0.021608
  8.2768E-05,  -0.0226131
  8.2772E-05,  -0.0221106
  8.2776E-05,   -0.021608
   8.278E-05,  -0.0226131
  8.2784E-05,  -0.0233668
  8.2788E-05,  -0.0231156
  8.2792E-05,  -0.0228643
  8.2796E-05,  -0.0241206
    8.28E-05,  -0.0243719
  8.2804E-05,  -0.0238693
  8.2808E-05,  -0.0241206
  8.2812E-05,  -0.0251256
  8.2816E-05,  -0.0251256
   8.282E-05,  -0.0246231
  8.2824E-05,  -0.0253769
  8.2828E-05,  -0.0263819
  8.2832E-05,  -0.0261307
  8.2836E-05,  -0.0256281
   8.284E-05,  -0.0266332
  8.2844E-05,  -0.0273869
  8.2848E-05,  -0.0268844
  8.2852E-05,  -0.0268844
  8.2856E-05,  -0.0278894
   8.286E-05,   -0.028392
  8.2864E-05,  -0.0278894
  8.2868E-05,  -0.0281407
  8.2872E-05,  -0.0291457
  8.2876E-05,   -0.029397
   8.288E-05,  -0.0288945
  8.2884E-05,  -0.0291457
  8.2888E-05,  -0.0301508
  8.2892E-05,   -0.030402
  8.2896E-05,  -0.0298995
    8.29E-05,  -0.0306533
  8.2904E-05,  -0.0316583
  8.2908E-05,  -0.0311558
  8.2912E-05,  -0.0309045
  8.2916E-05,  -0.0316583
   8.292E-05,  -0.0326633
  8.2924E-05,  -0.0321608
  8.2928E-05,  -0.0319095
  8.2932E-05,  -0.0331658
  8.2936E-05,  -0.0339196
   8.294E-05,  -0.0329146
  8.2944E-05,  -0.0331658
  8.2948E-05,  -0.0344221
  8.2952E-05,  -0.0346734
  8.2956E-05,  -0.0341709
   8.296E-05,  -0.0346734
  8.2964E-05,  -0.0359296
  8.2968E-05,  -0.0356784
  8.2972E-05,  -0.0349246
  8.2976E-05,  -0.0356784
   8.298E-05,  -0.0369347
  8.2984E-05,  -0.0364322
  8.2988E-05,  -0.0359296
  8.2992E-05,  -0.0371859
  8.2996E-05,  -0.0379397
     8.3E-05,  -0.0374372
  8.3004E-05,  -0.0374372
  8.3008E-05,  -0.0384422
  8.3012E-05,  -0.0389447
  8.3016E-05,   -0.038191
   8.302E-05,  -0.0384422
  8.3024E-05,  -0.0396985
  8.3028E-05,  -0.0399497
  8.3032E-05,  -0.0394472
  8.3036E-05,  -0.0399497
   8.304E-05,   -0.041206
  8.3044E-05,   -0.041206
  8.3048E-05,  -0.0404523
  8.3052E-05,   -0.041206
  8.3056E-05,  -0.0422111
   8.306E-05,  -0.0419598
  8.3064E-05,  -0.0417085
  8.3068E-05,  -0.0429648
  8.3072E-05,  -0.0434673
  8.3076E-05,  -0.0429648
   8.308E-05,  -0.0429648
  8.3084E-05,  -0.0439698
  8.3088E-05,  -0.0444724
  8.3092E-05,  -0.0437186
  8.3096E-05,  -0.0444724
    8.31E-05,  -0.0454774
  8.3104E-05,  -0.0454774
  8.3108E-05,  -0.0449749
  8.3112E-05,  -0.0454774
  8.3116E-05,  -0.0464824
   8.312E-05,  -0.0462312
  8.3124E-05,  -0.0459799
  8.3128E-05,  -0.0469849
  8.3132E-05,  -0.0477387
  8.3136E-05,  -0.0472362
   8.314E-05,  -0.0472362
  8.3144E-05,  -0.0482412
  8.3148E-05,  -0.0487437
  8.3152E-05,  -0.0482412
  8.3156E-05,  -0.0487437
   8.316E-05,  -0.0497487
  8.3164E-05,  -0.0497487
  8.3168E-05,  -0.0494975
  8.3172E-05,       -0.05
  8.3176E-05,   -0.051005
   8.318E-05,   -0.051005
  8.3184E-05,  -0.0505025
  8.3188E-05,  -0.0512563
  8.3192E-05,    -0.05201
  8.3196E-05,    -0.05201
    8.32E-05,  -0.0517588
  8.3204E-05,  -0.0527638
  8.3208E-05,  -0.0532663
  8.3212E-05,  -0.0530151
  8.3216E-05,  -0.0530151
   8.322E-05,  -0.0540201
  8.3224E-05,  -0.0542714
  8.3228E-05,  -0.0540201
  8.3232E-05,  -0.0542714
  8.3236E-05,  -0.0552764
   8.324E-05,  -0.0552764
  8.3244E-05,  -0.0547739
  8.3248E-05,  -0.0555276
  8.3252E-05,  -0.0565327
  8.3256E-05,  -0.0565327
   8.326E-05,  -0.0560302
  8.3264E-05,  -0.0570352
  8.3268E-05,  -0.0575377
  8.3272E-05,  -0.0572864
  8.3276E-05,  -0.0572864
   8.328E-05,  -0.0582915
  8.3284E-05,   -0.058794
  8.3288E-05,  -0.0580402
  8.3292E-05,  -0.0585427
  8.3296E-05,  -0.0595477
    8.33E-05,  -0.0600502
  8.3304E-05,  -0.0592965
  8.3308E-05,   -0.059799
  8.3312E-05,   -0.060804
  8.3316E-05,   -0.060804
   8.332E-05,  -0.0603015
  8.3324E-05,  -0.0610553
  8.3328E-05,  -0.0620603
  8.3332E-05,   -0.061809
  8.3336E-05,  -0.0615578
   8.334E-05,  -0.0623116
  8.3344E-05,  -0.0628141
  8.3348E-05,  -0.0625628
  8.3352E-05,  -0.0623116
  8.3356E-05,  -0.0635678
   8.336E-05,  -0.0640704
  8.3364E-05,  -0.0635678
  8.3368E-05,  -0.0638191
  8.3372E-05,  -0.0648241
  8.3376E-05,  -0.0650754
   8.338E-05,  -0.0643216
  8.3384E-05,  -0.0650754
  8.3388E-05,  -0.0660804
  8.3392E-05,  -0.0660804
  8.3396E-05,  -0.0653266
    8.34E-05,  -0.0660804
  8.3404E-05,  -0.0673367
  8.3408E-05,  -0.0668342
  8.3412E-05,  -0.0663317
  8.3416E-05,  -0.0670854
   8.342E-05,  -0.0680905
  8.3424E-05,  -0.0675879
  8.3428E-05,  -0.0675879
  8.3432E-05,  -0.0688442
  8.3436E-05,  -0.0690955
   8.344E-05,  -0.0683417
  8.3444E-05,   -0.068593
  8.3448E-05,  -0.0698492
  8.3452E-05,  -0.0698492
  8.3456E-05,  -0.0690955
   8.346E-05,  -0.0698492
  8.3464E-05,  -0.0708543
  8.3468E-05,  -0.0708543
  8.3472E-05,  -0.0701005
  8.3476E-05,  -0.0708543
   8.348E-05,  -0.0718593
  8.3484E-05,  -0.0713568
  8.3488E-05,  -0.0711055
  8.3492E-05,  -0.0718593
  8.3496E-05,  -0.0728643
    8.35E-05,  -0.0723618
  8.3504E-05,  -0.0723618
  8.3508E-05,  -0.0731156
  8.3512E-05,  -0.0733668
  8.3516E-05,  -0.0728643
   8.352E-05,  -0.0731156
  8.3524E-05,  -0.0741206
  8.3528E-05,  -0.0741206
  8.3532E-05,  -0.0736181
  8.3536E-05,  -0.0743719
   8.354E-05,  -0.0751256
  8.3544E-05,  -0.0746231
  8.3548E-05,  -0.0743719
  8.3552E-05,  -0.0753769
  8.3556E-05,  -0.0761307
   8.356E-05,  -0.0756281
  8.3564E-05,  -0.0756281
  8.3568E-05,  -0.0763819
  8.3572E-05,  -0.0768844
  8.3576E-05,  -0.0761307
   8.358E-05,  -0.0763819
  8.3584E-05,  -0.0771357
  8.3588E-05,  -0.0773869
  8.3592E-05,  -0.0768844
  8.3596E-05,  -0.0773869
    8.36E-05,  -0.0781407
  8.3604E-05,  -0.0778894
  8.3608E-05,  -0.0773869
  8.3612E-05,  -0.0781407
  8.3616E-05,  -0.0788945
   8.362E-05,   -0.078392
  8.3624E-05,  -0.0781407
  8.3628E-05,  -0.0791457
  8.3632E-05,  -0.0798995
  8.3636E-05,  -0.0788945
   8.364E-05,  -0.0786432
  8.3644E-05,  -0.0798995
  8.3648E-05,   -0.080402
  8.3652E-05,   -0.079397
  8.3656E-05,  -0.0796482
   8.366E-05,  -0.0806533
  8.3664E-05,  -0.0809045
  8.3668E-05,  -0.0798995
  8.3672E-05,   -0.080402
  8.3676E-05,  -0.0816583
   8.368E-05,  -0.0811558
  8.3684E-05,   -0.080402
  8.3688E-05,   -0.081407
  8.3692E-05,  -0.0821608
  8.3696E-05,  -0.0816583
    8.37E-05,  -0.0811558
  8.3704E-05,  -0.0821608
  8.3708E-05,  -0.0824121
  8.3712E-05,  -0.0816583
  8.3716E-05,  -0.0816583
   8.372E-05,  -0.0826633
  8.3724E-05,  -0.0829146
  8.3728E-05,  -0.0821608
  8.3732E-05,  -0.0824121
  8.3736E-05,  -0.0834171
   8.374E-05,  -0.0834171
  8.3744E-05,  -0.0824121
  8.3748E-05,  -0.0829146
  8.3752E-05,  -0.0839196
  8.3756E-05,  -0.0834171
   8.376E-05,  -0.0829146
  8.3764E-05,  -0.0836683
  8.3768E-05,  -0.0844221
  8.3772E-05,  -0.0836683
  8.3776E-05,  -0.0834171
   8.378E-05,  -0.0841709
  8.3784E-05,  -0.0846734
  8.3788E-05,  -0.0839196
  8.3792E-05,  -0.0839196
  8.3796E-05,  -0.0846734
    8.38E-05,  -0.0849246
  8.3804E-05,  -0.0841709
  8.3808E-05,  -0.0844221
  8.3812E-05,  -0.0849246
  8.3816E-05,  -0.0846734
   8.382E-05,  -0.0841709
  8.3824E-05,  -0.0849246
  8.3828E-05,  -0.0854271
  8.3832E-05,  -0.0851759
  8.3836E-05,  -0.0846734
   8.384E-05,  -0.0854271
  8.3844E-05,  -0.0856784
  8.3848E-05,  -0.0849246
  8.3852E-05,  -0.0846734
  8.3856E-05,  -0.0854271
   8.386E-05,  -0.0859296
  8.3864E-05,  -0.0851759
  8.3868E-05,  -0.0851759
  8.3872E-05,  -0.0859296
  8.3876E-05,  -0.0856784
   8.388E-05,  -0.0849246
  8.3884E-05,  -0.0854271
  8.3888E-05,  -0.0861809
  8.3892E-05,  -0.0856784
  8.3896E-05,  -0.0851759
    8.39E-05,  -0.0859296
  8.3904E-05,  -0.0864322
  8.3908E-05,  -0.0856784
  8.3912E-05,  -0.0851759
  8.3916E-05,  -0.0859296
   8.392E-05,  -0.0864322
  8.3924E-05,  -0.0856784
  8.3928E-05,  -0.0854271
  8.3932E-05,  -0.0861809
  8.3936E-05,  -0.0864322
   8.394E-05,  -0.0854271
  8.3944E-05,  -0.0854271
  8.3948E-05,  -0.0861809
  8.3952E-05,  -0.0859296
  8.3956E-05,  -0.0851759
   8.396E-05,  -0.0856784
  8.3964E-05,  -0.0864322
  8.3968E-05,  -0.0859296
  8.3972E-05,  -0.0851759
  8.3976E-05,  -0.0856784
   8.398E-05,  -0.0861809
  8.3984E-05,  -0.0856784
  8.3988E-05,  -0.0854271
  8.3992E-05,  -0.0859296
  8.3996E-05,  -0.0861809
     8.4E-05,  -0.0854271
  8.4004E-05,  -0.0851759
  8.4008E-05,  -0.0859296
  8.4012E-05,  -0.0859296
  8.4016E-05,  -0.0851759
   8.402E-05,  -0.0851759
  8.4024E-05,  -0.0859296
  8.4028E-05,  -0.0856784
  8.4032E-05,  -0.0849246
  8.4036E-05,  -0.0851759
   8.404E-05,  -0.0856784
  8.4044E-05,  -0.0851759
  8.4048E-05,  -0.0846734
  8.4052E-05,  -0.0851759
  8.4056E-05,  -0.0856784
   8.406E-05,  -0.0846734
  8.4064E-05,  -0.0844221
  8.4068E-05,  -0.0851759
  8.4072E-05,  -0.0854271
  8.4076E-05,  -0.0844221
   8.408E-05,  -0.0844221
  8.4084E-05,  -0.0851759
  8.4088E-05,  -0.0849246
  8.4092E-05,  -0.0841709
  8.4096E-05,  -0.0846734
    8.41E-05,  -0.0851759
  8.4104E-05,  -0.0844221
  8.4108E-05,  -0.0836683
  8.4112E-05,  -0.0841709
  8.4116E-05,  -0.0846734
   8.412E-05,  -0.0839196
  8.4124E-05,  -0.0834171
  8.4128E-05,  -0.0841709
  8.4132E-05,  -0.0844221
  8.4136E-05,  -0.0834171
   8.414E-05,  -0.0831658
  8.4144E-05,  -0.0836683
  8.4148E-05,  -0.0836683
  8.4152E-05,  -0.0829146
  8.4156E-05,  -0.0829146
   8.416E-05,  -0.0836683
  8.4164E-05,  -0.0834171
  8.4168E-05,  -0.0824121
  8.4172E-05,  -0.0826633
  8.4176E-05,  -0.0834171
   8.418E-05,  -0.0829146
  8.4184E-05,  -0.0821608
  8.4188E-05,  -0.0824121
  8.4192E-05,  -0.0831658
  8.4196E-05,  -0.0826633
    8.42E-05,  -0.0819095
  8.4204E-05,  -0.0824121
  8.4208E-05,  -0.0824121
  8.4212E-05,  -0.0816583
  8.4216E-05,   -0.081407
   8.422E-05,  -0.0821608
  8.4224E-05,  -0.0821608
  8.4228E-05,  -0.0811558
  8.4232E-05,  -0.0811558
  8.4236E-05,  -0.0819095
   8.424E-05,   -0.081407
  8.4244E-05,  -0.0806533
  8.4248E-05,  -0.0806533
  8.4252E-05,   -0.081407
  8.4256E-05,  -0.0809045
   8.426E-05,  -0.0801508
  8.4264E-05,  -0.0806533
  8.4268E-05,  -0.0809045
  8.4272E-05,  -0.0801508
  8.4276E-05,  -0.0796482
   8.428E-05,   -0.080402
  8.4284E-05,   -0.080402
  8.4288E-05,   -0.079397
  8.4292E-05,   -0.079397
  8.4296E-05,  -0.0801508
    8.43E-05,  -0.0798995
  8.4304E-05,  -0.0786432
  8.4308E-05,  -0.0788945
  8.4312E-05,  -0.0796482
  8.4316E-05,  -0.0791457
   8.432E-05,  -0.0781407
  8.4324E-05,  -0.0786432
  8.4328E-05,  -0.0791457
  8.4332E-05,   -0.078392
  8.4336E-05,  -0.0778894
   8.434E-05,   -0.078392
  8.4344E-05,  -0.0786432
  8.4348E-05,  -0.0776382
  8.4352E-05,  -0.0771357
  8.4356E-05,  -0.0781407
   8.436E-05,  -0.0781407
  8.4364E-05,  -0.0771357
  8.4368E-05,  -0.0768844
  8.4372E-05,  -0.0778894
  8.4376E-05,  -0.0773869
   8.438E-05,  -0.0761307
  8.4384E-05,  -0.0766332
  8.4388E-05,  -0.0773869
  8.4392E-05,  -0.0768844
  8.4396E-05,  -0.0758794
    8.44E-05,  -0.0763819
  8.4404E-05,  -0.0768844
  8.4408E-05,  -0.0761307
  8.4412E-05,  -0.0753769
  8.4416E-05,  -0.0761307
   8.442E-05,  -0.0761307
  8.4424E-05,  -0.0751256
  8.4428E-05,  -0.0748744
  8.4432E-05,  -0.0758794
  8.4436E-05,  -0.0756281
   8.444E-05,  -0.0746231
  8.4444E-05,  -0.0743719
  8.4448E-05,  -0.0753769
  8.4452E-05,  -0.0748744
  8.4456E-05,  -0.0738693
   8.446E-05,  -0.0741206
  8.4464E-05,  -0.0748744
  8.4468E-05,  -0.0741206
  8.4472E-05,  -0.0733668
  8.4476E-05,  -0.0738693
   8.448E-05,  -0.0741206
  8.4484E-05,  -0.0731156
  8.4488E-05,  -0.0728643
  8.4492E-05,  -0.0736181
  8.4496E-05,  -0.0736181
    8.45E-05,  -0.0726131
  8.4504E-05,  -0.0723618
  8.4508E-05,  -0.0731156
  8.4512E-05,  -0.0728643
  8.4516E-05,  -0.0718593
   8.452E-05,  -0.0721105
  8.4524E-05,  -0.0728643
  8.4528E-05,  -0.0723618
  8.4532E-05,  -0.0713568
  8.4536E-05,  -0.0718593
   8.454E-05,  -0.0723618
  8.4544E-05,   -0.071608
  8.4548E-05,  -0.0708543
  8.4552E-05,  -0.0713568
  8.4556E-05,   -0.071608
   8.456E-05,  -0.0708543
  8.4564E-05,   -0.070603
  8.4568E-05,  -0.0711055
  8.4572E-05,  -0.0711055
  8.4576E-05,  -0.0701005
   8.458E-05,  -0.0701005
  8.4584E-05,   -0.070603
  8.4588E-05,  -0.0703518
  8.4592E-05,  -0.0693467
  8.4596E-05,   -0.069598
    8.46E-05,  -0.0703518
  8.4604E-05,  -0.0698492
  8.4608E-05,  -0.0690955
  8.4612E-05,  -0.0693467
  8.4616E-05,   -0.069598
   8.462E-05,  -0.0688442
  8.4624E-05,  -0.0683417
  8.4628E-05,  -0.0690955
  8.4632E-05,  -0.0693467
  8.4636E-05,  -0.0683417
   8.464E-05,  -0.0680905
  8.4644E-05,  -0.0688442
  8.4648E-05,   -0.068593
  8.4652E-05,  -0.0673367
  8.4656E-05,  -0.0675879
   8.466E-05,  -0.0683417
  8.4664E-05,  -0.0675879
  8.4668E-05,  -0.0668342
  8.4672E-05,  -0.0670854
  8.4676E-05,  -0.0675879
   8.468E-05,  -0.0668342
  8.4684E-05,  -0.0663317
  8.4688E-05,  -0.0668342
  8.4692E-05,  -0.0668342
  8.4696E-05,  -0.0663317
    8.47E-05,  -0.0658291
  8.4704E-05,  -0.0665829
  8.4708E-05,  -0.0663317
  8.4712E-05,  -0.0653266
  8.4716E-05,  -0.0653266
   8.472E-05,  -0.0658291
  8.4724E-05,  -0.0658291
  8.4728E-05,  -0.0648241
  8.4732E-05,  -0.0650754
  8.4736E-05,  -0.0653266
   8.474E-05,  -0.0650754
  8.4744E-05,  -0.0640704
  8.4748E-05,  -0.0645729
  8.4752E-05,  -0.0650754
  8.4756E-05,  -0.0643216
   8.476E-05,  -0.0635678
  8.4764E-05,  -0.0640704
  8.4768E-05,  -0.0645729
  8.4772E-05,  -0.0635678
  8.4776E-05,  -0.0630653
   8.478E-05,  -0.0635678
  8.4784E-05,  -0.0638191
  8.4788E-05,  -0.0628141
  8.4792E-05,  -0.0625628
  8.4796E-05,  -0.0633166
    8.48E-05,  -0.0630653
  8.4804E-05,  -0.0620603
  8.4808E-05,  -0.0623116
  8.4812E-05,  -0.0630653
  8.4816E-05,  -0.0620603
   8.482E-05,  -0.0613065
  8.4824E-05,   -0.061809
  8.4828E-05,  -0.0623116
  8.4832E-05,  -0.0615578
  8.4836E-05,  -0.0610553
   8.484E-05,  -0.0613065
  8.4844E-05,  -0.0615578
  8.4848E-05,  -0.0605528
  8.4852E-05,  -0.0603015
  8.4856E-05,  -0.0610553
   8.486E-05,   -0.060804
  8.4864E-05,   -0.059799
  8.4868E-05,   -0.059799
  8.4872E-05,   -0.060804
  8.4876E-05,  -0.0600502
   8.488E-05,  -0.0590452
  8.4884E-05,  -0.0595477
  8.4888E-05,  -0.0603015
  8.4892E-05,  -0.0595477
  8.4896E-05,   -0.058794
    8.49E-05,  -0.0592965
  8.4904E-05,  -0.0595477
  8.4908E-05,   -0.058794
  8.4912E-05,  -0.0582915
  8.4916E-05,   -0.058794
   8.492E-05,   -0.058794
  8.4924E-05,  -0.0577889
  8.4928E-05,  -0.0575377
  8.4932E-05,  -0.0582915
  8.4936E-05,  -0.0582915
   8.494E-05,  -0.0570352
  8.4944E-05,  -0.0570352
  8.4948E-05,  -0.0577889
  8.4952E-05,  -0.0570352
  8.4956E-05,  -0.0560302
   8.496E-05,  -0.0565327
  8.4964E-05,  -0.0572864
  8.4968E-05,  -0.0565327
  8.4972E-05,  -0.0557789
  8.4976E-05,  -0.0562814
   8.498E-05,  -0.0565327
  8.4984E-05,  -0.0555276
  8.4988E-05,  -0.0552764
  8.4992E-05,  -0.0560302
  8.4996E-05,  -0.0560302
     8.5E-05,  -0.0550251
  8.5004E-05,  -0.0547739
  8.5008E-05,  -0.0555276
  8.5012E-05,  -0.0552764
  8.5016E-05,  -0.0542714
   8.502E-05,  -0.0545226
  8.5024E-05,  -0.0552764
  8.5028E-05,  -0.0545226
  8.5032E-05,  -0.0535176
  8.5036E-05,  -0.0540201
   8.504E-05,  -0.0545226
  8.5044E-05,  -0.0535176
  8.5048E-05,  -0.0530151
  8.5052E-05,  -0.0537688
  8.5056E-05,  -0.0540201
   8.506E-05,  -0.0527638
  8.5064E-05,  -0.0525126
  8.5068E-05,  -0.0532663
  8.5072E-05,  -0.0532663
  8.5076E-05,    -0.05201
   8.508E-05,    -0.05201
  8.5084E-05,  -0.0525126
  8.5088E-05,  -0.0522613
  8.5092E-05,  -0.0512563
  8.5096E-05,  -0.0517588
    8.51E-05,  -0.0525126
  8.5104E-05,  -0.0515075
  8.5108E-05,  -0.0505025
  8.5112E-05,   -0.051005
  8.5116E-05,  -0.0515075
   8.512E-05,  -0.0505025
  8.5124E-05,       -0.05
  8.5128E-05,  -0.0507538
  8.5132E-05,   -0.051005
  8.5136E-05,  -0.0497487
   8.514E-05,  -0.0494975
  8.5144E-05,  -0.0502513
  8.5148E-05,  -0.0502513
  8.5152E-05,   -0.048995
  8.5156E-05,   -0.048995
   8.516E-05,  -0.0497487
  8.5164E-05,  -0.0494975
  8.5168E-05,  -0.0484925
  8.5172E-05,  -0.0487437
  8.5176E-05,  -0.0492462
   8.518E-05,  -0.0484925
  8.5184E-05,  -0.0477387
  8.5188E-05,  -0.0482412
  8.5192E-05,   -0.048995
  8.5196E-05,  -0.0479899
    8.52E-05,  -0.0472362
  8.5204E-05,  -0.0479899
  8.5208E-05,  -0.0479899
  8.5212E-05,  -0.0469849
  8.5216E-05,  -0.0467337
   8.522E-05,  -0.0474874
  8.5224E-05,  -0.0472362
  8.5228E-05,  -0.0464824
  8.5232E-05,  -0.0464824
  8.5236E-05,  -0.0472362
   8.524E-05,  -0.0464824
  8.5244E-05,  -0.0457286
  8.5248E-05,  -0.0459799
  8.5252E-05,  -0.0464824
  8.5256E-05,  -0.0457286
   8.526E-05,  -0.0452261
  8.5264E-05,  -0.0457286
  8.5268E-05,  -0.0459799
  8.5272E-05,  -0.0449749
  8.5276E-05,  -0.0444724
   8.528E-05,  -0.0452261
  8.5284E-05,  -0.0452261
  8.5288E-05,  -0.0442211
  8.5292E-05,  -0.0442211
  8.5296E-05,  -0.0449749
    8.53E-05,  -0.0447236
  8.5304E-05,  -0.0439698
  8.5308E-05,  -0.0439698
  8.5312E-05,  -0.0444724
  8.5316E-05,  -0.0439698
   8.532E-05,  -0.0432161
  8.5324E-05,  -0.0434673
  8.5328E-05,  -0.0439698
  8.5332E-05,  -0.0432161
  8.5336E-05,  -0.0427136
   8.534E-05,  -0.0434673
  8.5344E-05,  -0.0434673
  8.5348E-05,  -0.0427136
  8.5352E-05,  -0.0422111
  8.5356E-05,  -0.0429648
   8.536E-05,  -0.0429648
  8.5364E-05,  -0.0419598
  8.5368E-05,  -0.0422111
  8.5372E-05,  -0.0427136
  8.5376E-05,  -0.0422111
   8.538E-05,  -0.0414573
  8.5384E-05,  -0.0417085
  8.5388E-05,  -0.0422111
  8.5392E-05,  -0.0414573
  8.5396E-05,  -0.0409548
    8.54E-05,  -0.0414573
  8.5404E-05,  -0.0417085
  8.5408E-05,  -0.0407035
  8.5412E-05,   -0.040201
  8.5416E-05,  -0.0409548
   8.542E-05,  -0.0409548
  8.5424E-05,   -0.040201
  8.5428E-05,  -0.0399497
  8.5432E-05,  -0.0407035
  8.5436E-05,  -0.0404523
   8.544E-05,  -0.0394472
  8.5444E-05,  -0.0396985
  8.5448E-05,   -0.040201
  8.5452E-05,  -0.0396985
  8.5456E-05,  -0.0389447
   8.546E-05,   -0.039196
  8.5464E-05,  -0.0399497
  8.5468E-05,   -0.039196
  8.5472E-05,  -0.0384422
  8.5476E-05,  -0.0389447
   8.548E-05,   -0.039196
  8.5484E-05,  -0.0384422
  8.5488E-05,   -0.038191
  8.5492E-05,  -0.0389447
  8.5496E-05,  -0.0389447
    8.55E-05,  -0.0379397
  8.5504E-05,  -0.0379397
  8.5508E-05,  -0.0389447
  8.5512E-05,   -0.038191
  8.5516E-05,  -0.0374372
   8.552E-05,  -0.0376884
  8.5524E-05,  -0.0384422
  8.5528E-05,  -0.0379397
  8.5532E-05,  -0.0369347
  8.5536E-05,  -0.0374372
   8.554E-05,  -0.0379397
  8.5544E-05,  -0.0371859
  8.5548E-05,  -0.0366834
  8.5552E-05,  -0.0374372
  8.5556E-05,  -0.0374372
   8.556E-05,  -0.0364322
  8.5564E-05,  -0.0364322
  8.5568E-05,  -0.0371859
  8.5572E-05,  -0.0369347
  8.5576E-05,  -0.0359296
   8.558E-05,  -0.0361809
  8.5584E-05,  -0.0369347
  8.5588E-05,  -0.0364322
  8.5592E-05,  -0.0354271
  8.5596E-05,  -0.0361809
    8.56E-05,  -0.0364322
  8.5604E-05,  -0.0359296
  8.5608E-05,  -0.0351759
  8.5612E-05,  -0.0356784
  8.5616E-05,  -0.0359296
   8.562E-05,  -0.0351759
  8.5624E-05,  -0.0349246
  8.5628E-05,  -0.0356784
  8.5632E-05,  -0.0359296
  8.5636E-05,  -0.0349246
   8.564E-05,  -0.0346734
  8.5644E-05,  -0.0354271
  8.5648E-05,  -0.0351759
  8.5652E-05,  -0.0341709
  8.5656E-05,  -0.0344221
   8.566E-05,  -0.0351759
  8.5664E-05,  -0.0346734
  8.5668E-05,  -0.0339196
  8.5672E-05,  -0.0341709
  8.5676E-05,  -0.0349246
   8.568E-05,  -0.0341709
  8.5684E-05,  -0.0334171
  8.5688E-05,  -0.0341709
  8.5692E-05,  -0.0344221
  8.5696E-05,  -0.0339196
    8.57E-05,  -0.0334171
  8.5704E-05,  -0.0339196
  8.5708E-05,  -0.0341709
  8.5712E-05,  -0.0331658
  8.5716E-05,  -0.0331658
   8.572E-05,  -0.0339196
  8.5724E-05,  -0.0336683
  8.5728E-05,  -0.0326633
  8.5732E-05,  -0.0331658
  8.5736E-05,  -0.0339196
   8.574E-05,  -0.0331658
  8.5744E-05,  -0.0321608
  8.5748E-05,  -0.0329146
  8.5752E-05,  -0.0336683
  8.5756E-05,  -0.0326633
   8.576E-05,  -0.0321608
  8.5764E-05,  -0.0329146
  8.5768E-05,  -0.0331658
  8.5772E-05,  -0.0321608
  8.5776E-05,  -0.0319095
   8.578E-05,  -0.0326633
  8.5784E-05,  -0.0326633
  8.5788E-05,  -0.0316583
  8.5792E-05,  -0.0319095
  8.5796E-05,  -0.0326633
    8.58E-05,  -0.0324121
  8.5804E-05,   -0.031407
  8.5808E-05,  -0.0319095
  8.5812E-05,  -0.0324121
  8.5816E-05,  -0.0319095
   8.582E-05,  -0.0311558
  8.5824E-05,  -0.0319095
  8.5828E-05,  -0.0324121
  8.5832E-05,   -0.031407
  8.5836E-05,  -0.0309045
   8.584E-05,  -0.0316583
  8.5844E-05,  -0.0319095
  8.5848E-05,  -0.0309045
  8.5852E-05,  -0.0306533
  8.5856E-05,  -0.0316583
   8.586E-05,   -0.031407
  8.5864E-05,   -0.030402
  8.5868E-05,  -0.0306533
  8.5872E-05,   -0.031407
  8.5876E-05,  -0.0309045
   8.588E-05,  -0.0298995
  8.5884E-05,  -0.0306533
  8.5888E-05,  -0.0311558
  8.5892E-05,  -0.0306533
  8.5896E-05,  -0.0298995
    8.59E-05,  -0.0306533
  8.5904E-05,  -0.0309045
  8.5908E-05,  -0.0298995
  8.5912E-05,  -0.0296482
  8.5916E-05,   -0.030402
   8.592E-05,   -0.030402
  8.5924E-05,  -0.0296482
  8.5928E-05,  -0.0296482
  8.5932E-05,   -0.030402
  8.5936E-05,  -0.0301508
   8.594E-05,  -0.0291457
  8.5944E-05,   -0.029397
  8.5948E-05,  -0.0301508
  8.5952E-05,  -0.0296482
  8.5956E-05,  -0.0288945
   8.596E-05,  -0.0296482
  8.5964E-05,  -0.0298995
  8.5968E-05,   -0.029397
  8.5972E-05,  -0.0288945
  8.5976E-05,   -0.029397
   8.598E-05,  -0.0296482
  8.5984E-05,  -0.0286432
  8.5988E-05,   -0.028392
  8.5992E-05,  -0.0291457
  8.5996E-05,   -0.029397
