     7.2E-05,  0.00452261
  7.2004E-05,  0.00414573
  7.2008E-05,  0.00376884
  7.2012E-05,  0.00339196
  7.2016E-05,  0.00301508
   7.202E-05,  0.00263819
  7.2024E-05,  0.00188442
  7.2028E-05,  0.00188442
  7.2032E-05,  0.00113065
  7.2036E-05,  0.00113065
   7.204E-05, 0.000376884
  7.2044E-05, 0.000376884
  7.2048E-05,           0
  7.2052E-05,-0.000753769
  7.2056E-05, -0.00113065
   7.206E-05, -0.00150754
  7.2064E-05, -0.00188442
  7.2068E-05, -0.00226131
  7.2072E-05, -0.00263819
  7.2076E-05, -0.00301508
   7.208E-05, -0.00339196
  7.2084E-05, -0.00376884
  7.2088E-05, -0.00414573
  7.2092E-05,  -0.0048995
  7.2096E-05,  -0.0048995
    7.21E-05, -0.00565327
  7.2104E-05, -0.00565327
  7.2108E-05, -0.00603015
  7.2112E-05, -0.00678392
  7.2116E-05,  -0.0071608
   7.212E-05, -0.00753769
  7.2124E-05, -0.00791457
  7.2128E-05, -0.00829146
  7.2132E-05, -0.00866834
  7.2136E-05, -0.00942211
   7.214E-05, -0.00942211
  7.2144E-05,  -0.0101759
  7.2148E-05,  -0.0101759
  7.2152E-05,  -0.0105528
  7.2156E-05,  -0.0113065
   7.216E-05,  -0.0113065
  7.2164E-05,  -0.0116834
  7.2168E-05,  -0.0120603
  7.2172E-05,  -0.0124372
  7.2176E-05,   -0.013191
   7.218E-05,   -0.013191
  7.2184E-05,  -0.0135678
  7.2188E-05,  -0.0139447
  7.2192E-05,  -0.0143216
  7.2196E-05,  -0.0146985
    7.22E-05,  -0.0150754
  7.2204E-05,  -0.0154523
  7.2208E-05,   -0.016206
  7.2212E-05,   -0.016206
  7.2216E-05,  -0.0169598
   7.222E-05,  -0.0173367
  7.2224E-05,  -0.0173367
  7.2228E-05,  -0.0177136
  7.2232E-05,  -0.0180905
  7.2236E-05,  -0.0184673
   7.224E-05,  -0.0188442
  7.2244E-05,  -0.0192211
  7.2248E-05,   -0.019598
  7.2252E-05,  -0.0199749
  7.2256E-05,  -0.0203518
   7.226E-05,  -0.0207286
  7.2264E-05,  -0.0211055
  7.2268E-05,  -0.0214824
  7.2272E-05,  -0.0214824
  7.2276E-05,  -0.0222362
   7.228E-05,  -0.0226131
  7.2284E-05,  -0.0229899
  7.2288E-05,  -0.0233668
  7.2292E-05,  -0.0233668
  7.2296E-05,  -0.0241206
    7.23E-05,  -0.0244975
  7.2304E-05,  -0.0248744
  7.2308E-05,  -0.0248744
  7.2312E-05,  -0.0252513
  7.2316E-05,   -0.026005
   7.232E-05,   -0.026005
  7.2324E-05,  -0.0267588
  7.2328E-05,  -0.0267588
  7.2332E-05,  -0.0271357
  7.2336E-05,  -0.0278894
   7.234E-05,  -0.0278894
  7.2344E-05,  -0.0282663
  7.2348E-05,  -0.0286432
  7.2352E-05,  -0.0290201
  7.2356E-05,  -0.0297739
   7.236E-05,  -0.0297739
  7.2364E-05,  -0.0301508
  7.2368E-05,  -0.0309045
  7.2372E-05,  -0.0309045
  7.2376E-05,  -0.0312814
   7.238E-05,  -0.0316583
  7.2384E-05,  -0.0320352
  7.2388E-05,  -0.0324121
  7.2392E-05,  -0.0327889
  7.2396E-05,  -0.0331658
    7.24E-05,  -0.0335427
  7.2404E-05,  -0.0339196
  7.2408E-05,  -0.0342965
  7.2412E-05,  -0.0346734
  7.2416E-05,  -0.0350503
   7.242E-05,  -0.0350503
  7.2424E-05,  -0.0354271
  7.2428E-05,   -0.035804
  7.2432E-05,  -0.0361809
  7.2436E-05,  -0.0365578
   7.244E-05,  -0.0369347
  7.2444E-05,  -0.0373116
  7.2448E-05,  -0.0376884
  7.2452E-05,  -0.0380653
  7.2456E-05,  -0.0384422
   7.246E-05,  -0.0388191
  7.2464E-05,   -0.039196
  7.2468E-05,   -0.039196
  7.2472E-05,  -0.0399497
  7.2476E-05,  -0.0399497
   7.248E-05,  -0.0403266
  7.2484E-05,  -0.0410804
  7.2488E-05,  -0.0410804
  7.2492E-05,  -0.0414573
  7.2496E-05,  -0.0418342
    7.25E-05,  -0.0422111
  7.2504E-05,  -0.0425879
  7.2508E-05,  -0.0425879
  7.2512E-05,  -0.0429648
  7.2516E-05,  -0.0433417
   7.252E-05,  -0.0437186
  7.2524E-05,  -0.0437186
  7.2528E-05,  -0.0440955
  7.2532E-05,  -0.0444724
  7.2536E-05,  -0.0448492
   7.254E-05,  -0.0452261
  7.2544E-05,   -0.045603
  7.2548E-05,  -0.0459799
  7.2552E-05,  -0.0463568
  7.2556E-05,  -0.0467337
   7.256E-05,  -0.0471106
  7.2564E-05,  -0.0474874
  7.2568E-05,  -0.0478643
  7.2572E-05,  -0.0478643
  7.2576E-05,  -0.0482412
   7.258E-05,  -0.0486181
  7.2584E-05,   -0.048995
  7.2588E-05,  -0.0493719
  7.2592E-05,  -0.0493719
  7.2596E-05,  -0.0501256
    7.26E-05,  -0.0505025
  7.2604E-05,  -0.0505025
  7.2608E-05,  -0.0508794
  7.2612E-05,  -0.0512563
  7.2616E-05,  -0.0516332
   7.262E-05,    -0.05201
  7.2624E-05,  -0.0523869
  7.2628E-05,  -0.0527638
  7.2632E-05,  -0.0527638
  7.2636E-05,  -0.0531407
   7.264E-05,  -0.0535176
  7.2644E-05,  -0.0538945
  7.2648E-05,  -0.0538945
  7.2652E-05,  -0.0546482
  7.2656E-05,  -0.0546482
   7.266E-05,  -0.0550251
  7.2664E-05,   -0.055402
  7.2668E-05,  -0.0557789
  7.2672E-05,  -0.0561558
  7.2676E-05,  -0.0561558
   7.268E-05,  -0.0565327
  7.2684E-05,  -0.0569095
  7.2688E-05,  -0.0572864
  7.2692E-05,  -0.0576633
  7.2696E-05,  -0.0576633
    7.27E-05,  -0.0580402
  7.2704E-05,  -0.0580402
  7.2708E-05,   -0.058794
  7.2712E-05,  -0.0591709
  7.2716E-05,  -0.0591709
   7.272E-05,  -0.0595477
  7.2724E-05,  -0.0599246
  7.2728E-05,  -0.0603015
  7.2732E-05,  -0.0603015
  7.2736E-05,  -0.0606784
   7.274E-05,  -0.0610553
  7.2744E-05,  -0.0614322
  7.2748E-05,   -0.061809
  7.2752E-05,   -0.061809
  7.2756E-05,  -0.0621859
   7.276E-05,  -0.0625628
  7.2764E-05,  -0.0625628
  7.2768E-05,  -0.0633166
  7.2772E-05,  -0.0633166
  7.2776E-05,  -0.0636935
   7.278E-05,  -0.0640704
  7.2784E-05,  -0.0640704
  7.2788E-05,  -0.0644472
  7.2792E-05,  -0.0648241
  7.2796E-05,   -0.065201
    7.28E-05,   -0.065201
  7.2804E-05,  -0.0655779
  7.2808E-05,  -0.0659548
  7.2812E-05,  -0.0663317
  7.2816E-05,  -0.0663317
   7.282E-05,  -0.0667085
  7.2824E-05,  -0.0670854
  7.2828E-05,  -0.0674623
  7.2832E-05,  -0.0678392
  7.2836E-05,  -0.0678392
   7.284E-05,  -0.0682161
  7.2844E-05,   -0.068593
  7.2848E-05,   -0.068593
  7.2852E-05,  -0.0689698
  7.2856E-05,  -0.0693467
   7.286E-05,  -0.0693467
  7.2864E-05,  -0.0697236
  7.2868E-05,  -0.0697236
  7.2872E-05,  -0.0701005
  7.2876E-05,  -0.0704774
   7.288E-05,  -0.0704774
  7.2884E-05,  -0.0712312
  7.2888E-05,  -0.0712312
  7.2892E-05,  -0.0712312
  7.2896E-05,   -0.071608
    7.29E-05,   -0.071608
  7.2904E-05,  -0.0723618
  7.2908E-05,  -0.0723618
  7.2912E-05,  -0.0727387
  7.2916E-05,  -0.0727387
   7.292E-05,  -0.0731156
  7.2924E-05,  -0.0734925
  7.2928E-05,  -0.0734925
  7.2932E-05,  -0.0738693
  7.2936E-05,  -0.0738693
   7.294E-05,  -0.0742462
  7.2944E-05,  -0.0746231
  7.2948E-05,      -0.075
  7.2952E-05,      -0.075
  7.2956E-05,  -0.0753769
   7.296E-05,  -0.0757538
  7.2964E-05,  -0.0757538
  7.2968E-05,  -0.0757538
  7.2972E-05,  -0.0761307
  7.2976E-05,  -0.0765075
   7.298E-05,  -0.0765075
  7.2984E-05,  -0.0768844
  7.2988E-05,  -0.0772613
  7.2992E-05,  -0.0772613
  7.2996E-05,  -0.0776382
     7.3E-05,  -0.0780151
  7.3004E-05,   -0.078392
  7.3008E-05,  -0.0780151
  7.3012E-05,   -0.078392
  7.3016E-05,  -0.0787688
   7.302E-05,  -0.0787688
  7.3024E-05,  -0.0791457
  7.3028E-05,  -0.0791457
  7.3032E-05,  -0.0795226
  7.3036E-05,  -0.0795226
   7.304E-05,  -0.0798995
  7.3044E-05,  -0.0802764
  7.3048E-05,  -0.0802764
  7.3052E-05,  -0.0806533
  7.3056E-05,  -0.0806533
   7.306E-05,  -0.0810302
  7.3064E-05,  -0.0810302
  7.3068E-05,   -0.081407
  7.3072E-05,  -0.0817839
  7.3076E-05,  -0.0817839
   7.308E-05,  -0.0817839
  7.3084E-05,  -0.0825377
  7.3088E-05,  -0.0825377
  7.3092E-05,  -0.0829146
  7.3096E-05,  -0.0829146
    7.31E-05,  -0.0832915
  7.3104E-05,  -0.0832915
  7.3108E-05,  -0.0832915
  7.3112E-05,  -0.0836683
  7.3116E-05,  -0.0840452
   7.312E-05,  -0.0840452
  7.3124E-05,  -0.0840452
  7.3128E-05,  -0.0844221
  7.3132E-05,   -0.084799
  7.3136E-05,   -0.084799
   7.314E-05,  -0.0851759
  7.3144E-05,  -0.0851759
  7.3148E-05,  -0.0855528
  7.3152E-05,  -0.0855528
  7.3156E-05,  -0.0859296
   7.316E-05,  -0.0863065
  7.3164E-05,  -0.0859296
  7.3168E-05,  -0.0863065
  7.3172E-05,  -0.0866834
  7.3176E-05,  -0.0866834
   7.318E-05,  -0.0866834
  7.3184E-05,  -0.0870603
  7.3188E-05,  -0.0874372
  7.3192E-05,  -0.0874372
  7.3196E-05,  -0.0874372
    7.32E-05,  -0.0878141
  7.3204E-05,  -0.0878141
  7.3208E-05,  -0.0878141
  7.3212E-05,   -0.088191
  7.3216E-05,   -0.088191
   7.322E-05,  -0.0885678
  7.3224E-05,  -0.0885678
  7.3228E-05,  -0.0885678
  7.3232E-05,  -0.0885678
  7.3236E-05,  -0.0889447
   7.324E-05,  -0.0893216
  7.3244E-05,  -0.0893216
  7.3248E-05,  -0.0896985
  7.3252E-05,  -0.0896985
  7.3256E-05,  -0.0900754
   7.326E-05,  -0.0900754
  7.3264E-05,  -0.0900754
  7.3268E-05,  -0.0904523
  7.3272E-05,  -0.0904523
  7.3276E-05,  -0.0908291
   7.328E-05,  -0.0904523
  7.3284E-05,  -0.0908291
  7.3288E-05,   -0.091206
  7.3292E-05,   -0.091206
  7.3296E-05,   -0.091206
    7.33E-05,  -0.0915829
  7.3304E-05,  -0.0915829
  7.3308E-05,  -0.0919598
  7.3312E-05,  -0.0919598
  7.3316E-05,  -0.0923367
   7.332E-05,  -0.0923367
  7.3324E-05,  -0.0923367
  7.3328E-05,  -0.0927136
  7.3332E-05,  -0.0927136
  7.3336E-05,  -0.0927136
   7.334E-05,  -0.0927136
  7.3344E-05,  -0.0930905
  7.3348E-05,  -0.0930905
  7.3352E-05,  -0.0930905
  7.3356E-05,  -0.0934673
   7.336E-05,  -0.0934673
  7.3364E-05,  -0.0934673
  7.3368E-05,  -0.0938442
  7.3372E-05,  -0.0938442
  7.3376E-05,  -0.0938442
   7.338E-05,  -0.0938442
  7.3384E-05,  -0.0942211
  7.3388E-05,   -0.094598
  7.3392E-05,  -0.0942211
  7.3396E-05,   -0.094598
    7.34E-05,  -0.0949749
  7.3404E-05,  -0.0949749
  7.3408E-05,  -0.0949749
  7.3412E-05,  -0.0953518
  7.3416E-05,  -0.0957286
   7.342E-05,  -0.0953518
  7.3424E-05,  -0.0957286
  7.3428E-05,  -0.0957286
  7.3432E-05,  -0.0953518
  7.3436E-05,  -0.0957286
   7.344E-05,  -0.0953518
  7.3444E-05,  -0.0957286
  7.3448E-05,  -0.0957286
  7.3452E-05,  -0.0957286
  7.3456E-05,  -0.0961055
   7.346E-05,  -0.0961055
  7.3464E-05,  -0.0961055
  7.3468E-05,  -0.0961055
  7.3472E-05,  -0.0964824
  7.3476E-05,  -0.0964824
   7.348E-05,  -0.0964824
  7.3484E-05,  -0.0964824
  7.3488E-05,  -0.0964824
  7.3492E-05,  -0.0964824
  7.3496E-05,  -0.0968593
    7.35E-05,  -0.0968593
  7.3504E-05,  -0.0968593
  7.3508E-05,  -0.0968593
  7.3512E-05,  -0.0972362
  7.3516E-05,  -0.0972362
   7.352E-05,  -0.0976131
  7.3524E-05,  -0.0972362
  7.3528E-05,  -0.0976131
  7.3532E-05,  -0.0979899
  7.3536E-05,  -0.0979899
   7.354E-05,  -0.0979899
  7.3544E-05,  -0.0979899
  7.3548E-05,  -0.0979899
  7.3552E-05,  -0.0979899
  7.3556E-05,  -0.0983668
   7.356E-05,  -0.0983668
  7.3564E-05,  -0.0983668
  7.3568E-05,  -0.0979899
  7.3572E-05,  -0.0983668
  7.3576E-05,  -0.0983668
   7.358E-05,  -0.0983668
  7.3584E-05,  -0.0983668
  7.3588E-05,  -0.0983668
  7.3592E-05,  -0.0983668
  7.3596E-05,  -0.0983668
    7.36E-05,  -0.0987437
  7.3604E-05,  -0.0987437
  7.3608E-05,  -0.0983668
  7.3612E-05,  -0.0987437
  7.3616E-05,  -0.0987437
   7.362E-05,  -0.0987437
  7.3624E-05,  -0.0987437
  7.3628E-05,  -0.0991206
  7.3632E-05,  -0.0991206
  7.3636E-05,  -0.0991206
   7.364E-05,  -0.0991206
  7.3644E-05,  -0.0991206
  7.3648E-05,  -0.0991206
  7.3652E-05,  -0.0991206
  7.3656E-05,  -0.0991206
   7.366E-05,  -0.0991206
  7.3664E-05,  -0.0991206
  7.3668E-05,  -0.0991206
  7.3672E-05,  -0.0991206
  7.3676E-05,  -0.0991206
   7.368E-05,  -0.0991206
  7.3684E-05,  -0.0991206
  7.3688E-05,  -0.0994975
  7.3692E-05,  -0.0991206
  7.3696E-05,  -0.0991206
    7.37E-05,  -0.0994975
  7.3704E-05,  -0.0994975
  7.3708E-05,  -0.0994975
  7.3712E-05,  -0.0991206
  7.3716E-05,  -0.0994975
   7.372E-05,  -0.0994975
  7.3724E-05,  -0.0991206
  7.3728E-05,  -0.0991206
  7.3732E-05,  -0.0991206
  7.3736E-05,  -0.0991206
   7.374E-05,  -0.0991206
  7.3744E-05,  -0.0991206
  7.3748E-05,  -0.0991206
  7.3752E-05,  -0.0991206
  7.3756E-05,  -0.0991206
   7.376E-05,  -0.0991206
  7.3764E-05,  -0.0991206
  7.3768E-05,  -0.0991206
  7.3772E-05,  -0.0991206
  7.3776E-05,  -0.0991206
   7.378E-05,  -0.0991206
  7.3784E-05,  -0.0987437
  7.3788E-05,  -0.0991206
  7.3792E-05,  -0.0987437
  7.3796E-05,  -0.0987437
    7.38E-05,  -0.0987437
  7.3804E-05,  -0.0987437
  7.3808E-05,  -0.0987437
  7.3812E-05,  -0.0987437
  7.3816E-05,  -0.0991206
   7.382E-05,  -0.0987437
  7.3824E-05,  -0.0987437
  7.3828E-05,  -0.0987437
  7.3832E-05,  -0.0987437
  7.3836E-05,  -0.0987437
   7.384E-05,  -0.0983668
  7.3844E-05,  -0.0983668
  7.3848E-05,  -0.0983668
  7.3852E-05,  -0.0983668
  7.3856E-05,  -0.0979899
   7.386E-05,  -0.0979899
  7.3864E-05,  -0.0979899
  7.3868E-05,  -0.0979899
  7.3872E-05,  -0.0976131
  7.3876E-05,  -0.0979899
   7.388E-05,  -0.0979899
  7.3884E-05,  -0.0976131
  7.3888E-05,  -0.0976131
  7.3892E-05,  -0.0976131
  7.3896E-05,  -0.0976131
    7.39E-05,  -0.0972362
  7.3904E-05,  -0.0972362
  7.3908E-05,  -0.0972362
  7.3912E-05,  -0.0972362
  7.3916E-05,  -0.0968593
   7.392E-05,  -0.0972362
  7.3924E-05,  -0.0972362
  7.3928E-05,  -0.0968593
  7.3932E-05,  -0.0968593
  7.3936E-05,  -0.0968593
   7.394E-05,  -0.0968593
  7.3944E-05,  -0.0964824
  7.3948E-05,  -0.0964824
  7.3952E-05,  -0.0964824
  7.3956E-05,  -0.0961055
   7.396E-05,  -0.0961055
  7.3964E-05,  -0.0964824
  7.3968E-05,  -0.0961055
  7.3972E-05,  -0.0961055
  7.3976E-05,  -0.0957286
   7.398E-05,  -0.0957286
  7.3984E-05,  -0.0957286
  7.3988E-05,  -0.0953518
  7.3992E-05,  -0.0953518
  7.3996E-05,  -0.0953518
     7.4E-05,  -0.0949749
  7.4004E-05,  -0.0953518
  7.4008E-05,  -0.0949749
  7.4012E-05,  -0.0949749
  7.4016E-05,   -0.094598
   7.402E-05,   -0.094598
  7.4024E-05,   -0.094598
  7.4028E-05,  -0.0942211
  7.4032E-05,  -0.0942211
  7.4036E-05,  -0.0942211
   7.404E-05,  -0.0938442
  7.4044E-05,  -0.0938442
  7.4048E-05,  -0.0934673
  7.4052E-05,  -0.0934673
  7.4056E-05,  -0.0934673
   7.406E-05,  -0.0934673
  7.4064E-05,  -0.0930905
  7.4068E-05,  -0.0927136
  7.4072E-05,  -0.0930905
  7.4076E-05,  -0.0927136
   7.408E-05,  -0.0927136
  7.4084E-05,  -0.0923367
  7.4088E-05,  -0.0923367
  7.4092E-05,  -0.0927136
  7.4096E-05,  -0.0923367
    7.41E-05,  -0.0919598
  7.4104E-05,  -0.0919598
  7.4108E-05,  -0.0915829
  7.4112E-05,  -0.0915829
  7.4116E-05,   -0.091206
   7.412E-05,   -0.091206
  7.4124E-05,   -0.091206
  7.4128E-05,   -0.091206
  7.4132E-05,  -0.0908291
  7.4136E-05,  -0.0908291
   7.414E-05,  -0.0904523
  7.4144E-05,  -0.0904523
  7.4148E-05,  -0.0900754
  7.4152E-05,  -0.0904523
  7.4156E-05,  -0.0900754
   7.416E-05,  -0.0900754
  7.4164E-05,  -0.0900754
  7.4168E-05,  -0.0896985
  7.4172E-05,  -0.0896985
  7.4176E-05,  -0.0896985
   7.418E-05,  -0.0893216
  7.4184E-05,  -0.0893216
  7.4188E-05,  -0.0889447
  7.4192E-05,  -0.0889447
  7.4196E-05,  -0.0885678
    7.42E-05,  -0.0885678
  7.4204E-05,   -0.088191
  7.4208E-05,   -0.088191
  7.4212E-05,   -0.088191
  7.4216E-05,   -0.088191
   7.422E-05,  -0.0878141
  7.4224E-05,  -0.0874372
  7.4228E-05,  -0.0878141
  7.4232E-05,  -0.0874372
  7.4236E-05,  -0.0874372
   7.424E-05,  -0.0870603
  7.4244E-05,  -0.0870603
  7.4248E-05,  -0.0866834
  7.4252E-05,  -0.0866834
  7.4256E-05,  -0.0866834
   7.426E-05,  -0.0863065
  7.4264E-05,  -0.0859296
  7.4268E-05,  -0.0859296
  7.4272E-05,  -0.0859296
  7.4276E-05,  -0.0855528
   7.428E-05,  -0.0855528
  7.4284E-05,  -0.0855528
  7.4288E-05,  -0.0851759
  7.4292E-05,  -0.0851759
  7.4296E-05,  -0.0851759
    7.43E-05,   -0.084799
  7.4304E-05,   -0.084799
  7.4308E-05,  -0.0844221
  7.4312E-05,  -0.0844221
  7.4316E-05,  -0.0844221
   7.432E-05,  -0.0840452
  7.4324E-05,  -0.0840452
  7.4328E-05,  -0.0836683
  7.4332E-05,  -0.0836683
  7.4336E-05,  -0.0832915
   7.434E-05,  -0.0832915
  7.4344E-05,  -0.0832915
  7.4348E-05,  -0.0829146
  7.4352E-05,  -0.0829146
  7.4356E-05,  -0.0829146
   7.436E-05,  -0.0825377
  7.4364E-05,  -0.0821608
  7.4368E-05,  -0.0821608
  7.4372E-05,  -0.0821608
  7.4376E-05,  -0.0817839
   7.438E-05,   -0.081407
  7.4384E-05,  -0.0817839
  7.4388E-05,   -0.081407
  7.4392E-05,  -0.0810302
  7.4396E-05,  -0.0810302
    7.44E-05,  -0.0810302
  7.4404E-05,  -0.0806533
  7.4408E-05,  -0.0806533
  7.4412E-05,  -0.0802764
  7.4416E-05,  -0.0802764
   7.442E-05,  -0.0798995
  7.4424E-05,  -0.0798995
  7.4428E-05,  -0.0798995
  7.4432E-05,  -0.0795226
  7.4436E-05,  -0.0795226
   7.444E-05,  -0.0791457
  7.4444E-05,  -0.0791457
  7.4448E-05,  -0.0787688
  7.4452E-05,   -0.078392
  7.4456E-05,  -0.0787688
   7.446E-05,   -0.078392
  7.4464E-05,  -0.0780151
  7.4468E-05,  -0.0780151
  7.4472E-05,  -0.0776382
  7.4476E-05,  -0.0776382
   7.448E-05,  -0.0772613
  7.4484E-05,  -0.0772613
  7.4488E-05,  -0.0768844
  7.4492E-05,  -0.0768844
  7.4496E-05,  -0.0768844
    7.45E-05,  -0.0765075
  7.4504E-05,  -0.0761307
  7.4508E-05,  -0.0757538
  7.4512E-05,  -0.0757538
  7.4516E-05,  -0.0757538
   7.452E-05,  -0.0753769
  7.4524E-05,  -0.0753769
  7.4528E-05,      -0.075
  7.4532E-05,      -0.075
  7.4536E-05,  -0.0746231
   7.454E-05,  -0.0746231
  7.4544E-05,  -0.0746231
  7.4548E-05,  -0.0742462
  7.4552E-05,  -0.0738693
  7.4556E-05,  -0.0738693
   7.456E-05,  -0.0734925
  7.4564E-05,  -0.0731156
  7.4568E-05,  -0.0734925
  7.4572E-05,  -0.0731156
  7.4576E-05,  -0.0727387
   7.458E-05,  -0.0723618
  7.4584E-05,  -0.0727387
  7.4588E-05,  -0.0723618
  7.4592E-05,  -0.0719849
  7.4596E-05,   -0.071608
    7.46E-05,  -0.0719849
  7.4604E-05,  -0.0712312
  7.4608E-05,  -0.0708543
  7.4612E-05,  -0.0708543
  7.4616E-05,  -0.0708543
   7.462E-05,  -0.0704774
  7.4624E-05,  -0.0701005
  7.4628E-05,  -0.0701005
  7.4632E-05,  -0.0697236
  7.4636E-05,  -0.0693467
   7.464E-05,  -0.0693467
  7.4644E-05,  -0.0689698
  7.4648E-05,  -0.0689698
  7.4652E-05,   -0.068593
  7.4656E-05,   -0.068593
   7.466E-05,  -0.0682161
  7.4664E-05,  -0.0682161
  7.4668E-05,  -0.0678392
  7.4672E-05,  -0.0674623
  7.4676E-05,  -0.0674623
   7.468E-05,  -0.0670854
  7.4684E-05,  -0.0667085
  7.4688E-05,  -0.0667085
  7.4692E-05,  -0.0667085
  7.4696E-05,  -0.0663317
    7.47E-05,  -0.0659548
  7.4704E-05,  -0.0655779
  7.4708E-05,  -0.0655779
  7.4712E-05,   -0.065201
  7.4716E-05,  -0.0648241
   7.472E-05,  -0.0648241
  7.4724E-05,  -0.0644472
  7.4728E-05,  -0.0644472
  7.4732E-05,  -0.0640704
  7.4736E-05,  -0.0640704
   7.474E-05,  -0.0636935
  7.4744E-05,  -0.0633166
  7.4748E-05,  -0.0629397
  7.4752E-05,  -0.0629397
  7.4756E-05,  -0.0625628
   7.476E-05,  -0.0625628
  7.4764E-05,  -0.0621859
  7.4768E-05,   -0.061809
  7.4772E-05,  -0.0614322
  7.4776E-05,  -0.0614322
   7.478E-05,  -0.0610553
  7.4784E-05,  -0.0606784
  7.4788E-05,  -0.0606784
  7.4792E-05,  -0.0603015
  7.4796E-05,  -0.0599246
    7.48E-05,  -0.0599246
  7.4804E-05,  -0.0595477
  7.4808E-05,  -0.0595477
  7.4812E-05,  -0.0591709
  7.4816E-05,   -0.058794
   7.482E-05,   -0.058794
  7.4824E-05,  -0.0584171
  7.4828E-05,  -0.0580402
  7.4832E-05,  -0.0576633
  7.4836E-05,  -0.0576633
   7.484E-05,  -0.0576633
  7.4844E-05,  -0.0569095
  7.4848E-05,  -0.0569095
  7.4852E-05,  -0.0565327
  7.4856E-05,  -0.0561558
   7.486E-05,  -0.0561558
  7.4864E-05,  -0.0557789
  7.4868E-05,   -0.055402
  7.4872E-05,   -0.055402
  7.4876E-05,  -0.0550251
   7.488E-05,  -0.0546482
  7.4884E-05,  -0.0546482
  7.4888E-05,  -0.0542714
  7.4892E-05,  -0.0538945
  7.4896E-05,  -0.0535176
    7.49E-05,  -0.0531407
  7.4904E-05,  -0.0531407
  7.4908E-05,  -0.0527638
  7.4912E-05,  -0.0523869
  7.4916E-05,  -0.0523869
   7.492E-05,    -0.05201
  7.4924E-05,  -0.0516332
  7.4928E-05,  -0.0512563
  7.4932E-05,  -0.0512563
  7.4936E-05,  -0.0508794
   7.494E-05,  -0.0501256
  7.4944E-05,  -0.0501256
  7.4948E-05,  -0.0501256
  7.4952E-05,  -0.0497487
  7.4956E-05,  -0.0497487
   7.496E-05,  -0.0493719
  7.4964E-05,   -0.048995
  7.4968E-05,  -0.0486181
  7.4972E-05,  -0.0486181
  7.4976E-05,  -0.0482412
   7.498E-05,  -0.0478643
  7.4984E-05,  -0.0478643
  7.4988E-05,  -0.0474874
  7.4992E-05,  -0.0471106
  7.4996E-05,  -0.0471106
     7.5E-05,  -0.0467337
  7.5004E-05,  -0.0463568
  7.5008E-05,  -0.0459799
  7.5012E-05,  -0.0459799
  7.5016E-05,   -0.045603
   7.502E-05,  -0.0452261
  7.5024E-05,  -0.0448492
  7.5028E-05,  -0.0448492
  7.5032E-05,  -0.0444724
  7.5036E-05,  -0.0440955
   7.504E-05,  -0.0437186
  7.5044E-05,  -0.0437186
  7.5048E-05,  -0.0433417
  7.5052E-05,  -0.0429648
  7.5056E-05,  -0.0429648
   7.506E-05,  -0.0425879
  7.5064E-05,  -0.0422111
  7.5068E-05,  -0.0418342
  7.5072E-05,  -0.0418342
  7.5076E-05,  -0.0414573
   7.508E-05,  -0.0410804
  7.5084E-05,  -0.0410804
  7.5088E-05,  -0.0407035
  7.5092E-05,  -0.0407035
  7.5096E-05,  -0.0403266
    7.51E-05,  -0.0403266
  7.5104E-05,  -0.0395729
  7.5108E-05,  -0.0395729
  7.5112E-05,   -0.039196
  7.5116E-05,   -0.039196
   7.512E-05,  -0.0388191
  7.5124E-05,  -0.0384422
  7.5128E-05,  -0.0384422
  7.5132E-05,  -0.0380653
  7.5136E-05,  -0.0376884
   7.514E-05,  -0.0373116
  7.5144E-05,  -0.0373116
  7.5148E-05,  -0.0373116
  7.5152E-05,  -0.0369347
  7.5156E-05,  -0.0365578
   7.516E-05,  -0.0361809
  7.5164E-05,  -0.0361809
  7.5168E-05,   -0.035804
  7.5172E-05,  -0.0354271
  7.5176E-05,  -0.0350503
   7.518E-05,  -0.0350503
  7.5184E-05,  -0.0346734
  7.5188E-05,  -0.0342965
  7.5192E-05,  -0.0342965
  7.5196E-05,  -0.0339196
    7.52E-05,  -0.0335427
  7.5204E-05,  -0.0335427
  7.5208E-05,  -0.0331658
  7.5212E-05,  -0.0331658
  7.5216E-05,  -0.0324121
   7.522E-05,  -0.0324121
  7.5224E-05,  -0.0324121
  7.5228E-05,  -0.0320352
  7.5232E-05,  -0.0320352
  7.5236E-05,  -0.0312814
   7.524E-05,  -0.0312814
  7.5244E-05,  -0.0309045
  7.5248E-05,  -0.0305276
  7.5252E-05,  -0.0305276
  7.5256E-05,  -0.0305276
   7.526E-05,  -0.0301508
  7.5264E-05,  -0.0297739
  7.5268E-05,  -0.0297739
  7.5272E-05,   -0.029397
  7.5276E-05,  -0.0290201
   7.528E-05,  -0.0290201
  7.5284E-05,  -0.0290201
  7.5288E-05,  -0.0286432
  7.5292E-05,  -0.0282663
  7.5296E-05,  -0.0278894
    7.53E-05,  -0.0278894
  7.5304E-05,  -0.0275126
  7.5308E-05,  -0.0271357
  7.5312E-05,  -0.0271357
  7.5316E-05,  -0.0267588
   7.532E-05,  -0.0263819
  7.5324E-05,  -0.0263819
  7.5328E-05,   -0.026005
  7.5332E-05,  -0.0256281
  7.5336E-05,  -0.0256281
   7.534E-05,  -0.0252513
  7.5344E-05,  -0.0252513
  7.5348E-05,  -0.0248744
  7.5352E-05,  -0.0244975
  7.5356E-05,  -0.0244975
   7.536E-05,  -0.0241206
  7.5364E-05,  -0.0237437
  7.5368E-05,  -0.0237437
  7.5372E-05,  -0.0233668
  7.5376E-05,  -0.0233668
   7.538E-05,  -0.0229899
  7.5384E-05,  -0.0226131
  7.5388E-05,  -0.0226131
  7.5392E-05,  -0.0222362
  7.5396E-05,  -0.0222362
    7.54E-05,  -0.0218593
  7.5404E-05,  -0.0214824
  7.5408E-05,  -0.0211055
  7.5412E-05,  -0.0211055
  7.5416E-05,  -0.0211055
   7.542E-05,  -0.0207286
  7.5424E-05,  -0.0203518
  7.5428E-05,  -0.0203518
  7.5432E-05,  -0.0199749
  7.5436E-05,  -0.0199749
   7.544E-05,   -0.019598
  7.5444E-05,   -0.019598
  7.5448E-05,  -0.0192211
  7.5452E-05,  -0.0188442
  7.5456E-05,  -0.0188442
   7.546E-05,  -0.0184673
  7.5464E-05,  -0.0184673
  7.5468E-05,  -0.0180905
  7.5472E-05,  -0.0180905
  7.5476E-05,  -0.0180905
   7.548E-05,  -0.0173367
  7.5484E-05,  -0.0173367
  7.5488E-05,  -0.0169598
  7.5492E-05,  -0.0169598
  7.5496E-05,  -0.0165829
    7.55E-05,  -0.0165829
  7.5504E-05,   -0.016206
  7.5508E-05,  -0.0158291
  7.5512E-05,  -0.0158291
  7.5516E-05,  -0.0158291
   7.552E-05,  -0.0150754
  7.5524E-05,  -0.0150754
  7.5528E-05,  -0.0150754
  7.5532E-05,  -0.0146985
  7.5536E-05,  -0.0143216
   7.554E-05,  -0.0139447
  7.5544E-05,  -0.0139447
  7.5548E-05,  -0.0139447
  7.5552E-05,  -0.0135678
  7.5556E-05,   -0.013191
   7.556E-05,   -0.013191
  7.5564E-05,   -0.013191
  7.5568E-05,  -0.0124372
  7.5572E-05,  -0.0124372
  7.5576E-05,  -0.0124372
   7.558E-05,  -0.0124372
  7.5584E-05,  -0.0116834
  7.5588E-05,  -0.0116834
  7.5592E-05,  -0.0116834
  7.5596E-05,  -0.0113065
    7.56E-05,  -0.0109296
  7.5604E-05,  -0.0109296
  7.5608E-05,  -0.0105528
  7.5612E-05,  -0.0105528
  7.5616E-05,  -0.0101759
   7.562E-05,  -0.0101759
  7.5624E-05,  -0.0101759
  7.5628E-05,   -0.009799
  7.5632E-05, -0.00942211
  7.5636E-05, -0.00942211
   7.564E-05, -0.00904523
  7.5644E-05, -0.00904523
  7.5648E-05, -0.00866834
  7.5652E-05, -0.00829146
  7.5656E-05, -0.00829146
   7.566E-05, -0.00829146
  7.5664E-05, -0.00791457
  7.5668E-05, -0.00753769
  7.5672E-05, -0.00753769
  7.5676E-05,  -0.0071608
   7.568E-05,  -0.0071608
  7.5684E-05, -0.00678392
  7.5688E-05, -0.00678392
  7.5692E-05, -0.00640704
  7.5696E-05, -0.00603015
    7.57E-05, -0.00603015
  7.5704E-05, -0.00603015
  7.5708E-05, -0.00603015
  7.5712E-05, -0.00527638
  7.5716E-05, -0.00527638
   7.572E-05, -0.00527638
  7.5724E-05,  -0.0048995
  7.5728E-05,  -0.0048995
  7.5732E-05, -0.00452261
  7.5736E-05, -0.00452261
   7.574E-05, -0.00414573
  7.5744E-05, -0.00376884
  7.5748E-05, -0.00414573
  7.5752E-05, -0.00376884
  7.5756E-05, -0.00339196
   7.576E-05, -0.00339196
  7.5764E-05, -0.00301508
  7.5768E-05, -0.00301508
  7.5772E-05, -0.00263819
  7.5776E-05, -0.00263819
   7.578E-05, -0.00263819
  7.5784E-05, -0.00226131
  7.5788E-05, -0.00226131
  7.5792E-05, -0.00188442
  7.5796E-05, -0.00150754
    7.58E-05, -0.00188442
  7.5804E-05, -0.00150754
  7.5808E-05, -0.00113065
  7.5812E-05, -0.00113065
  7.5816E-05, -0.00113065
   7.582E-05,-0.000753769
  7.5824E-05,-0.000376884
  7.5828E-05,-0.000376884
  7.5832E-05,-0.000376884
  7.5836E-05,           0
   7.584E-05,           0
  7.5844E-05,           0
  7.5848E-05,           0
  7.5852E-05, 0.000753769
  7.5856E-05, 0.000376884
   7.586E-05, 0.000376884
  7.5864E-05, 0.000753769
  7.5868E-05,  0.00113065
  7.5872E-05,  0.00113065
  7.5876E-05,  0.00113065
   7.588E-05,  0.00150754
  7.5884E-05,  0.00150754
  7.5888E-05,  0.00150754
  7.5892E-05,  0.00188442
  7.5896E-05,  0.00188442
    7.59E-05,  0.00188442
  7.5904E-05,  0.00188442
  7.5908E-05,  0.00226131
  7.5912E-05,  0.00263819
  7.5916E-05,  0.00226131
   7.592E-05,  0.00226131
  7.5924E-05,  0.00263819
  7.5928E-05,  0.00301508
  7.5932E-05,  0.00301508
  7.5936E-05,  0.00301508
   7.594E-05,  0.00339196
  7.5944E-05,  0.00339196
  7.5948E-05,  0.00339196
  7.5952E-05,  0.00339196
  7.5956E-05,  0.00376884
   7.596E-05,  0.00376884
  7.5964E-05,  0.00376884
  7.5968E-05,  0.00414573
  7.5972E-05,  0.00414573
  7.5976E-05,  0.00414573
   7.598E-05,  0.00414573
  7.5984E-05,  0.00452261
  7.5988E-05,  0.00452261
  7.5992E-05,  0.00452261
  7.5996E-05,  0.00452261
     7.6E-05,  0.00452261
  7.6004E-05,   0.0048995
  7.6008E-05,   0.0048995
  7.6012E-05,   0.0048995
  7.6016E-05,  0.00527638
   7.602E-05,  0.00527638
  7.6024E-05,  0.00527638
  7.6028E-05,  0.00527638
  7.6032E-05,  0.00565327
  7.6036E-05,  0.00565327
   7.604E-05,  0.00565327
  7.6044E-05,  0.00565327
  7.6048E-05,  0.00603015
  7.6052E-05,  0.00603015
  7.6056E-05,  0.00565327
   7.606E-05,  0.00603015
  7.6064E-05,  0.00640704
  7.6068E-05,  0.00603015
  7.6072E-05,  0.00640704
  7.6076E-05,  0.00603015
   7.608E-05,  0.00640704
  7.6084E-05,  0.00640704
  7.6088E-05,  0.00640704
  7.6092E-05,  0.00678392
  7.6096E-05,  0.00678392
    7.61E-05,  0.00678392
  7.6104E-05,  0.00678392
  7.6108E-05,  0.00678392
  7.6112E-05,   0.0071608
  7.6116E-05,   0.0071608
   7.612E-05,  0.00678392
  7.6124E-05,   0.0071608
  7.6128E-05,   0.0071608
  7.6132E-05,  0.00678392
  7.6136E-05,   0.0071608
   7.614E-05,   0.0071608
  7.6144E-05,   0.0071608
  7.6148E-05,   0.0071608
  7.6152E-05,   0.0071608
  7.6156E-05,  0.00753769
   7.616E-05,  0.00753769
  7.6164E-05,  0.00753769
  7.6168E-05,  0.00753769
  7.6172E-05,  0.00753769
  7.6176E-05,  0.00791457
   7.618E-05,  0.00791457
  7.6184E-05,  0.00791457
  7.6188E-05,  0.00791457
  7.6192E-05,  0.00753769
  7.6196E-05,  0.00791457
    7.62E-05,  0.00791457
  7.6204E-05,  0.00791457
  7.6208E-05,  0.00829146
  7.6212E-05,  0.00791457
  7.6216E-05,  0.00829146
   7.622E-05,  0.00829146
  7.6224E-05,  0.00829146
  7.6228E-05,  0.00829146
  7.6232E-05,  0.00829146
  7.6236E-05,  0.00829146
   7.624E-05,  0.00829146
  7.6244E-05,  0.00829146
  7.6248E-05,  0.00829146
  7.6252E-05,  0.00829146
  7.6256E-05,  0.00829146
   7.626E-05,  0.00829146
  7.6264E-05,  0.00866834
  7.6268E-05,  0.00829146
  7.6272E-05,  0.00829146
  7.6276E-05,  0.00866834
   7.628E-05,  0.00866834
  7.6284E-05,  0.00866834
  7.6288E-05,  0.00866834
  7.6292E-05,  0.00866834
  7.6296E-05,  0.00904523
    7.63E-05,  0.00866834
  7.6304E-05,  0.00866834
  7.6308E-05,  0.00866834
  7.6312E-05,  0.00866834
  7.6316E-05,  0.00866834
   7.632E-05,  0.00866834
  7.6324E-05,  0.00866834
  7.6328E-05,  0.00866834
  7.6332E-05,  0.00866834
  7.6336E-05,  0.00866834
   7.634E-05,  0.00866834
  7.6344E-05,  0.00866834
  7.6348E-05,  0.00904523
  7.6352E-05,  0.00866834
  7.6356E-05,  0.00866834
   7.636E-05,  0.00866834
  7.6364E-05,  0.00866834
  7.6368E-05,  0.00866834
  7.6372E-05,  0.00866834
  7.6376E-05,  0.00904523
   7.638E-05,  0.00866834
  7.6384E-05,  0.00866834
  7.6388E-05,  0.00904523
  7.6392E-05,  0.00904523
  7.6396E-05,  0.00904523
    7.64E-05,  0.00904523
  7.6404E-05,  0.00904523
  7.6408E-05,  0.00904523
  7.6412E-05,  0.00904523
  7.6416E-05,  0.00904523
   7.642E-05,  0.00904523
  7.6424E-05,  0.00904523
  7.6428E-05,  0.00904523
  7.6432E-05,  0.00904523
  7.6436E-05,  0.00904523
   7.644E-05,  0.00904523
  7.6444E-05,  0.00904523
  7.6448E-05,  0.00904523
  7.6452E-05,  0.00904523
  7.6456E-05,  0.00866834
   7.646E-05,  0.00904523
  7.6464E-05,  0.00904523
  7.6468E-05,  0.00866834
  7.6472E-05,  0.00904523
  7.6476E-05,  0.00866834
   7.648E-05,  0.00904523
  7.6484E-05,  0.00904523
  7.6488E-05,  0.00904523
  7.6492E-05,  0.00904523
  7.6496E-05,  0.00866834
    7.65E-05,  0.00866834
  7.6504E-05,  0.00904523
  7.6508E-05,  0.00904523
  7.6512E-05,  0.00904523
  7.6516E-05,  0.00866834
   7.652E-05,  0.00866834
  7.6524E-05,  0.00866834
  7.6528E-05,  0.00866834
  7.6532E-05,  0.00866834
  7.6536E-05,  0.00866834
   7.654E-05,  0.00866834
  7.6544E-05,  0.00866834
  7.6548E-05,  0.00866834
  7.6552E-05,  0.00866834
  7.6556E-05,  0.00866834
   7.656E-05,  0.00866834
  7.6564E-05,  0.00829146
  7.6568E-05,  0.00866834
  7.6572E-05,  0.00866834
  7.6576E-05,  0.00866834
   7.658E-05,  0.00866834
  7.6584E-05,  0.00866834
  7.6588E-05,  0.00866834
  7.6592E-05,  0.00866834
  7.6596E-05,  0.00829146
    7.66E-05,  0.00866834
  7.6604E-05,  0.00866834
  7.6608E-05,  0.00866834
  7.6612E-05,  0.00829146
  7.6616E-05,  0.00829146
   7.662E-05,  0.00866834
  7.6624E-05,  0.00829146
  7.6628E-05,  0.00829146
  7.6632E-05,  0.00829146
  7.6636E-05,  0.00829146
   7.664E-05,  0.00829146
  7.6644E-05,  0.00791457
  7.6648E-05,  0.00829146
  7.6652E-05,  0.00829146
  7.6656E-05,  0.00791457
   7.666E-05,  0.00829146
  7.6664E-05,  0.00829146
  7.6668E-05,  0.00791457
  7.6672E-05,  0.00791457
  7.6676E-05,  0.00791457
   7.668E-05,  0.00791457
  7.6684E-05,  0.00791457
  7.6688E-05,  0.00753769
  7.6692E-05,  0.00791457
  7.6696E-05,  0.00791457
    7.67E-05,  0.00753769
  7.6704E-05,  0.00791457
  7.6708E-05,  0.00753769
  7.6712E-05,  0.00753769
  7.6716E-05,  0.00753769
   7.672E-05,  0.00753769
  7.6724E-05,  0.00753769
  7.6728E-05,  0.00753769
  7.6732E-05,  0.00753769
  7.6736E-05,  0.00753769
   7.674E-05,  0.00753769
  7.6744E-05,  0.00753769
  7.6748E-05,   0.0071608
  7.6752E-05,   0.0071608
  7.6756E-05,   0.0071608
   7.676E-05,   0.0071608
  7.6764E-05,   0.0071608
  7.6768E-05,   0.0071608
  7.6772E-05,   0.0071608
  7.6776E-05,   0.0071608
   7.678E-05,   0.0071608
  7.6784E-05,  0.00678392
  7.6788E-05,  0.00678392
  7.6792E-05,  0.00678392
  7.6796E-05,  0.00678392
    7.68E-05,  0.00678392
  7.6804E-05,  0.00678392
  7.6808E-05,  0.00678392
  7.6812E-05,  0.00678392
  7.6816E-05,  0.00678392
   7.682E-05,  0.00640704
  7.6824E-05,  0.00640704
  7.6828E-05,  0.00640704
  7.6832E-05,  0.00640704
  7.6836E-05,  0.00640704
   7.684E-05,  0.00640704
  7.6844E-05,  0.00640704
  7.6848E-05,  0.00603015
  7.6852E-05,  0.00640704
  7.6856E-05,  0.00603015
   7.686E-05,  0.00565327
  7.6864E-05,  0.00603015
  7.6868E-05,  0.00565327
  7.6872E-05,  0.00603015
  7.6876E-05,  0.00603015
   7.688E-05,  0.00565327
  7.6884E-05,  0.00565327
  7.6888E-05,  0.00565327
  7.6892E-05,  0.00565327
  7.6896E-05,  0.00565327
    7.69E-05,  0.00527638
  7.6904E-05,  0.00565327
  7.6908E-05,  0.00527638
  7.6912E-05,  0.00527638
  7.6916E-05,  0.00527638
   7.692E-05,   0.0048995
  7.6924E-05,  0.00527638
  7.6928E-05,  0.00527638
  7.6932E-05,   0.0048995
  7.6936E-05,   0.0048995
   7.694E-05,   0.0048995
  7.6944E-05,   0.0048995
  7.6948E-05,  0.00452261
  7.6952E-05,  0.00452261
  7.6956E-05,  0.00452261
   7.696E-05,  0.00452261
  7.6964E-05,  0.00414573
  7.6968E-05,  0.00414573
  7.6972E-05,  0.00414573
  7.6976E-05,  0.00376884
   7.698E-05,  0.00414573
  7.6984E-05,  0.00376884
  7.6988E-05,  0.00376884
  7.6992E-05,  0.00376884
  7.6996E-05,  0.00339196
     7.7E-05,  0.00376884
  7.7004E-05,  0.00339196
  7.7008E-05,  0.00339196
  7.7012E-05,  0.00339196
  7.7016E-05,  0.00301508
   7.702E-05,  0.00301508
  7.7024E-05,  0.00301508
  7.7028E-05,  0.00301508
  7.7032E-05,  0.00301508
  7.7036E-05,  0.00301508
   7.704E-05,  0.00263819
  7.7044E-05,  0.00263819
  7.7048E-05,  0.00226131
  7.7052E-05,  0.00226131
  7.7056E-05,  0.00226131
   7.706E-05,  0.00188442
  7.7064E-05,  0.00226131
  7.7068E-05,  0.00188442
  7.7072E-05,  0.00188442
  7.7076E-05,  0.00150754
   7.708E-05,  0.00150754
  7.7084E-05,  0.00150754
  7.7088E-05,  0.00150754
  7.7092E-05,  0.00113065
  7.7096E-05,  0.00113065
    7.71E-05,  0.00113065
  7.7104E-05, 0.000753769
  7.7108E-05, 0.000753769
  7.7112E-05, 0.000753769
  7.7116E-05, 0.000753769
   7.712E-05, 0.000376884
  7.7124E-05, 0.000376884
  7.7128E-05, 0.000376884
  7.7132E-05,           0
  7.7136E-05,           0
   7.714E-05,           0
  7.7144E-05,-0.000376884
  7.7148E-05,-0.000376884
  7.7152E-05,-0.000376884
  7.7156E-05,-0.000753769
   7.716E-05,-0.000753769
  7.7164E-05, -0.00113065
  7.7168E-05, -0.00113065
  7.7172E-05, -0.00150754
  7.7176E-05, -0.00113065
   7.718E-05, -0.00150754
  7.7184E-05, -0.00188442
  7.7188E-05, -0.00188442
  7.7192E-05, -0.00188442
  7.7196E-05, -0.00188442
    7.72E-05, -0.00226131
  7.7204E-05, -0.00226131
  7.7208E-05, -0.00263819
  7.7212E-05, -0.00301508
  7.7216E-05, -0.00301508
   7.722E-05, -0.00339196
  7.7224E-05, -0.00301508
  7.7228E-05, -0.00339196
  7.7232E-05, -0.00339196
  7.7236E-05, -0.00339196
   7.724E-05, -0.00376884
  7.7244E-05, -0.00414573
  7.7248E-05, -0.00414573
  7.7252E-05, -0.00452261
  7.7256E-05, -0.00452261
   7.726E-05,  -0.0048995
  7.7264E-05,  -0.0048995
  7.7268E-05,  -0.0048995
  7.7272E-05, -0.00527638
  7.7276E-05, -0.00527638
   7.728E-05, -0.00565327
  7.7284E-05, -0.00565327
  7.7288E-05, -0.00603015
  7.7292E-05, -0.00640704
  7.7296E-05, -0.00603015
    7.73E-05, -0.00640704
  7.7304E-05, -0.00678392
  7.7308E-05, -0.00678392
  7.7312E-05, -0.00678392
  7.7316E-05,  -0.0071608
   7.732E-05, -0.00753769
  7.7324E-05, -0.00753769
  7.7328E-05, -0.00753769
  7.7332E-05, -0.00791457
  7.7336E-05, -0.00791457
   7.734E-05, -0.00791457
  7.7344E-05, -0.00829146
  7.7348E-05, -0.00866834
  7.7352E-05, -0.00866834
  7.7356E-05, -0.00904523
   7.736E-05, -0.00904523
  7.7364E-05, -0.00942211
  7.7368E-05, -0.00942211
  7.7372E-05,   -0.009799
  7.7376E-05,   -0.009799
   7.738E-05,  -0.0101759
  7.7384E-05,  -0.0101759
  7.7388E-05,  -0.0105528
  7.7392E-05,  -0.0109296
  7.7396E-05,  -0.0109296
    7.74E-05,  -0.0113065
  7.7404E-05,  -0.0113065
  7.7408E-05,  -0.0116834
  7.7412E-05,  -0.0116834
  7.7416E-05,  -0.0120603
   7.742E-05,  -0.0124372
  7.7424E-05,  -0.0124372
  7.7428E-05,  -0.0128141
  7.7432E-05,  -0.0128141
  7.7436E-05,   -0.013191
   7.744E-05,   -0.013191
  7.7444E-05,  -0.0135678
  7.7448E-05,  -0.0135678
  7.7452E-05,  -0.0135678
  7.7456E-05,  -0.0143216
   7.746E-05,  -0.0143216
  7.7464E-05,  -0.0143216
  7.7468E-05,  -0.0146985
  7.7472E-05,  -0.0150754
  7.7476E-05,  -0.0150754
   7.748E-05,  -0.0154523
  7.7484E-05,  -0.0154523
  7.7488E-05,  -0.0158291
  7.7492E-05,  -0.0158291
  7.7496E-05,   -0.016206
    7.75E-05,  -0.0165829
  7.7504E-05,  -0.0169598
  7.7508E-05,  -0.0165829
  7.7512E-05,  -0.0169598
  7.7516E-05,  -0.0173367
   7.752E-05,  -0.0173367
  7.7524E-05,  -0.0177136
  7.7528E-05,  -0.0177136
  7.7532E-05,  -0.0180905
  7.7536E-05,  -0.0184673
   7.754E-05,  -0.0184673
  7.7544E-05,  -0.0184673
  7.7548E-05,  -0.0188442
  7.7552E-05,  -0.0188442
  7.7556E-05,  -0.0192211
   7.756E-05,  -0.0192211
  7.7564E-05,   -0.019598
  7.7568E-05,   -0.019598
  7.7572E-05,  -0.0199749
  7.7576E-05,  -0.0203518
   7.758E-05,  -0.0203518
  7.7584E-05,  -0.0207286
  7.7588E-05,  -0.0207286
  7.7592E-05,  -0.0207286
  7.7596E-05,  -0.0211055
    7.76E-05,  -0.0211055
  7.7604E-05,  -0.0214824
  7.7608E-05,  -0.0214824
  7.7612E-05,  -0.0218593
  7.7616E-05,  -0.0218593
   7.762E-05,  -0.0218593
  7.7624E-05,  -0.0222362
  7.7628E-05,  -0.0226131
  7.7632E-05,  -0.0229899
  7.7636E-05,  -0.0226131
   7.764E-05,  -0.0211055
  7.7644E-05,  -0.0226131
  7.7648E-05,  -0.0241206
  7.7652E-05,  -0.0203518
  7.7656E-05,  -0.0173367
   7.766E-05,  -0.0203518
  7.7664E-05,  -0.0173367
  7.7668E-05,  -0.0169598
  7.7672E-05,  -0.0192211
  7.7676E-05,  -0.0150754
   7.768E-05,  -0.0192211
  7.7684E-05,  -0.0335427
  7.7688E-05,  -0.0278894
  7.7692E-05,   -0.026005
  7.7696E-05,  -0.0452261
    7.77E-05,  -0.0493719
  7.7704E-05,  -0.0361809
  7.7708E-05,  -0.0365578
  7.7712E-05,  -0.0414573
  7.7716E-05,   -0.029397
   7.772E-05,  -0.0188442
  7.7724E-05,  -0.0169598
  7.7728E-05, -0.00904523
  7.7732E-05, -0.00829146
  7.7736E-05,  -0.0169598
   7.774E-05,  -0.0158291
  7.7744E-05,  -0.0199749
  7.7748E-05,  -0.0403266
  7.7752E-05,  -0.0486181
  7.7756E-05,   -0.039196
   7.776E-05,  -0.0437186
  7.7764E-05,  -0.0523869
  7.7768E-05,  -0.0376884
  7.7772E-05,  -0.0218593
  7.7776E-05,  -0.0271357
   7.778E-05,  -0.0252513
  7.7784E-05,  -0.0120603
  7.7788E-05,  -0.0128141
  7.7792E-05,  -0.0233668
  7.7796E-05,  -0.0214824
    7.78E-05,  -0.0199749
  7.7804E-05,  -0.0286432
  7.7808E-05,   -0.035804
  7.7812E-05,  -0.0346734
  7.7816E-05,  -0.0395729
   7.782E-05,  -0.0474874
  7.7824E-05,   -0.048995
  7.7828E-05,  -0.0467337
  7.7832E-05,  -0.0459799
  7.7836E-05,  -0.0433417
   7.784E-05,   -0.035804
  7.7844E-05,  -0.0278894
  7.7848E-05,  -0.0241206
  7.7852E-05,  -0.0211055
  7.7856E-05,  -0.0184673
   7.786E-05,  -0.0207286
  7.7864E-05,   -0.026005
  7.7868E-05,  -0.0320352
  7.7872E-05,  -0.0380653
  7.7876E-05,  -0.0437186
   7.788E-05,  -0.0482412
  7.7884E-05,  -0.0508794
  7.7888E-05,  -0.0505025
  7.7892E-05,  -0.0482412
  7.7896E-05,  -0.0459799
    7.79E-05,  -0.0418342
  7.7904E-05,   -0.035804
  7.7908E-05,  -0.0320352
  7.7912E-05,  -0.0297739
  7.7916E-05,  -0.0271357
   7.792E-05,   -0.026005
  7.7924E-05,  -0.0282663
  7.7928E-05,  -0.0316583
  7.7932E-05,  -0.0346734
  7.7936E-05,  -0.0395729
   7.794E-05,  -0.0444724
  7.7944E-05,  -0.0478643
  7.7948E-05,  -0.0493719
  7.7952E-05,  -0.0497487
  7.7956E-05,  -0.0486181
   7.796E-05,  -0.0463568
  7.7964E-05,  -0.0429648
  7.7968E-05,  -0.0395729
  7.7972E-05,  -0.0376884
  7.7976E-05,  -0.0365578
   7.798E-05,  -0.0361809
  7.7984E-05,  -0.0373116
  7.7988E-05,  -0.0403266
  7.7992E-05,  -0.0422111
  7.7996E-05,  -0.0444724
     7.8E-05,  -0.0467337
  7.8004E-05,  -0.0471106
  7.8008E-05,  -0.0467337
  7.8012E-05,   -0.045603
  7.8016E-05,  -0.0440955
   7.802E-05,  -0.0414573
  7.8024E-05,  -0.0388191
  7.8028E-05,  -0.0376884
  7.8032E-05,  -0.0361809
  7.8036E-05,  -0.0350503
   7.804E-05,  -0.0365578
  7.8044E-05,  -0.0384422
  7.8048E-05,  -0.0395729
  7.8052E-05,  -0.0414573
  7.8056E-05,  -0.0437186
   7.806E-05,  -0.0448492
  7.8064E-05,  -0.0448492
  7.8068E-05,  -0.0448492
  7.8072E-05,  -0.0448492
  7.8076E-05,  -0.0440955
   7.808E-05,  -0.0433417
  7.8084E-05,  -0.0429648
  7.8088E-05,  -0.0425879
  7.8092E-05,  -0.0429648
  7.8096E-05,  -0.0444724
    7.81E-05,   -0.045603
  7.8104E-05,  -0.0474874
  7.8108E-05,  -0.0497487
  7.8112E-05,  -0.0512563
  7.8116E-05,    -0.05201
   7.812E-05,    -0.05201
  7.8124E-05,    -0.05201
  7.8128E-05,  -0.0501256
  7.8132E-05,  -0.0482412
  7.8136E-05,  -0.0459799
   7.814E-05,  -0.0440955
  7.8144E-05,  -0.0425879
  7.8148E-05,  -0.0418342
  7.8152E-05,  -0.0418342
  7.8156E-05,  -0.0429648
   7.816E-05,  -0.0444724
  7.8164E-05,  -0.0463568
  7.8168E-05,  -0.0482412
  7.8172E-05,  -0.0501256
  7.8176E-05,  -0.0512563
   7.818E-05,  -0.0516332
  7.8184E-05,  -0.0512563
  7.8188E-05,  -0.0505025
  7.8192E-05,  -0.0486181
  7.8196E-05,  -0.0467337
    7.82E-05,  -0.0448492
  7.8204E-05,  -0.0433417
  7.8208E-05,  -0.0422111
  7.8212E-05,  -0.0422111
  7.8216E-05,  -0.0429648
   7.822E-05,  -0.0444724
  7.8224E-05,  -0.0467337
  7.8228E-05,   -0.048995
  7.8232E-05,  -0.0516332
  7.8236E-05,  -0.0535176
   7.824E-05,   -0.055402
  7.8244E-05,  -0.0561558
  7.8248E-05,  -0.0561558
  7.8252E-05,   -0.055402
  7.8256E-05,  -0.0542714
   7.826E-05,  -0.0523869
  7.8264E-05,  -0.0508794
  7.8268E-05,  -0.0497487
  7.8272E-05,  -0.0486181
  7.8276E-05,  -0.0482412
   7.828E-05,  -0.0493719
  7.8284E-05,  -0.0505025
  7.8288E-05,    -0.05201
  7.8292E-05,  -0.0538945
  7.8296E-05,  -0.0561558
    7.83E-05,  -0.0572864
  7.8304E-05,  -0.0584171
  7.8308E-05,   -0.058794
  7.8312E-05,  -0.0584171
  7.8316E-05,  -0.0572864
   7.832E-05,  -0.0557789
  7.8324E-05,  -0.0542714
  7.8328E-05,  -0.0527638
  7.8332E-05,  -0.0516332
  7.8336E-05,  -0.0512563
   7.834E-05,  -0.0512563
  7.8344E-05,  -0.0516332
  7.8348E-05,  -0.0527638
  7.8352E-05,  -0.0538945
  7.8356E-05,   -0.055402
   7.836E-05,  -0.0569095
  7.8364E-05,  -0.0576633
  7.8368E-05,  -0.0584171
  7.8372E-05,   -0.058794
  7.8376E-05,   -0.058794
   7.838E-05,  -0.0584171
  7.8384E-05,  -0.0576633
  7.8388E-05,  -0.0569095
  7.8392E-05,  -0.0561558
  7.8396E-05,   -0.055402
    7.84E-05,   -0.055402
  7.8404E-05,  -0.0550251
  7.8408E-05,  -0.0550251
  7.8412E-05,   -0.055402
  7.8416E-05,  -0.0557789
   7.842E-05,  -0.0569095
  7.8424E-05,  -0.0576633
  7.8428E-05,  -0.0584171
  7.8432E-05,   -0.058794
  7.8436E-05,  -0.0591709
   7.844E-05,  -0.0591709
  7.8444E-05,  -0.0591709
  7.8448E-05,   -0.058794
  7.8452E-05,   -0.058794
  7.8456E-05,  -0.0584171
   7.846E-05,  -0.0580402
  7.8464E-05,  -0.0584171
  7.8468E-05,  -0.0584171
  7.8472E-05,  -0.0584171
  7.8476E-05,   -0.058794
   7.848E-05,   -0.058794
  7.8484E-05,  -0.0595477
  7.8488E-05,  -0.0595477
  7.8492E-05,  -0.0599246
  7.8496E-05,  -0.0603015
    7.85E-05,  -0.0606784
  7.8504E-05,  -0.0606784
  7.8508E-05,  -0.0610553
  7.8512E-05,  -0.0610553
  7.8516E-05,  -0.0610553
   7.852E-05,  -0.0606784
  7.8524E-05,  -0.0606784
  7.8528E-05,  -0.0606784
  7.8532E-05,  -0.0603015
  7.8536E-05,  -0.0603015
   7.854E-05,  -0.0603015
  7.8544E-05,  -0.0603015
  7.8548E-05,  -0.0603015
  7.8552E-05,  -0.0603015
  7.8556E-05,  -0.0610553
   7.856E-05,  -0.0610553
  7.8564E-05,  -0.0606784
  7.8568E-05,  -0.0606784
  7.8572E-05,  -0.0610553
  7.8576E-05,  -0.0606784
   7.858E-05,  -0.0606784
  7.8584E-05,  -0.0606784
  7.8588E-05,  -0.0610553
  7.8592E-05,  -0.0610553
  7.8596E-05,  -0.0610553
    7.86E-05,  -0.0614322
  7.8604E-05,  -0.0614322
  7.8608E-05,  -0.0614322
  7.8612E-05,   -0.061809
  7.8616E-05,   -0.061809
   7.862E-05,   -0.061809
  7.8624E-05,   -0.061809
  7.8628E-05,  -0.0614322
  7.8632E-05,  -0.0614322
  7.8636E-05,  -0.0614322
   7.864E-05,  -0.0610553
  7.8644E-05,  -0.0614322
  7.8648E-05,  -0.0610553
  7.8652E-05,  -0.0614322
  7.8656E-05,   -0.061809
   7.866E-05,   -0.061809
  7.8664E-05,  -0.0621859
  7.8668E-05,  -0.0625628
  7.8672E-05,  -0.0629397
  7.8676E-05,  -0.0629397
   7.868E-05,  -0.0629397
  7.8684E-05,  -0.0629397
  7.8688E-05,  -0.0625628
  7.8692E-05,  -0.0625628
  7.8696E-05,  -0.0621859
    7.87E-05,  -0.0621859
  7.8704E-05,   -0.061809
  7.8708E-05,  -0.0614322
  7.8712E-05,  -0.0610553
  7.8716E-05,  -0.0614322
   7.872E-05,  -0.0610553
  7.8724E-05,  -0.0610553
  7.8728E-05,  -0.0614322
  7.8732E-05,   -0.061809
  7.8736E-05,  -0.0621859
   7.874E-05,  -0.0625628
  7.8744E-05,  -0.0629397
  7.8748E-05,  -0.0629397
  7.8752E-05,  -0.0625628
  7.8756E-05,  -0.0625628
   7.876E-05,  -0.0621859
  7.8764E-05,  -0.0614322
  7.8768E-05,  -0.0606784
  7.8772E-05,  -0.0606784
  7.8776E-05,  -0.0603015
   7.878E-05,  -0.0599246
  7.8784E-05,  -0.0603015
  7.8788E-05,  -0.0606784
  7.8792E-05,  -0.0610553
  7.8796E-05,  -0.0614322
    7.88E-05,  -0.0621859
  7.8804E-05,  -0.0625628
  7.8808E-05,  -0.0625628
  7.8812E-05,  -0.0629397
  7.8816E-05,  -0.0629397
   7.882E-05,  -0.0625628
  7.8824E-05,   -0.061809
  7.8828E-05,  -0.0614322
  7.8832E-05,  -0.0614322
  7.8836E-05,  -0.0606784
   7.884E-05,  -0.0603015
  7.8844E-05,  -0.0606784
  7.8848E-05,  -0.0606784
  7.8852E-05,  -0.0606784
  7.8856E-05,  -0.0614322
   7.886E-05,   -0.061809
  7.8864E-05,  -0.0621859
  7.8868E-05,  -0.0625628
  7.8872E-05,  -0.0633166
  7.8876E-05,  -0.0633166
   7.888E-05,  -0.0633166
  7.8884E-05,  -0.0629397
  7.8888E-05,  -0.0629397
  7.8892E-05,  -0.0625628
  7.8896E-05,  -0.0621859
    7.89E-05,  -0.0614322
  7.8904E-05,  -0.0614322
  7.8908E-05,  -0.0614322
  7.8912E-05,  -0.0610553
  7.8916E-05,   -0.061809
   7.892E-05,   -0.061809
  7.8924E-05,   -0.061809
  7.8928E-05,  -0.0625628
  7.8932E-05,  -0.0629397
  7.8936E-05,  -0.0629397
   7.894E-05,  -0.0629397
  7.8944E-05,  -0.0629397
  7.8948E-05,  -0.0629397
  7.8952E-05,  -0.0625628
  7.8956E-05,  -0.0625628
   7.896E-05,  -0.0621859
  7.8964E-05,   -0.061809
  7.8968E-05,   -0.061809
  7.8972E-05,   -0.061809
  7.8976E-05,  -0.0621859
   7.898E-05,   -0.061809
  7.8984E-05,  -0.0621859
  7.8988E-05,  -0.0625628
  7.8992E-05,  -0.0629397
  7.8996E-05,  -0.0625628
     7.9E-05,  -0.0629397
  7.9004E-05,  -0.0625628
  7.9008E-05,  -0.0625628
  7.9012E-05,  -0.0625628
  7.9016E-05,  -0.0625628
   7.902E-05,  -0.0621859
  7.9024E-05,   -0.061809
  7.9028E-05,  -0.0621859
  7.9032E-05,  -0.0621859
  7.9036E-05,  -0.0625628
   7.904E-05,  -0.0621859
  7.9044E-05,  -0.0625628
  7.9048E-05,  -0.0629397
  7.9052E-05,  -0.0625628
  7.9056E-05,  -0.0629397
   7.906E-05,  -0.0625628
  7.9064E-05,  -0.0625628
  7.9068E-05,  -0.0625628
  7.9072E-05,   -0.061809
  7.9076E-05,   -0.061809
   7.908E-05,   -0.061809
  7.9084E-05,  -0.0621859
  7.9088E-05,  -0.0621859
  7.9092E-05,  -0.0621859
  7.9096E-05,  -0.0625628
    7.91E-05,  -0.0625628
  7.9104E-05,  -0.0625628
  7.9108E-05,  -0.0625628
  7.9112E-05,  -0.0621859
  7.9116E-05,  -0.0621859
   7.912E-05,  -0.0621859
  7.9124E-05,   -0.061809
  7.9128E-05,   -0.061809
  7.9132E-05,  -0.0614322
  7.9136E-05,  -0.0610553
   7.914E-05,  -0.0610553
  7.9144E-05,  -0.0614322
  7.9148E-05,  -0.0614322
  7.9152E-05,   -0.061809
  7.9156E-05,   -0.061809
   7.916E-05,  -0.0621859
  7.9164E-05,  -0.0621859
  7.9168E-05,  -0.0621859
  7.9172E-05,  -0.0621859
  7.9176E-05,  -0.0621859
   7.918E-05,   -0.061809
  7.9184E-05,  -0.0614322
  7.9188E-05,  -0.0614322
  7.9192E-05,  -0.0610553
  7.9196E-05,  -0.0606784
    7.92E-05,  -0.0606784
  7.9204E-05,  -0.0610553
  7.9208E-05,  -0.0610553
  7.9212E-05,  -0.0610553
  7.9216E-05,  -0.0610553
   7.922E-05,  -0.0614322
  7.9224E-05,   -0.061809
  7.9228E-05,  -0.0614322
  7.9232E-05,   -0.061809
  7.9236E-05,   -0.061809
   7.924E-05,  -0.0614322
  7.9244E-05,  -0.0614322
  7.9248E-05,  -0.0610553
  7.9252E-05,  -0.0606784
  7.9256E-05,  -0.0606784
   7.926E-05,  -0.0603015
  7.9264E-05,  -0.0603015
  7.9268E-05,  -0.0606784
  7.9272E-05,  -0.0606784
  7.9276E-05,  -0.0606784
   7.928E-05,  -0.0610553
  7.9284E-05,  -0.0614322
  7.9288E-05,  -0.0614322
  7.9292E-05,  -0.0614322
  7.9296E-05,  -0.0614322
    7.93E-05,  -0.0614322
  7.9304E-05,  -0.0606784
  7.9308E-05,  -0.0606784
  7.9312E-05,  -0.0603015
  7.9316E-05,  -0.0599246
   7.932E-05,  -0.0599246
  7.9324E-05,  -0.0599246
  7.9328E-05,  -0.0599246
  7.9332E-05,  -0.0599246
  7.9336E-05,  -0.0599246
   7.934E-05,  -0.0603015
  7.9344E-05,  -0.0606784
  7.9348E-05,  -0.0606784
  7.9352E-05,  -0.0606784
  7.9356E-05,  -0.0603015
   7.936E-05,  -0.0606784
  7.9364E-05,  -0.0603015
  7.9368E-05,  -0.0603015
  7.9372E-05,  -0.0599246
  7.9376E-05,  -0.0595477
   7.938E-05,  -0.0595477
  7.9384E-05,  -0.0595477
  7.9388E-05,  -0.0591709
  7.9392E-05,  -0.0591709
  7.9396E-05,  -0.0591709
    7.94E-05,  -0.0595477
  7.9404E-05,  -0.0595477
  7.9408E-05,  -0.0591709
  7.9412E-05,  -0.0595477
  7.9416E-05,  -0.0595477
   7.942E-05,  -0.0595477
  7.9424E-05,  -0.0595477
  7.9428E-05,  -0.0591709
  7.9432E-05,  -0.0591709
  7.9436E-05,  -0.0591709
   7.944E-05,   -0.058794
  7.9444E-05,   -0.058794
  7.9448E-05,   -0.058794
  7.9452E-05,  -0.0584171
  7.9456E-05,  -0.0584171
   7.946E-05,  -0.0584171
  7.9464E-05,  -0.0584171
  7.9468E-05,   -0.058794
  7.9472E-05,  -0.0584171
  7.9476E-05,  -0.0584171
   7.948E-05,  -0.0584171
  7.9484E-05,  -0.0584171
  7.9488E-05,  -0.0584171
  7.9492E-05,  -0.0580402
  7.9496E-05,  -0.0580402
    7.95E-05,  -0.0580402
  7.9504E-05,  -0.0576633
  7.9508E-05,  -0.0576633
  7.9512E-05,  -0.0576633
  7.9516E-05,  -0.0572864
   7.952E-05,  -0.0572864
  7.9524E-05,  -0.0572864
  7.9528E-05,  -0.0576633
  7.9532E-05,  -0.0572864
  7.9536E-05,  -0.0572864
   7.954E-05,  -0.0572864
  7.9544E-05,  -0.0572864
  7.9548E-05,  -0.0569095
  7.9552E-05,  -0.0569095
  7.9556E-05,  -0.0565327
   7.956E-05,  -0.0569095
  7.9564E-05,  -0.0569095
  7.9568E-05,  -0.0565327
  7.9572E-05,  -0.0565327
  7.9576E-05,  -0.0565327
   7.958E-05,  -0.0565327
  7.9584E-05,  -0.0561558
  7.9588E-05,  -0.0561558
  7.9592E-05,  -0.0561558
  7.9596E-05,  -0.0561558
    7.96E-05,  -0.0557789
  7.9604E-05,  -0.0557789
  7.9608E-05,  -0.0557789
  7.9612E-05,  -0.0557789
  7.9616E-05,  -0.0557789
   7.962E-05,   -0.055402
  7.9624E-05,   -0.055402
  7.9628E-05,   -0.055402
  7.9632E-05,  -0.0550251
  7.9636E-05,   -0.055402
   7.964E-05,  -0.0546482
  7.9644E-05,  -0.0550251
  7.9648E-05,  -0.0550251
  7.9652E-05,  -0.0546482
  7.9656E-05,  -0.0546482
   7.966E-05,  -0.0546482
  7.9664E-05,  -0.0546482
  7.9668E-05,  -0.0546482
  7.9672E-05,  -0.0542714
  7.9676E-05,  -0.0542714
   7.968E-05,  -0.0542714
  7.9684E-05,  -0.0538945
  7.9688E-05,  -0.0538945
  7.9692E-05,  -0.0538945
  7.9696E-05,  -0.0538945
    7.97E-05,  -0.0535176
  7.9704E-05,  -0.0531407
  7.9708E-05,  -0.0531407
  7.9712E-05,  -0.0535176
  7.9716E-05,  -0.0531407
   7.972E-05,  -0.0531407
  7.9724E-05,  -0.0531407
  7.9728E-05,  -0.0527638
  7.9732E-05,  -0.0527638
  7.9736E-05,  -0.0523869
   7.974E-05,  -0.0527638
  7.9744E-05,  -0.0527638
  7.9748E-05,  -0.0523869
  7.9752E-05,  -0.0523869
  7.9756E-05,    -0.05201
   7.976E-05,    -0.05201
  7.9764E-05,    -0.05201
  7.9768E-05,  -0.0516332
  7.9772E-05,    -0.05201
  7.9776E-05,    -0.05201
   7.978E-05,  -0.0516332
  7.9784E-05,  -0.0516332
  7.9788E-05,  -0.0516332
  7.9792E-05,  -0.0516332
  7.9796E-05,  -0.0512563
    7.98E-05,  -0.0508794
  7.9804E-05,  -0.0512563
  7.9808E-05,  -0.0508794
  7.9812E-05,  -0.0505025
  7.9816E-05,  -0.0508794
   7.982E-05,  -0.0505025
  7.9824E-05,  -0.0505025
  7.9828E-05,  -0.0505025
  7.9832E-05,  -0.0501256
  7.9836E-05,  -0.0501256
   7.984E-05,  -0.0501256
  7.9844E-05,  -0.0501256
  7.9848E-05,  -0.0497487
  7.9852E-05,  -0.0497487
  7.9856E-05,  -0.0497487
   7.986E-05,  -0.0497487
  7.9864E-05,  -0.0497487
  7.9868E-05,  -0.0497487
  7.9872E-05,  -0.0497487
  7.9876E-05,  -0.0497487
   7.988E-05,  -0.0493719
  7.9884E-05,  -0.0493719
  7.9888E-05,  -0.0493719
  7.9892E-05,  -0.0493719
  7.9896E-05,   -0.048995
    7.99E-05,   -0.048995
  7.9904E-05,   -0.048995
  7.9908E-05,   -0.048995
  7.9912E-05,  -0.0486181
  7.9916E-05,  -0.0486181
   7.992E-05,   -0.048995
  7.9924E-05,  -0.0486181
  7.9928E-05,  -0.0486181
  7.9932E-05,  -0.0482412
  7.9936E-05,  -0.0482412
   7.994E-05,  -0.0482412
  7.9944E-05,  -0.0482412
  7.9948E-05,  -0.0482412
  7.9952E-05,  -0.0478643
  7.9956E-05,  -0.0482412
   7.996E-05,  -0.0478643
  7.9964E-05,  -0.0478643
  7.9968E-05,  -0.0478643
  7.9972E-05,  -0.0478643
  7.9976E-05,  -0.0478643
   7.998E-05,  -0.0474874
  7.9984E-05,  -0.0474874
  7.9988E-05,  -0.0474874
  7.9992E-05,  -0.0471106
  7.9996E-05,  -0.0459799
       8E-05,  -0.0448492
  8.0004E-05,  -0.0452261
  8.0008E-05,  -0.0467337
  8.0012E-05,  -0.0440955
  8.0016E-05,  -0.0440955
   8.002E-05,  -0.0497487
  8.0024E-05,  -0.0535176
  8.0028E-05,   -0.048995
  8.0032E-05,  -0.0501256
  8.0036E-05,  -0.0535176
   8.004E-05,  -0.0497487
  8.0044E-05,  -0.0407035
  8.0048E-05,  -0.0440955
  8.0052E-05,  -0.0478643
  8.0056E-05,  -0.0425879
   8.006E-05,  -0.0418342
  8.0064E-05,   -0.048995
  8.0068E-05,  -0.0505025
  8.0072E-05,  -0.0452261
  8.0076E-05,  -0.0474874
   8.008E-05,  -0.0516332
  8.0084E-05,  -0.0463568
  8.0088E-05,  -0.0422111
  8.0092E-05,  -0.0459799
  8.0096E-05,  -0.0467337
    8.01E-05,  -0.0425879
  8.0104E-05,  -0.0440955
  8.0108E-05,  -0.0478643
  8.0112E-05,  -0.0463568
  8.0116E-05,  -0.0440955
   8.012E-05,  -0.0471106
  8.0124E-05,   -0.048995
  8.0128E-05,  -0.0463568
  8.0132E-05,  -0.0452261
  8.0136E-05,  -0.0467337
   8.014E-05,  -0.0467337
  8.0144E-05,  -0.0448492
  8.0148E-05,  -0.0444724
  8.0152E-05,  -0.0467337
  8.0156E-05,  -0.0467337
   8.016E-05,  -0.0448492
  8.0164E-05,  -0.0448492
  8.0168E-05,  -0.0463568
  8.0172E-05,  -0.0459799
  8.0176E-05,  -0.0448492
   8.018E-05,   -0.045603
  8.0184E-05,  -0.0463568
  8.0188E-05,  -0.0448492
  8.0192E-05,  -0.0437186
  8.0196E-05,  -0.0448492
    8.02E-05,   -0.045603
  8.0204E-05,  -0.0448492
  8.0208E-05,  -0.0448492
  8.0212E-05,  -0.0459799
  8.0216E-05,  -0.0459799
   8.022E-05,  -0.0452261
  8.0224E-05,  -0.0448492
  8.0228E-05,   -0.045603
  8.0232E-05,  -0.0452261
  8.0236E-05,  -0.0440955
   8.024E-05,  -0.0437186
  8.0244E-05,  -0.0444724
  8.0248E-05,  -0.0440955
  8.0252E-05,  -0.0440955
  8.0256E-05,  -0.0448492
   8.026E-05,   -0.045603
  8.0264E-05,  -0.0444724
  8.0268E-05,  -0.0437186
  8.0272E-05,  -0.0448492
  8.0276E-05,  -0.0444724
   8.028E-05,  -0.0440955
  8.0284E-05,  -0.0437186
  8.0288E-05,  -0.0444724
  8.0292E-05,  -0.0440955
  8.0296E-05,  -0.0429648
    8.03E-05,  -0.0437186
  8.0304E-05,  -0.0440955
  8.0308E-05,  -0.0437186
  8.0312E-05,  -0.0433417
  8.0316E-05,  -0.0437186
   8.032E-05,  -0.0437186
  8.0324E-05,  -0.0433417
  8.0328E-05,  -0.0429648
  8.0332E-05,  -0.0433417
  8.0336E-05,  -0.0433417
   8.034E-05,  -0.0429648
  8.0344E-05,  -0.0429648
  8.0348E-05,  -0.0429648
  8.0352E-05,  -0.0429648
  8.0356E-05,  -0.0425879
   8.036E-05,  -0.0425879
  8.0364E-05,  -0.0425879
  8.0368E-05,  -0.0422111
  8.0372E-05,  -0.0422111
  8.0376E-05,  -0.0425879
   8.038E-05,  -0.0425879
  8.0384E-05,  -0.0425879
  8.0388E-05,  -0.0425879
  8.0392E-05,  -0.0425879
  8.0396E-05,  -0.0422111
    8.04E-05,  -0.0418342
  8.0404E-05,  -0.0418342
  8.0408E-05,  -0.0418342
  8.0412E-05,  -0.0418342
  8.0416E-05,  -0.0414573
   8.042E-05,  -0.0418342
  8.0424E-05,  -0.0418342
  8.0428E-05,  -0.0418342
  8.0432E-05,  -0.0418342
  8.0436E-05,  -0.0418342
   8.044E-05,  -0.0418342
  8.0444E-05,  -0.0414573
  8.0448E-05,  -0.0410804
  8.0452E-05,  -0.0414573
  8.0456E-05,  -0.0414573
   8.046E-05,  -0.0410804
  8.0464E-05,  -0.0407035
  8.0468E-05,  -0.0410804
  8.0472E-05,  -0.0410804
  8.0476E-05,  -0.0403266
   8.048E-05,  -0.0407035
  8.0484E-05,  -0.0410804
  8.0488E-05,  -0.0407035
  8.0492E-05,  -0.0407035
  8.0496E-05,  -0.0407035
    8.05E-05,  -0.0407035
  8.0504E-05,  -0.0407035
  8.0508E-05,  -0.0403266
  8.0512E-05,  -0.0407035
  8.0516E-05,  -0.0403266
   8.052E-05,  -0.0403266
  8.0524E-05,  -0.0399497
  8.0528E-05,  -0.0399497
  8.0532E-05,  -0.0399497
  8.0536E-05,  -0.0399497
   8.054E-05,  -0.0399497
  8.0544E-05,  -0.0399497
  8.0548E-05,  -0.0399497
  8.0552E-05,  -0.0395729
  8.0556E-05,  -0.0399497
   8.056E-05,  -0.0399497
  8.0564E-05,  -0.0399497
  8.0568E-05,  -0.0395729
  8.0572E-05,   -0.039196
  8.0576E-05,  -0.0395729
   8.058E-05,   -0.039196
  8.0584E-05,   -0.039196
  8.0588E-05,   -0.039196
  8.0592E-05,   -0.039196
  8.0596E-05,  -0.0388191
    8.06E-05,  -0.0388191
  8.0604E-05,  -0.0388191
  8.0608E-05,  -0.0388191
  8.0612E-05,   -0.039196
  8.0616E-05,  -0.0388191
   8.062E-05,  -0.0388191
  8.0624E-05,  -0.0384422
  8.0628E-05,  -0.0388191
  8.0632E-05,  -0.0388191
  8.0636E-05,  -0.0384422
   8.064E-05,  -0.0384422
  8.0644E-05,  -0.0384422
  8.0648E-05,  -0.0380653
  8.0652E-05,  -0.0380653
  8.0656E-05,  -0.0380653
   8.066E-05,  -0.0380653
  8.0664E-05,  -0.0380653
  8.0668E-05,  -0.0376884
  8.0672E-05,  -0.0376884
  8.0676E-05,  -0.0376884
   8.068E-05,  -0.0373116
  8.0684E-05,  -0.0376884
  8.0688E-05,  -0.0376884
  8.0692E-05,  -0.0376884
  8.0696E-05,  -0.0373116
    8.07E-05,  -0.0373116
  8.0704E-05,  -0.0373116
  8.0708E-05,  -0.0369347
  8.0712E-05,  -0.0373116
  8.0716E-05,  -0.0373116
   8.072E-05,  -0.0369347
  8.0724E-05,  -0.0369347
  8.0728E-05,  -0.0369347
  8.0732E-05,  -0.0369347
  8.0736E-05,  -0.0369347
   8.074E-05,  -0.0365578
  8.0744E-05,  -0.0369347
  8.0748E-05,  -0.0365578
  8.0752E-05,  -0.0365578
  8.0756E-05,  -0.0365578
   8.076E-05,  -0.0365578
  8.0764E-05,  -0.0365578
  8.0768E-05,  -0.0361809
  8.0772E-05,  -0.0361809
  8.0776E-05,  -0.0361809
   8.078E-05,   -0.035804
  8.0784E-05,  -0.0361809
  8.0788E-05,  -0.0361809
  8.0792E-05,  -0.0361809
  8.0796E-05,   -0.035804
    8.08E-05,   -0.035804
  8.0804E-05,   -0.035804
  8.0808E-05,  -0.0354271
  8.0812E-05,  -0.0354271
  8.0816E-05,   -0.035804
   8.082E-05,  -0.0354271
  8.0824E-05,  -0.0354271
  8.0828E-05,  -0.0354271
  8.0832E-05,  -0.0354271
  8.0836E-05,  -0.0354271
   8.084E-05,  -0.0354271
  8.0844E-05,  -0.0354271
  8.0848E-05,  -0.0354271
  8.0852E-05,  -0.0354271
  8.0856E-05,  -0.0350503
   8.086E-05,  -0.0350503
  8.0864E-05,  -0.0350503
  8.0868E-05,  -0.0346734
  8.0872E-05,  -0.0350503
  8.0876E-05,  -0.0350503
   8.088E-05,  -0.0346734
  8.0884E-05,  -0.0346734
  8.0888E-05,  -0.0346734
  8.0892E-05,  -0.0350503
  8.0896E-05,  -0.0346734
    8.09E-05,  -0.0346734
  8.0904E-05,  -0.0342965
  8.0908E-05,  -0.0342965
  8.0912E-05,  -0.0342965
  8.0916E-05,  -0.0342965
   8.092E-05,  -0.0342965
  8.0924E-05,  -0.0342965
  8.0928E-05,  -0.0342965
  8.0932E-05,  -0.0339196
  8.0936E-05,  -0.0339196
   8.094E-05,  -0.0339196
  8.0944E-05,  -0.0339196
  8.0948E-05,  -0.0339196
  8.0952E-05,  -0.0335427
  8.0956E-05,  -0.0335427
   8.096E-05,  -0.0335427
  8.0964E-05,  -0.0339196
  8.0968E-05,  -0.0335427
  8.0972E-05,  -0.0335427
  8.0976E-05,  -0.0335427
   8.098E-05,  -0.0335427
  8.0984E-05,  -0.0331658
  8.0988E-05,  -0.0331658
  8.0992E-05,  -0.0331658
  8.0996E-05,  -0.0331658
     8.1E-05,  -0.0331658
  8.1004E-05,  -0.0331658
  8.1008E-05,  -0.0331658
  8.1012E-05,  -0.0331658
  8.1016E-05,  -0.0331658
   8.102E-05,  -0.0327889
  8.1024E-05,  -0.0327889
  8.1028E-05,  -0.0327889
  8.1032E-05,  -0.0327889
  8.1036E-05,  -0.0327889
   8.104E-05,  -0.0324121
  8.1044E-05,  -0.0324121
  8.1048E-05,  -0.0327889
  8.1052E-05,  -0.0327889
  8.1056E-05,  -0.0324121
   8.106E-05,  -0.0324121
  8.1064E-05,  -0.0324121
  8.1068E-05,  -0.0324121
  8.1072E-05,  -0.0324121
  8.1076E-05,  -0.0324121
   8.108E-05,  -0.0324121
  8.1084E-05,  -0.0320352
  8.1088E-05,  -0.0320352
  8.1092E-05,  -0.0324121
  8.1096E-05,  -0.0320352
    8.11E-05,  -0.0316583
  8.1104E-05,  -0.0316583
  8.1108E-05,  -0.0316583
  8.1112E-05,  -0.0312814
  8.1116E-05,  -0.0316583
   8.112E-05,  -0.0316583
  8.1124E-05,  -0.0316583
  8.1128E-05,  -0.0316583
  8.1132E-05,  -0.0312814
  8.1136E-05,  -0.0316583
   8.114E-05,  -0.0312814
  8.1144E-05,  -0.0312814
  8.1148E-05,  -0.0312814
  8.1152E-05,  -0.0309045
  8.1156E-05,  -0.0312814
   8.116E-05,  -0.0312814
  8.1164E-05,  -0.0312814
  8.1168E-05,  -0.0312814
  8.1172E-05,  -0.0309045
  8.1176E-05,  -0.0309045
   8.118E-05,  -0.0309045
  8.1184E-05,  -0.0305276
  8.1188E-05,  -0.0305276
  8.1192E-05,  -0.0305276
  8.1196E-05,  -0.0305276
    8.12E-05,  -0.0305276
  8.1204E-05,  -0.0301508
  8.1208E-05,  -0.0305276
  8.1212E-05,  -0.0305276
  8.1216E-05,  -0.0301508
   8.122E-05,  -0.0301508
  8.1224E-05,  -0.0301508
  8.1228E-05,  -0.0297739
  8.1232E-05,  -0.0297739
  8.1236E-05,  -0.0297739
   8.124E-05,  -0.0297739
  8.1244E-05,   -0.029397
  8.1248E-05,   -0.029397
  8.1252E-05,   -0.029397
  8.1256E-05,   -0.029397
   8.126E-05,   -0.029397
  8.1264E-05,   -0.029397
  8.1268E-05,  -0.0290201
  8.1272E-05,   -0.029397
  8.1276E-05,  -0.0290201
   8.128E-05,  -0.0286432
  8.1284E-05,  -0.0290201
  8.1288E-05,  -0.0286432
  8.1292E-05,  -0.0286432
  8.1296E-05,  -0.0286432
    8.13E-05,  -0.0282663
  8.1304E-05,  -0.0286432
  8.1308E-05,  -0.0282663
  8.1312E-05,  -0.0282663
  8.1316E-05,  -0.0278894
   8.132E-05,  -0.0278894
  8.1324E-05,  -0.0278894
  8.1328E-05,  -0.0278894
  8.1332E-05,  -0.0275126
  8.1336E-05,  -0.0275126
   8.134E-05,  -0.0271357
  8.1344E-05,  -0.0271357
  8.1348E-05,  -0.0271357
  8.1352E-05,  -0.0267588
  8.1356E-05,  -0.0267588
   8.136E-05,  -0.0267588
  8.1364E-05,  -0.0267588
  8.1368E-05,  -0.0263819
  8.1372E-05,  -0.0263819
  8.1376E-05,   -0.026005
   8.138E-05,   -0.026005
  8.1384E-05,   -0.026005
  8.1388E-05,  -0.0256281
  8.1392E-05,  -0.0256281
  8.1396E-05,  -0.0256281
    8.14E-05,  -0.0252513
  8.1404E-05,  -0.0252513
  8.1408E-05,  -0.0252513
  8.1412E-05,  -0.0252513
  8.1416E-05,  -0.0244975
   8.142E-05,  -0.0248744
  8.1424E-05,  -0.0248744
  8.1428E-05,  -0.0244975
  8.1432E-05,  -0.0244975
  8.1436E-05,  -0.0241206
   8.144E-05,  -0.0241206
  8.1444E-05,  -0.0237437
  8.1448E-05,  -0.0233668
  8.1452E-05,  -0.0237437
  8.1456E-05,  -0.0233668
   8.146E-05,  -0.0229899
  8.1464E-05,  -0.0229899
  8.1468E-05,  -0.0226131
  8.1472E-05,  -0.0226131
  8.1476E-05,  -0.0226131
   8.148E-05,  -0.0222362
  8.1484E-05,  -0.0222362
  8.1488E-05,  -0.0218593
  8.1492E-05,  -0.0222362
  8.1496E-05,  -0.0218593
    8.15E-05,  -0.0214824
  8.1504E-05,  -0.0214824
  8.1508E-05,  -0.0211055
  8.1512E-05,  -0.0207286
  8.1516E-05,  -0.0207286
   8.152E-05,  -0.0207286
  8.1524E-05,  -0.0203518
  8.1528E-05,  -0.0199749
  8.1532E-05,  -0.0199749
  8.1536E-05,  -0.0199749
   8.154E-05,  -0.0199749
  8.1544E-05,  -0.0192211
  8.1548E-05,   -0.019598
  8.1552E-05,  -0.0192211
  8.1556E-05,  -0.0192211
   8.156E-05,  -0.0188442
  8.1564E-05,  -0.0188442
  8.1568E-05,  -0.0184673
  8.1572E-05,  -0.0180905
  8.1576E-05,  -0.0180905
   8.158E-05,  -0.0180905
  8.1584E-05,  -0.0177136
  8.1588E-05,  -0.0177136
  8.1592E-05,  -0.0177136
  8.1596E-05,  -0.0173367
    8.16E-05,  -0.0169598
  8.1604E-05,  -0.0169598
  8.1608E-05,  -0.0169598
  8.1612E-05,  -0.0165829
  8.1616E-05,   -0.016206
   8.162E-05,   -0.016206
  8.1624E-05,   -0.016206
  8.1628E-05,  -0.0158291
  8.1632E-05,  -0.0158291
  8.1636E-05,  -0.0154523
   8.164E-05,  -0.0154523
  8.1644E-05,  -0.0150754
  8.1648E-05,  -0.0146985
  8.1652E-05,  -0.0146985
  8.1656E-05,  -0.0146985
   8.166E-05,  -0.0139447
  8.1664E-05,  -0.0139447
  8.1668E-05,  -0.0139447
  8.1672E-05,  -0.0139447
  8.1676E-05,  -0.0135678
   8.168E-05,   -0.013191
  8.1684E-05,   -0.013191
  8.1688E-05,  -0.0128141
  8.1692E-05,  -0.0128141
  8.1696E-05,  -0.0124372
    8.17E-05,  -0.0124372
  8.1704E-05,  -0.0120603
  8.1708E-05,  -0.0116834
  8.1712E-05,  -0.0116834
  8.1716E-05,  -0.0116834
   8.172E-05,  -0.0113065
  8.1724E-05,  -0.0109296
  8.1728E-05,  -0.0109296
  8.1732E-05,  -0.0105528
  8.1736E-05,  -0.0105528
   8.174E-05,  -0.0101759
  8.1744E-05,  -0.0101759
  8.1748E-05,  -0.0101759
  8.1752E-05,   -0.009799
  8.1756E-05, -0.00942211
   8.176E-05, -0.00904523
  8.1764E-05, -0.00904523
  8.1768E-05, -0.00904523
  8.1772E-05, -0.00866834
  8.1776E-05, -0.00829146
   8.178E-05, -0.00829146
  8.1784E-05, -0.00829146
  8.1788E-05, -0.00791457
  8.1792E-05, -0.00791457
  8.1796E-05, -0.00753769
    8.18E-05, -0.00753769
  8.1804E-05,  -0.0071608
  8.1808E-05, -0.00678392
  8.1812E-05, -0.00678392
  8.1816E-05, -0.00640704
   8.182E-05, -0.00603015
  8.1824E-05, -0.00603015
  8.1828E-05, -0.00565327
  8.1832E-05, -0.00565327
  8.1836E-05, -0.00527638
   8.184E-05, -0.00527638
  8.1844E-05, -0.00527638
  8.1848E-05, -0.00452261
  8.1852E-05, -0.00452261
  8.1856E-05, -0.00452261
   8.186E-05, -0.00414573
  8.1864E-05, -0.00376884
  8.1868E-05, -0.00376884
  8.1872E-05, -0.00376884
  8.1876E-05, -0.00339196
   8.188E-05, -0.00301508
  8.1884E-05, -0.00301508
  8.1888E-05, -0.00301508
  8.1892E-05, -0.00226131
  8.1896E-05, -0.00226131
    8.19E-05, -0.00226131
  8.1904E-05, -0.00188442
  8.1908E-05, -0.00150754
  8.1912E-05, -0.00150754
  8.1916E-05, -0.00150754
   8.192E-05, -0.00113065
  8.1924E-05,-0.000753769
  8.1928E-05,-0.000753769
  8.1932E-05,-0.000376884
  8.1936E-05,-0.000376884
   8.194E-05,-0.000376884
  8.1944E-05,           0
  8.1948E-05, 0.000376884
  8.1952E-05, 0.000376884
  8.1956E-05, 0.000753769
   8.196E-05,  0.00113065
  8.1964E-05,  0.00113065
  8.1968E-05,  0.00113065
  8.1972E-05,  0.00150754
  8.1976E-05,  0.00188442
   8.198E-05,  0.00226131
  8.1984E-05,  0.00226131
  8.1988E-05,  0.00263819
  8.1992E-05,  0.00263819
  8.1996E-05,  0.00301508
